DAY,HR,5G,REGION,MARKET,MARKET_DESC,SITE,GNB,DL_GTP_Data_Volume_RN_MB,ENDC_Sessions_RN,Intra_CU_HO_Attempts_RN,Intra_CU_HO_Success_RN,Intra_CU_HO_Success_Rate_RN_%,Max_ENDC_Sessions_RN,SgNB_Modification_Attempts_RN,SgNB_Modification_Success_RN,SgNB_Modification_Success_Rate_RN_%,UL_GTP_Data_Volume_RN_MB,Attach_Success_rate_%_RN,Attach_Success_RN_Num,Attach_Success_RN_Den,Drop_rate_%_RN,Drop_RN_Num,Drop_RN_Den,DL_Tput_RN_Mbps,UL_Tput_RN_Mbps,UL_TTI_Util_Rate_%_RN,DL_TTI_Util_Rate_%_RN,DL_HARQ_Residual_BLER_%_RN,UL_HARQ_Residual_BLER_%_RN,Cell_Availability_RN,COR_NSA_Cell_Availability,COR_NSA_Cell_NumOf_ENDC_sessions,COR_NSA_Cell_X2AP_SgNBAddRqst,COR_NSA_Cell_DL_Avg_DUu_GTP_TPT,COR_NSA_Cell_DL_Avg_S1U_GTP_TPT,DL_GTP_Data_Volume_MB,ENDC_Sessions,Intra_CU_HO_Attempts,Intra_CU_HO_Success,Intra_CU_HO_Success_Rate_%,Max_ENDC_Sessions,SgNB_Modification_Attempts,SgNB_Modification_Success,SgNB_Modification_Success_Rate_%,UL_GTP_Data_Volume_MB,Drop_Den,Drop_Num,Drop_rate_%,Attach_Success_Den,Attach_Success_Num,Attach_Success_rate_%
09/27/2025,11,5GNR,Florida,143,Jacksonville,5GNB_NOJACKSONVILLE_VZ_STORE,1431253,374.46,75,22,22,100,21,43,43,100,37.59,100,145,145,0.69,1,144,83.03,15.35,1.43,0.64,1.11,0.16,100,100,75,145,3490.21,3479.6,4093.32,202,381,376,98.69,22,1986,1980,99.7,571.2,3851,61,1.58,3910,3896,99.64
09/27/2025,11,5GNR,Florida,143,Jacksonville,5GNB_ORANGEPARK_VZ_STORE,1431255,477.68,44,32,28,87.5,14,51,51,100,39.48,94.94,169,178,21.85,33,151,78.43,17.72,1.34,0.89,5.36,0.53,100,100,44,178,4452.26,4440.14,4093.32,202,381,376,98.69,22,1986,1980,99.7,571.2,3851,61,1.58,3910,3896,99.64
09/27/2025,11,5GNR,Florida,143,Jacksonville,5GNB_STJOHNJAX_VZ_STORE,1431257,1826.46,32,223,222,99.55,13,956,956,100,74.57,99.93,1520,1521,1.06,16,1512,131.41,19.51,2.27,2.02,2.14,0.09,100,100,32,1521,17023.88,16978.96,4093.32,202,381,376,98.69,22,1986,1980,99.7,571.2,3851,61,1.58,3910,3896,99.64
09/27/2025,11,5GNR,Florida,143,Jacksonville,5GNB_ST_JOHNS_TOWN_CTR_APPLE,1431076,602.09,5,40,40,100,4,15,15,100,40.4,99.28,138,139,0.73,1,137,133.14,4.59,1.05,0.53,0.6,0.07,100,100,5,139,5611.91,5597.59,4093.32,202,381,376,98.69,22,1986,1980,99.7,571.2,3851,61,1.58,3910,3896,99.64
09/27/2025,11,5GNR,Florida,143,Jacksonville,5GNB_TALLAHASSEE_VZ_STORE,1431259,812.63,58,64,64,100,15,913,913,100,379.15,99.9,1925,1927,0.52,10,1906,70.77,14.04,3.17,1.35,3.81,0.04,100,100,58,1927,7574.26,7552.43,4093.32,202,381,376,98.69,22,1986,1980,99.7,571.2,3851,61,1.58,3910,3896,99.64
09/27/2025,11,5GNR,Florida,143,Jacksonville,11_E_FORSYTH,1437221,0,0,0,0,NaN,0,0,0,NaN,0,NaN,0,0,NaN,0,0,NaN,NaN,NaN,NaN,NaN,NaN,NaN,NaN,0,0,0,0,4093.32,202,381,376,98.69,22,1986,1980,99.7,571.2,3851,61,1.58,3910,3896,99.64
09/27/2025,11,5GNR,Florida,143,Jacksonville,2023_GOVERNORS_INAUG_TEMP,1439900,0,0,0,0,NaN,0,0,0,NaN,0,NaN,0,0,NaN,0,0,NaN,NaN,NaN,NaN,NaN,NaN,NaN,NaN,0,0,0,0,4093.32,202,381,376,98.69,22,1986,1980,99.7,571.2,3851,61,1.58,3910,3896,99.64
09/27/2025,11,5GNR,Florida,143,Jacksonville,4G5G_11_E_FORSYTH,1439221,0,0,0,0,NaN,0,0,0,NaN,0,NaN,0,0,NaN,0,0,NaN,NaN,NaN,NaN,NaN,NaN,NaN,NaN,0,0,0,0,4093.32,202,381,376,98.69,22,1986,1980,99.7,571.2,3851,61,1.58,3910,3896,99.64
09/27/2025,11,5GNR,Florida,143,Jacksonville,4G5G_295_BEAVER,1437028,0,0,0,0,NaN,0,0,0,NaN,0,NaN,0,0,NaN,0,0,NaN,NaN,NaN,NaN,NaN,NaN,NaN,NaN,0,0,0,0,4093.32,202,381,376,98.69,22,1986,1980,99.7,571.2,3851,61,1.58,3910,3896,99.64
09/27/2025,11,5GNR,Florida,143,Jacksonville,4G5G_295_BEAVER,1439028,0,0,0,0,NaN,0,0,0,NaN,0,NaN,0,0,NaN,0,0,NaN,NaN,NaN,NaN,NaN,NaN,NaN,NaN,0,0,0,0,4093.32,202,381,376,98.69,22,1986,1980,99.7,571.2,3851,61,1.58,3910,3896,99.64
09/27/2025,11,5GNR,Florida,143,Jacksonville,4G5G_AIRPORT_INDUSTRIAL_PARK,1437396,0,0,0,0,NaN,0,0,0,NaN,0,NaN,0,0,NaN,0,0,NaN,NaN,NaN,NaN,NaN,NaN,NaN,NaN,0,0,0,0,4093.32,202,381,376,98.69,22,1986,1980,99.7,571.2,3851,61,1.58,3910,3896,99.64
09/27/2025,11,5GNR,Florida,143,Jacksonville,4G5G_AIRPORT_INDUSTRIAL_PARK,1439396,0,0,0,0,NaN,0,0,0,NaN,0,NaN,0,0,NaN,0,0,NaN,NaN,NaN,NaN,NaN,NaN,NaN,NaN,0,0,0,0,4093.32,202,381,376,98.69,22,1986,1980,99.7,571.2,3851,61,1.58,3910,3896,99.64
09/27/2025,11,5GNR,Florida,143,Jacksonville,4G5G_ALACHUA,1437648,0,0,0,0,NaN,0,0,0,NaN,0,NaN,0,0,NaN,0,0,NaN,NaN,NaN,NaN,NaN,NaN,NaN,NaN,0,0,0,0,4093.32,202,381,376,98.69,22,1986,1980,99.7,571.2,3851,61,1.58,3910,3896,99.64
09/27/2025,11,5GNR,Florida,143,Jacksonville,4G5G_ALLEY_KATZ,1437657,0,0,0,0,NaN,0,0,0,NaN,0,NaN,0,0,NaN,0,0,NaN,NaN,NaN,NaN,NaN,NaN,NaN,NaN,0,0,0,0,4093.32,202,381,376,98.69,22,1986,1980,99.7,571.2,3851,61,1.58,3910,3896,99.64
09/27/2025,11,5GNR,Florida,143,Jacksonville,4G5G_ALLTEL_CORNER_DELI,1437285,0,0,0,0,NaN,0,0,0,NaN,0,NaN,0,0,NaN,0,0,NaN,NaN,NaN,NaN,NaN,NaN,NaN,NaN,0,0,0,0,4093.32,202,381,376,98.69,22,1986,1980,99.7,571.2,3851,61,1.58,3910,3896,99.64
09/27/2025,11,5GNR,Florida,143,Jacksonville,4G5G_ALLTEL_LAKEWOOD,1437078,0,0,0,0,NaN,0,0,0,NaN,0,NaN,0,0,NaN,0,0,NaN,NaN,NaN,NaN,NaN,NaN,NaN,NaN,0,0,0,0,4093.32,202,381,376,98.69,22,1986,1980,99.7,571.2,3851,61,1.58,3910,3896,99.64
09/27/2025,11,5GNR,Florida,143,Jacksonville,4G5G_ALLTEL_LAKEWOOD,1439078,0,0,0,0,NaN,0,0,0,NaN,0,NaN,0,0,NaN,0,0,NaN,NaN,NaN,NaN,NaN,NaN,NaN,NaN,0,0,0,0,4093.32,202,381,376,98.69,22,1986,1980,99.7,571.2,3851,61,1.58,3910,3896,99.64
09/27/2025,11,5GNR,Florida,143,Jacksonville,4G5G_AMBER_VALLEY,1437803,0,0,0,0,NaN,0,0,0,NaN,0,NaN,0,0,NaN,0,0,NaN,NaN,NaN,NaN,NaN,NaN,NaN,NaN,0,0,0,0,4093.32,202,381,376,98.69,22,1986,1980,99.7,571.2,3851,61,1.58,3910,3896,99.64
09/27/2025,11,5GNR,Florida,143,Jacksonville,4G5G_AMELIA_ISLAND,1437074,0,0,0,0,NaN,0,0,0,NaN,0,NaN,0,0,NaN,0,0,NaN,NaN,NaN,NaN,NaN,NaN,NaN,NaN,0,0,0,0,4093.32,202,381,376,98.69,22,1986,1980,99.7,571.2,3851,61,1.58,3910,3896,99.64
09/27/2025,11,5GNR,Florida,143,Jacksonville,4G5G_AMELIA_ISLAND,1439074,0,0,0,0,NaN,0,0,0,NaN,0,NaN,0,0,NaN,0,0,NaN,NaN,NaN,NaN,NaN,NaN,NaN,NaN,0,0,0,0,4093.32,202,381,376,98.69,22,1986,1980,99.7,571.2,3851,61,1.58,3910,3896,99.64
09/27/2025,11,5GNR,Florida,143,Jacksonville,4G5G_AME_CHURCH_OF_MANDARIN_II,1437393,0,0,0,0,NaN,0,0,0,NaN,0,NaN,0,0,NaN,0,0,NaN,NaN,NaN,NaN,NaN,NaN,NaN,NaN,0,0,0,0,4093.32,202,381,376,98.69,22,1986,1980,99.7,571.2,3851,61,1.58,3910,3896,99.64
09/27/2025,11,5GNR,Florida,143,Jacksonville,4G5G_ANASTASIA_BLVD_2,1437047,0,0,0,0,NaN,0,0,0,NaN,0,NaN,0,0,NaN,0,0,NaN,NaN,NaN,NaN,NaN,NaN,NaN,NaN,0,0,0,0,4093.32,202,381,376,98.69,22,1986,1980,99.7,571.2,3851,61,1.58,3910,3896,99.64
09/27/2025,11,5GNR,Florida,143,Jacksonville,4G5G_ARCHER_SHOPPING_SC2,1437738,0,0,0,0,NaN,0,0,0,NaN,0,NaN,0,0,NaN,0,0,NaN,NaN,NaN,NaN,NaN,NaN,NaN,NaN,0,0,0,0,4093.32,202,381,376,98.69,22,1986,1980,99.7,571.2,3851,61,1.58,3910,3896,99.64
09/27/2025,11,5GNR,Florida,143,Jacksonville,4G5G_ARCHER_SHOPPING_SC4,1437702,0,0,0,0,NaN,0,0,0,NaN,0,NaN,0,0,NaN,0,0,NaN,NaN,NaN,NaN,NaN,NaN,NaN,NaN,0,0,0,0,4093.32,202,381,376,98.69,22,1986,1980,99.7,571.2,3851,61,1.58,3910,3896,99.64
09/27/2025,11,5GNR,Florida,143,Jacksonville,4G5G_ARCHER_SHOPPING_SC5,1437739,0,0,0,0,NaN,0,0,0,NaN,0,NaN,0,0,NaN,0,0,NaN,NaN,NaN,NaN,NaN,NaN,NaN,NaN,0,0,0,0,4093.32,202,381,376,98.69,22,1986,1980,99.7,571.2,3851,61,1.58,3910,3896,99.64
09/27/2025,11,5GNR,Florida,143,Jacksonville,4G5G_ARCHER_SHOPPING_SC6,1437740,0,0,0,0,NaN,0,0,0,NaN,0,NaN,0,0,NaN,0,0,NaN,NaN,NaN,NaN,NaN,NaN,NaN,NaN,0,0,0,0,4093.32,202,381,376,98.69,22,1986,1980,99.7,571.2,3851,61,1.58,3910,3896,99.64
09/27/2025,11,5GNR,Florida,143,Jacksonville,4G5G_ARGOS_CEMENT_EAST,1437460,0,0,0,0,NaN,0,0,0,NaN,0,NaN,0,0,NaN,0,0,NaN,NaN,NaN,NaN,NaN,NaN,NaN,NaN,0,0,0,0,4093.32,202,381,376,98.69,22,1986,1980,99.7,571.2,3851,61,1.58,3910,3896,99.64
09/27/2025,11,5GNR,Florida,143,Jacksonville,4G5G_ARLINGTON_EXPRESSWAY,1437716,0,0,0,0,NaN,0,0,0,NaN,0,NaN,0,0,NaN,0,0,NaN,NaN,NaN,NaN,NaN,NaN,NaN,NaN,0,0,0,0,4093.32,202,381,376,98.69,22,1986,1980,99.7,571.2,3851,61,1.58,3910,3896,99.64
09/27/2025,11,5GNR,Florida,143,Jacksonville,4G5G_ARRENDONDO_GAINESVILLE,1437639,0,0,0,0,NaN,0,0,0,NaN,0,NaN,0,0,NaN,0,0,NaN,NaN,NaN,NaN,NaN,NaN,NaN,NaN,0,0,0,0,4093.32,202,381,376,98.69,22,1986,1980,99.7,571.2,3851,61,1.58,3910,3896,99.64
09/27/2025,11,5GNR,Florida,143,Jacksonville,4G5G_ATC_103RD_ST,1437090,0,0,0,0,NaN,0,0,0,NaN,0,NaN,0,0,NaN,0,0,NaN,NaN,NaN,NaN,NaN,NaN,NaN,NaN,0,0,0,0,4093.32,202,381,376,98.69,22,1986,1980,99.7,571.2,3851,61,1.58,3910,3896,99.64
09/27/2025,11,5GNR,Florida,143,Jacksonville,4G5G_ATC_103RD_ST,1439090,0,0,0,0,NaN,0,0,0,NaN,0,NaN,0,0,NaN,0,0,NaN,NaN,NaN,NaN,NaN,NaN,NaN,NaN,0,0,0,0,4093.32,202,381,376,98.69,22,1986,1980,99.7,571.2,3851,61,1.58,3910,3896,99.64
09/27/2025,11,5GNR,Florida,143,Jacksonville,4G5G_ATC_CAMP_BLANDING,1437577,0,0,0,0,NaN,0,0,0,NaN,0,NaN,0,0,NaN,0,0,NaN,NaN,NaN,NaN,NaN,NaN,NaN,NaN,0,0,0,0,4093.32,202,381,376,98.69,22,1986,1980,99.7,571.2,3851,61,1.58,3910,3896,99.64
09/27/2025,11,5GNR,Florida,143,Jacksonville,4G5G_ATC_CAMP_BLANDING,1439577,0,0,0,0,NaN,0,0,0,NaN,0,NaN,0,0,NaN,0,0,NaN,NaN,NaN,NaN,NaN,NaN,NaN,NaN,0,0,0,0,4093.32,202,381,376,98.69,22,1986,1980,99.7,571.2,3851,61,1.58,3910,3896,99.64
09/27/2025,11,5GNR,Florida,143,Jacksonville,4G5G_ATC_CIMMARON,1437108,0,0,0,0,NaN,0,0,0,NaN,0,NaN,0,0,NaN,0,0,NaN,NaN,NaN,NaN,NaN,NaN,NaN,NaN,0,0,0,0,4093.32,202,381,376,98.69,22,1986,1980,99.7,571.2,3851,61,1.58,3910,3896,99.64
09/27/2025,11,5GNR,Florida,143,Jacksonville,4G5G_ATC_COLUMBIA,1437625,0,0,0,0,NaN,0,0,0,NaN,0,NaN,0,0,NaN,0,0,NaN,NaN,NaN,NaN,NaN,NaN,NaN,NaN,0,0,0,0,4093.32,202,381,376,98.69,22,1986,1980,99.7,571.2,3851,61,1.58,3910,3896,99.64
09/27/2025,11,5GNR,Florida,143,Jacksonville,4G5G_ATC_DUPONT_CENTER,1437214,0,0,0,0,NaN,0,0,0,NaN,0,NaN,0,0,NaN,0,0,NaN,NaN,NaN,NaN,NaN,NaN,NaN,NaN,0,0,0,0,4093.32,202,381,376,98.69,22,1986,1980,99.7,571.2,3851,61,1.58,3910,3896,99.64
09/27/2025,11,5GNR,Florida,143,Jacksonville,4G5G_ATC_DUPONT_CENTER,1439214,0,0,0,0,NaN,0,0,0,NaN,0,NaN,0,0,NaN,0,0,NaN,NaN,NaN,NaN,NaN,NaN,NaN,NaN,0,0,0,0,4093.32,202,381,376,98.69,22,1986,1980,99.7,571.2,3851,61,1.58,3910,3896,99.64
09/27/2025,11,5GNR,Florida,143,Jacksonville,4G5G_ATC_FIVE_POINTS,1437617,0,0,0,0,NaN,0,0,0,NaN,0,NaN,0,0,NaN,0,0,NaN,NaN,NaN,NaN,NaN,NaN,NaN,NaN,0,0,0,0,4093.32,202,381,376,98.69,22,1986,1980,99.7,571.2,3851,61,1.58,3910,3896,99.64
09/27/2025,11,5GNR,Florida,143,Jacksonville,4G5G_ATC_GAINESVILLE_SOUTH,1437669,0,0,0,0,NaN,0,0,0,NaN,0,NaN,0,0,NaN,0,0,NaN,NaN,NaN,NaN,NaN,NaN,NaN,NaN,0,0,0,0,4093.32,202,381,376,98.69,22,1986,1980,99.7,571.2,3851,61,1.58,3910,3896,99.64
09/27/2025,11,5GNR,Florida,143,Jacksonville,4G5G_ATC_HILLIARD,1437531,0,0,0,0,NaN,0,0,0,NaN,0,NaN,0,0,NaN,0,0,NaN,NaN,NaN,NaN,NaN,NaN,NaN,NaN,0,0,0,0,4093.32,202,381,376,98.69,22,1986,1980,99.7,571.2,3851,61,1.58,3910,3896,99.64
09/27/2025,11,5GNR,Florida,143,Jacksonville,4G5G_ATC_INT_ST_AUGUSTINE,1437046,0,0,0,0,NaN,0,0,0,NaN,0,NaN,0,0,NaN,0,0,NaN,NaN,NaN,NaN,NaN,NaN,NaN,NaN,0,0,0,0,4093.32,202,381,376,98.69,22,1986,1980,99.7,571.2,3851,61,1.58,3910,3896,99.64
09/27/2025,11,5GNR,Florida,143,Jacksonville,4G5G_ATC_LAKE_JACKSON,1437804,0,0,0,0,NaN,0,0,0,NaN,0,NaN,0,0,NaN,0,0,NaN,NaN,NaN,NaN,NaN,NaN,NaN,NaN,0,0,0,0,4093.32,202,381,376,98.69,22,1986,1980,99.7,571.2,3851,61,1.58,3910,3896,99.64
09/27/2025,11,5GNR,Florida,143,Jacksonville,4G5G_ATC_LAKE_WIMICO,1437867,0,0,0,0,NaN,0,0,0,NaN,0,NaN,0,0,NaN,0,0,NaN,NaN,NaN,NaN,NaN,NaN,NaN,NaN,0,0,0,0,4093.32,202,381,376,98.69,22,1986,1980,99.7,571.2,3851,61,1.58,3910,3896,99.64
09/27/2025,11,5GNR,Florida,143,Jacksonville,4G5G_ATC_LAKE_WIMICO,1439867,0,0,0,0,NaN,0,0,0,NaN,0,NaN,0,0,NaN,0,0,NaN,NaN,NaN,NaN,NaN,NaN,NaN,NaN,0,0,0,0,4093.32,202,381,376,98.69,22,1986,1980,99.7,571.2,3851,61,1.58,3910,3896,99.64
09/27/2025,11,5GNR,Florida,143,Jacksonville,4G5G_ATC_LAMONT,1437779,0,0,0,0,NaN,0,0,0,NaN,0,NaN,0,0,NaN,0,0,NaN,NaN,NaN,NaN,NaN,NaN,NaN,NaN,0,0,0,0,4093.32,202,381,376,98.69,22,1986,1980,99.7,571.2,3851,61,1.58,3910,3896,99.64
09/27/2025,11,5GNR,Florida,143,Jacksonville,4G5G_ATC_MAYO,1437451,0,0,0,0,NaN,0,0,0,NaN,0,NaN,0,0,NaN,0,0,NaN,NaN,NaN,NaN,NaN,NaN,NaN,NaN,0,0,0,0,4093.32,202,381,376,98.69,22,1986,1980,99.7,571.2,3851,61,1.58,3910,3896,99.64
09/27/2025,11,5GNR,Florida,143,Jacksonville,4G5G_ATC_NORMANDY_WEST,1437101,0,0,0,0,NaN,0,0,0,NaN,0,NaN,0,0,NaN,0,0,NaN,NaN,NaN,NaN,NaN,NaN,NaN,NaN,0,0,0,0,4093.32,202,381,376,98.69,22,1986,1980,99.7,571.2,3851,61,1.58,3910,3896,99.64
09/27/2025,11,5GNR,Florida,143,Jacksonville,4G5G_ATC_NORMANDY_WEST,1439101,0,0,0,0,NaN,0,0,0,NaN,0,NaN,0,0,NaN,0,0,NaN,NaN,NaN,NaN,NaN,NaN,NaN,NaN,0,0,0,0,4093.32,202,381,376,98.69,22,1986,1980,99.7,571.2,3851,61,1.58,3910,3896,99.64
09/27/2025,11,5GNR,Florida,143,Jacksonville,4G5G_ATC_NUTAL_RISE,1437787,0,0,0,0,NaN,0,0,0,NaN,0,NaN,0,0,NaN,0,0,NaN,NaN,NaN,NaN,NaN,NaN,NaN,NaN,0,0,0,0,4093.32,202,381,376,98.69,22,1986,1980,99.7,571.2,3851,61,1.58,3910,3896,99.64
09/27/2025,11,5GNR,Florida,143,Jacksonville,4G5G_ATC_NUTAL_RISE,1439787,0,0,0,0,NaN,0,0,0,NaN,0,NaN,0,0,NaN,0,0,NaN,NaN,NaN,NaN,NaN,NaN,NaN,NaN,0,0,0,0,4093.32,202,381,376,98.69,22,1986,1980,99.7,571.2,3851,61,1.58,3910,3896,99.64
09/27/2025,11,5GNR,Florida,143,Jacksonville,4G5G_ATC_OPM_CSX,1437077,0,0,0,0,NaN,0,0,0,NaN,0,NaN,0,0,NaN,0,0,NaN,NaN,NaN,NaN,NaN,NaN,NaN,NaN,0,0,0,0,4093.32,202,381,376,98.69,22,1986,1980,99.7,571.2,3851,61,1.58,3910,3896,99.64
09/27/2025,11,5GNR,Florida,143,Jacksonville,4G5G_ATC_OPM_RIVERS_RV,1437076,0,0,0,0,NaN,0,0,0,NaN,0,NaN,0,0,NaN,0,0,NaN,NaN,NaN,NaN,NaN,NaN,NaN,NaN,0,0,0,0,4093.32,202,381,376,98.69,22,1986,1980,99.7,571.2,3851,61,1.58,3910,3896,99.64
09/27/2025,11,5GNR,Florida,143,Jacksonville,4G5G_ATC_PANACEA,1437859,0,0,0,0,NaN,0,0,0,NaN,0,NaN,0,0,NaN,0,0,NaN,NaN,NaN,NaN,NaN,NaN,NaN,NaN,0,0,0,0,4093.32,202,381,376,98.69,22,1986,1980,99.7,571.2,3851,61,1.58,3910,3896,99.64
09/27/2025,11,5GNR,Florida,143,Jacksonville,4G5G_ATC_PAT_THOMAS_PKWY,1437767,0,0,0,0,NaN,0,0,0,NaN,0,NaN,0,0,NaN,0,0,NaN,NaN,NaN,NaN,NaN,NaN,NaN,NaN,0,0,0,0,4093.32,202,381,376,98.69,22,1986,1980,99.7,571.2,3851,61,1.58,3910,3896,99.64
09/27/2025,11,5GNR,Florida,143,Jacksonville,4G5G_ATC_SOUTHSIDE_BLVD,1437276,0,0,0,0,NaN,0,0,0,NaN,0,NaN,0,0,NaN,0,0,NaN,NaN,NaN,NaN,NaN,NaN,NaN,NaN,0,0,0,0,4093.32,202,381,376,98.69,22,1986,1980,99.7,571.2,3851,61,1.58,3910,3896,99.64
09/27/2025,11,5GNR,Florida,143,Jacksonville,4G5G_ATC_SOUTHSIDE_ESTATES_GEARON,1437082,0,0,0,0,NaN,0,0,0,NaN,0,NaN,0,0,NaN,0,0,NaN,NaN,NaN,NaN,NaN,NaN,NaN,NaN,0,0,0,0,4093.32,202,381,376,98.69,22,1986,1980,99.7,571.2,3851,61,1.58,3910,3896,99.64
09/27/2025,11,5GNR,Florida,143,Jacksonville,4G5G_ATC_SPECTRASITE_CHAFFEE,1437106,0,0,0,0,NaN,0,0,0,NaN,0,NaN,0,0,NaN,0,0,NaN,NaN,NaN,NaN,NaN,NaN,NaN,NaN,0,0,0,0,4093.32,202,381,376,98.69,22,1986,1980,99.7,571.2,3851,61,1.58,3910,3896,99.64
09/27/2025,11,5GNR,Florida,143,Jacksonville,4G5G_ATC_ST_AUGUSTINE,1437523,0,0,0,0,NaN,0,0,0,NaN,0,NaN,0,0,NaN,0,0,NaN,NaN,NaN,NaN,NaN,NaN,NaN,NaN,0,0,0,0,4093.32,202,381,376,98.69,22,1986,1980,99.7,571.2,3851,61,1.58,3910,3896,99.64
09/27/2025,11,5GNR,Florida,143,Jacksonville,4G5G_ATC_SUNBEAM_RD,1437272,0,0,0,0,NaN,0,0,0,NaN,0,NaN,0,0,NaN,0,0,NaN,NaN,NaN,NaN,NaN,NaN,NaN,NaN,0,0,0,0,4093.32,202,381,376,98.69,22,1986,1980,99.7,571.2,3851,61,1.58,3910,3896,99.64
09/27/2025,11,5GNR,Florida,143,Jacksonville,4G5G_ATC_TALLYRAND,1437092,0,0,0,0,NaN,0,0,0,NaN,0,NaN,0,0,NaN,0,0,NaN,NaN,NaN,NaN,NaN,NaN,NaN,NaN,0,0,0,0,4093.32,202,381,376,98.69,22,1986,1980,99.7,571.2,3851,61,1.58,3910,3896,99.64
09/27/2025,11,5GNR,Florida,143,Jacksonville,4G5G_ATC_TRAXLER,1437643,0,0,0,0,NaN,0,0,0,NaN,0,NaN,0,0,NaN,0,0,NaN,NaN,NaN,NaN,NaN,NaN,NaN,NaN,0,0,0,0,4093.32,202,381,376,98.69,22,1986,1980,99.7,571.2,3851,61,1.58,3910,3896,99.64
09/27/2025,11,5GNR,Florida,143,Jacksonville,4G5G_ATC_WATERVIEW_RIDGE_WEST,1437521,0,0,0,0,NaN,0,0,0,NaN,0,NaN,0,0,NaN,0,0,NaN,NaN,NaN,NaN,NaN,NaN,NaN,NaN,0,0,0,0,4093.32,202,381,376,98.69,22,1986,1980,99.7,571.2,3851,61,1.58,3910,3896,99.64
09/27/2025,11,5GNR,Florida,143,Jacksonville,4G5G_ATC_WAUKEENAH,1437777,0,0,0,0,NaN,0,0,0,NaN,0,NaN,0,0,NaN,0,0,NaN,NaN,NaN,NaN,NaN,NaN,NaN,NaN,0,0,0,0,4093.32,202,381,376,98.69,22,1986,1980,99.7,571.2,3851,61,1.58,3910,3896,99.64
09/27/2025,11,5GNR,Florida,143,Jacksonville,4G5G_ATC_WESTLAKE,1437601,0,0,0,0,NaN,0,0,0,NaN,0,NaN,0,0,NaN,0,0,NaN,NaN,NaN,NaN,NaN,NaN,NaN,NaN,0,0,0,0,4093.32,202,381,376,98.69,22,1986,1980,99.7,571.2,3851,61,1.58,3910,3896,99.64
09/27/2025,11,5GNR,Florida,143,Jacksonville,4G5G_ATLANTIC_BLVD_JAX,1437988,0,0,0,0,NaN,0,0,0,NaN,0,NaN,0,0,NaN,0,0,NaN,NaN,NaN,NaN,NaN,NaN,NaN,NaN,0,0,0,0,4093.32,202,381,376,98.69,22,1986,1980,99.7,571.2,3851,61,1.58,3910,3896,99.64
09/27/2025,11,5GNR,Florida,143,Jacksonville,4G5G_ATT_EMPIRE_POINT,1437290,0,0,0,0,NaN,0,0,0,NaN,0,NaN,0,0,NaN,0,0,NaN,NaN,NaN,NaN,NaN,NaN,NaN,NaN,0,0,0,0,4093.32,202,381,376,98.69,22,1986,1980,99.7,571.2,3851,61,1.58,3910,3896,99.64
09/27/2025,11,5GNR,Florida,143,Jacksonville,4G5G_ATT_HILLCREST,1437679,0,0,0,0,NaN,0,0,0,NaN,0,NaN,0,0,NaN,0,0,NaN,NaN,NaN,NaN,NaN,NaN,NaN,NaN,0,0,0,0,4093.32,202,381,376,98.69,22,1986,1980,99.7,571.2,3851,61,1.58,3910,3896,99.64
09/27/2025,11,5GNR,Florida,143,Jacksonville,4G5G_ATT_MANDARIN_NORTH,1437280,0,0,0,0,NaN,0,0,0,NaN,0,NaN,0,0,NaN,0,0,NaN,NaN,NaN,NaN,NaN,NaN,NaN,NaN,0,0,0,0,4093.32,202,381,376,98.69,22,1986,1980,99.7,571.2,3851,61,1.58,3910,3896,99.64
09/27/2025,11,5GNR,Florida,143,Jacksonville,4G5G_ATT_MAXVILLE,1437252,0,0,0,0,NaN,0,0,0,NaN,0,NaN,0,0,NaN,0,0,NaN,NaN,NaN,NaN,NaN,NaN,NaN,NaN,0,0,0,0,4093.32,202,381,376,98.69,22,1986,1980,99.7,571.2,3851,61,1.58,3910,3896,99.64
09/27/2025,11,5GNR,Florida,143,Jacksonville,4G5G_ATT_TRAM_RD,1437877,0,0,0,0,NaN,0,0,0,NaN,0,NaN,0,0,NaN,0,0,NaN,NaN,NaN,NaN,NaN,NaN,NaN,NaN,0,0,0,0,4093.32,202,381,376,98.69,22,1986,1980,99.7,571.2,3851,61,1.58,3910,3896,99.64
09/27/2025,11,5GNR,Florida,143,Jacksonville,4G5G_AUCILLA,1437780,0,0,0,0,NaN,0,0,0,NaN,0,NaN,0,0,NaN,0,0,NaN,NaN,NaN,NaN,NaN,NaN,NaN,NaN,0,0,0,0,4093.32,202,381,376,98.69,22,1986,1980,99.7,571.2,3851,61,1.58,3910,3896,99.64
09/27/2025,11,5GNR,Florida,143,Jacksonville,4G5G_AUCILLA,1439780,0,0,0,0,NaN,0,0,0,NaN,0,NaN,0,0,NaN,0,0,NaN,NaN,NaN,NaN,NaN,NaN,NaN,NaN,0,0,0,0,4093.32,202,381,376,98.69,22,1986,1980,99.7,571.2,3851,61,1.58,3910,3896,99.64
09/27/2025,11,5GNR,Florida,143,Jacksonville,4G5G_AVENUES_PT_TOWERS,1437033,0,0,0,0,NaN,0,0,0,NaN,0,NaN,0,0,NaN,0,0,NaN,NaN,NaN,NaN,NaN,NaN,NaN,NaN,0,0,0,0,4093.32,202,381,376,98.69,22,1986,1980,99.7,571.2,3851,61,1.58,3910,3896,99.64
09/27/2025,11,5GNR,Florida,143,Jacksonville,4G5G_BAILEY_PLAZA,1437932,0,0,0,0,NaN,0,0,0,NaN,0,NaN,0,0,NaN,0,0,NaN,NaN,NaN,NaN,NaN,NaN,NaN,NaN,0,0,0,0,4093.32,202,381,376,98.69,22,1986,1980,99.7,571.2,3851,61,1.58,3910,3896,99.64
09/27/2025,11,5GNR,Florida,143,Jacksonville,4G5G_BARCELONA,1437841,0,0,0,0,NaN,0,0,0,NaN,0,NaN,0,0,NaN,0,0,NaN,NaN,NaN,NaN,NaN,NaN,NaN,NaN,0,0,0,0,4093.32,202,381,376,98.69,22,1986,1980,99.7,571.2,3851,61,1.58,3910,3896,99.64
09/27/2025,11,5GNR,Florida,143,Jacksonville,4G5G_BARNETT_BANK,1437008,0,0,0,0,NaN,0,0,0,NaN,0,NaN,0,0,NaN,0,0,NaN,NaN,NaN,NaN,NaN,NaN,NaN,NaN,0,0,0,0,4093.32,202,381,376,98.69,22,1986,1980,99.7,571.2,3851,61,1.58,3910,3896,99.64
09/27/2025,11,5GNR,Florida,143,Jacksonville,4G5G_BARNETT_BANK,1439008,0,0,0,0,NaN,0,0,0,NaN,0,NaN,0,0,NaN,0,0,NaN,NaN,NaN,NaN,NaN,NaN,NaN,NaN,0,0,0,0,4093.32,202,381,376,98.69,22,1986,1980,99.7,571.2,3851,61,1.58,3910,3896,99.64
09/27/2025,11,5GNR,Florida,143,Jacksonville,4G5G_BAYMEADOWS_007,1437723,0,0,0,0,NaN,0,0,0,NaN,0,NaN,0,0,NaN,0,0,NaN,NaN,NaN,NaN,NaN,NaN,NaN,NaN,0,0,0,0,4093.32,202,381,376,98.69,22,1986,1980,99.7,571.2,3851,61,1.58,3910,3896,99.64
09/27/2025,11,5GNR,Florida,143,Jacksonville,4G5G_BAYWOOD,1437694,0,0,0,0,NaN,0,0,0,NaN,0,NaN,0,0,NaN,0,0,NaN,NaN,NaN,NaN,NaN,NaN,NaN,NaN,0,0,0,0,4093.32,202,381,376,98.69,22,1986,1980,99.7,571.2,3851,61,1.58,3910,3896,99.64
09/27/2025,11,5GNR,Florida,143,Jacksonville,4G5G_BEACH_KERNAN,1437022,0,0,0,0,NaN,0,0,0,NaN,0,NaN,0,0,NaN,0,0,NaN,NaN,NaN,NaN,NaN,NaN,NaN,NaN,0,0,0,0,4093.32,202,381,376,98.69,22,1986,1980,99.7,571.2,3851,61,1.58,3910,3896,99.64
09/27/2025,11,5GNR,Florida,143,Jacksonville,4G5G_BEACH_UNIVERSITY,1437002,0,0,0,0,NaN,0,0,0,NaN,0,NaN,0,0,NaN,0,0,NaN,NaN,NaN,NaN,NaN,NaN,NaN,NaN,0,0,0,0,4093.32,202,381,376,98.69,22,1986,1980,99.7,571.2,3851,61,1.58,3910,3896,99.64
09/27/2025,11,5GNR,Florida,143,Jacksonville,4G5G_BEACON_CREWS,1437442,0,0,0,0,NaN,0,0,0,NaN,0,NaN,0,0,NaN,0,0,NaN,NaN,NaN,NaN,NaN,NaN,NaN,NaN,0,0,0,0,4093.32,202,381,376,98.69,22,1986,1980,99.7,571.2,3851,61,1.58,3910,3896,99.64
09/27/2025,11,5GNR,Florida,143,Jacksonville,4G5G_BELAIR,1437847,0,0,0,0,NaN,0,0,0,NaN,0,NaN,0,0,NaN,0,0,NaN,NaN,NaN,NaN,NaN,NaN,NaN,NaN,0,0,0,0,4093.32,202,381,376,98.69,22,1986,1980,99.7,571.2,3851,61,1.58,3910,3896,99.64
09/27/2025,11,5GNR,Florida,143,Jacksonville,4G5G_BIG_BEND_BETTON,1437830,0,0,0,0,NaN,0,0,0,NaN,0,NaN,0,0,NaN,0,0,NaN,NaN,NaN,NaN,NaN,NaN,NaN,NaN,0,0,0,0,4093.32,202,381,376,98.69,22,1986,1980,99.7,571.2,3851,61,1.58,3910,3896,99.64
09/27/2025,11,5GNR,Florida,143,Jacksonville,4G5G_BIG_BEND_COMM_AIRPORT,1437771,0,0,0,0,NaN,0,0,0,NaN,0,NaN,0,0,NaN,0,0,NaN,NaN,NaN,NaN,NaN,NaN,NaN,NaN,0,0,0,0,4093.32,202,381,376,98.69,22,1986,1980,99.7,571.2,3851,61,1.58,3910,3896,99.64
09/27/2025,11,5GNR,Florida,143,Jacksonville,4G5G_BIG_BEND_ENGLISH,1437843,0,0,0,0,NaN,0,0,0,NaN,0,NaN,0,0,NaN,0,0,NaN,NaN,NaN,NaN,NaN,NaN,NaN,NaN,0,0,0,0,4093.32,202,381,376,98.69,22,1986,1980,99.7,571.2,3851,61,1.58,3910,3896,99.64
09/27/2025,11,5GNR,Florida,143,Jacksonville,4G5G_BIG_BEND_GODBY,1437827,0,0,0,0,NaN,0,0,0,NaN,0,NaN,0,0,NaN,0,0,NaN,NaN,NaN,NaN,NaN,NaN,NaN,NaN,0,0,0,0,4093.32,202,381,376,98.69,22,1986,1980,99.7,571.2,3851,61,1.58,3910,3896,99.64
09/27/2025,11,5GNR,Florida,143,Jacksonville,4G5G_BIG_BEND_JONES_RELO,1437832,0,0,0,0,NaN,0,0,0,NaN,0,NaN,0,0,NaN,0,0,NaN,NaN,NaN,NaN,NaN,NaN,NaN,NaN,0,0,0,0,4093.32,202,381,376,98.69,22,1986,1980,99.7,571.2,3851,61,1.58,3910,3896,99.64
09/27/2025,11,5GNR,Florida,143,Jacksonville,4G5G_BIG_BEND_LANARK,1437862,0,0,0,0,NaN,0,0,0,NaN,0,NaN,0,0,NaN,0,0,NaN,NaN,NaN,NaN,NaN,NaN,NaN,NaN,0,0,0,0,4093.32,202,381,376,98.69,22,1986,1980,99.7,571.2,3851,61,1.58,3910,3896,99.64
09/27/2025,11,5GNR,Florida,143,Jacksonville,4G5G_BIG_BEND_LANARK,1439862,0,0,0,0,NaN,0,0,0,NaN,0,NaN,0,0,NaN,0,0,NaN,NaN,NaN,NaN,NaN,NaN,NaN,NaN,0,0,0,0,4093.32,202,381,376,98.69,22,1986,1980,99.7,571.2,3851,61,1.58,3910,3896,99.64
09/27/2025,11,5GNR,Florida,143,Jacksonville,4G5G_BIG_BEND_MUNSON,1437848,0,0,0,0,NaN,0,0,0,NaN,0,NaN,0,0,NaN,0,0,NaN,NaN,NaN,NaN,NaN,NaN,NaN,NaN,0,0,0,0,4093.32,202,381,376,98.69,22,1986,1980,99.7,571.2,3851,61,1.58,3910,3896,99.64
09/27/2025,11,5GNR,Florida,143,Jacksonville,4G5G_BIG_BEND_POLY_STEEL,1437768,0,0,0,0,NaN,0,0,0,NaN,0,NaN,0,0,NaN,0,0,NaN,NaN,NaN,NaN,NaN,NaN,NaN,NaN,0,0,0,0,4093.32,202,381,376,98.69,22,1986,1980,99.7,571.2,3851,61,1.58,3910,3896,99.64
09/27/2025,11,5GNR,Florida,143,Jacksonville,4G5G_BIG_BEND_POLY_STEEL,1439768,0,0,0,0,NaN,0,0,0,NaN,0,NaN,0,0,NaN,0,0,NaN,NaN,NaN,NaN,NaN,NaN,NaN,NaN,0,0,0,0,4093.32,202,381,376,98.69,22,1986,1980,99.7,571.2,3851,61,1.58,3910,3896,99.64
09/27/2025,11,5GNR,Florida,143,Jacksonville,4G5G_BIRLEY_AVE,1437190,0,0,0,0,NaN,0,0,0,NaN,0,NaN,0,0,NaN,0,0,NaN,NaN,NaN,NaN,NaN,NaN,NaN,NaN,0,0,0,0,4093.32,202,381,376,98.69,22,1986,1980,99.7,571.2,3851,61,1.58,3910,3896,99.64
09/27/2025,11,5GNR,Florida,143,Jacksonville,4G5G_BLACKROCK,1437075,0,0,0,0,NaN,0,0,0,NaN,0,NaN,0,0,NaN,0,0,NaN,NaN,NaN,NaN,NaN,NaN,NaN,NaN,0,0,0,0,4093.32,202,381,376,98.69,22,1986,1980,99.7,571.2,3851,61,1.58,3910,3896,99.64
09/27/2025,11,5GNR,Florida,143,Jacksonville,4G5G_BLAIRSTONE,1437840,0,0,0,0,NaN,0,0,0,NaN,0,NaN,0,0,NaN,0,0,NaN,NaN,NaN,NaN,NaN,NaN,NaN,NaN,0,0,0,0,4093.32,202,381,376,98.69,22,1986,1980,99.7,571.2,3851,61,1.58,3910,3896,99.64
09/27/2025,11,5GNR,Florida,143,Jacksonville,4G5G_BLAIR_RD_S,1437910,0,0,0,0,NaN,0,0,0,NaN,0,NaN,0,0,NaN,0,0,NaN,NaN,NaN,NaN,NaN,NaN,NaN,NaN,0,0,0,0,4093.32,202,381,376,98.69,22,1986,1980,99.7,571.2,3851,61,1.58,3910,3896,99.64
09/27/2025,11,5GNR,Florida,143,Jacksonville,4G5G_BLOXHAM,1437822,0,0,0,0,NaN,0,0,0,NaN,0,NaN,0,0,NaN,0,0,NaN,NaN,NaN,NaN,NaN,NaN,NaN,NaN,0,0,0,0,4093.32,202,381,376,98.69,22,1986,1980,99.7,571.2,3851,61,1.58,3910,3896,99.64
09/27/2025,11,5GNR,Florida,143,Jacksonville,4G5G_BOWDEN,1437826,0,0,0,0,NaN,0,0,0,NaN,0,NaN,0,0,NaN,0,0,NaN,NaN,NaN,NaN,NaN,NaN,NaN,NaN,0,0,0,0,4093.32,202,381,376,98.69,22,1986,1980,99.7,571.2,3851,61,1.58,3910,3896,99.64
09/27/2025,11,5GNR,Florida,143,Jacksonville,4G5G_BOWDEN_HUB_BB_1,1439892,0,0,0,0,NaN,0,0,0,NaN,0,NaN,0,0,NaN,0,0,NaN,NaN,NaN,NaN,NaN,NaN,NaN,NaN,0,0,0,0,4093.32,202,381,376,98.69,22,1986,1980,99.7,571.2,3851,61,1.58,3910,3896,99.64
09/27/2025,11,5GNR,Florida,143,Jacksonville,4G5G_BRANFORD,1437472,0,0,0,0,NaN,0,0,0,NaN,0,NaN,0,0,NaN,0,0,NaN,NaN,NaN,NaN,NaN,NaN,NaN,NaN,0,0,0,0,4093.32,202,381,376,98.69,22,1986,1980,99.7,571.2,3851,61,1.58,3910,3896,99.64
09/27/2025,11,5GNR,Florida,143,Jacksonville,4G5G_BRAUN_HWY_100,1437977,0,0,0,0,NaN,0,0,0,NaN,0,NaN,0,0,NaN,0,0,NaN,NaN,NaN,NaN,NaN,NaN,NaN,NaN,0,0,0,0,4093.32,202,381,376,98.69,22,1986,1980,99.7,571.2,3851,61,1.58,3910,3896,99.64
09/27/2025,11,5GNR,Florida,143,Jacksonville,4G5G_BRISTOL,1437772,0,0,0,0,NaN,0,0,0,NaN,0,NaN,0,0,NaN,0,0,NaN,NaN,NaN,NaN,NaN,NaN,NaN,NaN,0,0,0,0,4093.32,202,381,376,98.69,22,1986,1980,99.7,571.2,3851,61,1.58,3910,3896,99.64
09/27/2025,11,5GNR,Florida,143,Jacksonville,4G5G_BRISTOL_BB1,1437136,0,0,0,0,NaN,0,0,0,NaN,0,NaN,0,0,NaN,0,0,NaN,NaN,NaN,NaN,NaN,NaN,NaN,NaN,0,0,0,0,4093.32,202,381,376,98.69,22,1986,1980,99.7,571.2,3851,61,1.58,3910,3896,99.64
09/27/2025,11,5GNR,Florida,143,Jacksonville,4G5G_BUCHANAN_FARM,1437359,0,0,0,0,NaN,0,0,0,NaN,0,NaN,0,0,NaN,0,0,NaN,NaN,NaN,NaN,NaN,NaN,NaN,NaN,0,0,0,0,4093.32,202,381,376,98.69,22,1986,1980,99.7,571.2,3851,61,1.58,3910,3896,99.64
09/27/2025,11,5GNR,Florida,143,Jacksonville,4G5G_BUCKLAKE,1437818,0,0,0,0,NaN,0,0,0,NaN,0,NaN,0,0,NaN,0,0,NaN,NaN,NaN,NaN,NaN,NaN,NaN,NaN,0,0,0,0,4093.32,202,381,376,98.69,22,1986,1980,99.7,571.2,3851,61,1.58,3910,3896,99.64
09/27/2025,11,5GNR,Florida,143,Jacksonville,4G5G_BUCKLAKE,1439818,0,0,0,0,NaN,0,0,0,NaN,0,NaN,0,0,NaN,0,0,NaN,NaN,NaN,NaN,NaN,NaN,NaN,NaN,0,0,0,0,4093.32,202,381,376,98.69,22,1986,1980,99.7,571.2,3851,61,1.58,3910,3896,99.64
09/27/2025,11,5GNR,Florida,143,Jacksonville,4G5G_BUCKLAKE_EAST,1437479,0,0,0,0,NaN,0,0,0,NaN,0,NaN,0,0,NaN,0,0,NaN,NaN,NaN,NaN,NaN,NaN,NaN,NaN,0,0,0,0,4093.32,202,381,376,98.69,22,1986,1980,99.7,571.2,3851,61,1.58,3910,3896,99.64
09/27/2025,11,5GNR,Florida,143,Jacksonville,4G5G_BUFORD,1437816,0,0,0,0,NaN,0,0,0,NaN,0,NaN,0,0,NaN,0,0,NaN,NaN,NaN,NaN,NaN,NaN,NaN,NaN,0,0,0,0,4093.32,202,381,376,98.69,22,1986,1980,99.7,571.2,3851,61,1.58,3910,3896,99.64
09/27/2025,11,5GNR,Florida,143,Jacksonville,4G5G_BUSCH_LITE,1437040,0,0,0,0,NaN,0,0,0,NaN,0,NaN,0,0,NaN,0,0,NaN,NaN,NaN,NaN,NaN,NaN,NaN,NaN,0,0,0,0,4093.32,202,381,376,98.69,22,1986,1980,99.7,571.2,3851,61,1.58,3910,3896,99.64
09/27/2025,11,5GNR,Florida,143,Jacksonville,4G5G_BUTCH_BAIN,1437016,0,0,0,0,NaN,0,0,0,NaN,0,NaN,0,0,NaN,0,0,NaN,NaN,NaN,NaN,NaN,NaN,NaN,NaN,0,0,0,0,4093.32,202,381,376,98.69,22,1986,1980,99.7,571.2,3851,61,1.58,3910,3896,99.64
09/27/2025,11,5GNR,Florida,143,Jacksonville,4G5G_BUTCH_BAIN,1439016,0,0,0,0,NaN,0,0,0,NaN,0,NaN,0,0,NaN,0,0,NaN,NaN,NaN,NaN,NaN,NaN,NaN,NaN,0,0,0,0,4093.32,202,381,376,98.69,22,1986,1980,99.7,571.2,3851,61,1.58,3910,3896,99.64
09/27/2025,11,5GNR,Florida,143,Jacksonville,4G5G_BUTLER_PLAZA,1437658,0,0,0,0,NaN,0,0,0,NaN,0,NaN,0,0,NaN,0,0,NaN,NaN,NaN,NaN,NaN,NaN,NaN,NaN,0,0,0,0,4093.32,202,381,376,98.69,22,1986,1980,99.7,571.2,3851,61,1.58,3910,3896,99.64
09/27/2025,11,5GNR,Florida,143,Jacksonville,4G5G_BUTLER_W,1437193,0,0,0,0,NaN,0,0,0,NaN,0,NaN,0,0,NaN,0,0,NaN,NaN,NaN,NaN,NaN,NaN,NaN,NaN,0,0,0,0,4093.32,202,381,376,98.69,22,1986,1980,99.7,571.2,3851,61,1.58,3910,3896,99.64
09/27/2025,11,5GNR,Florida,143,Jacksonville,4G5G_BUTLER_W,1439160,0,0,0,0,NaN,0,0,0,NaN,0,NaN,0,0,NaN,0,0,NaN,NaN,NaN,NaN,NaN,NaN,NaN,NaN,0,0,0,0,4093.32,202,381,376,98.69,22,1986,1980,99.7,571.2,3851,61,1.58,3910,3896,99.64
09/27/2025,11,5GNR,Florida,143,Jacksonville,4G5G_CALLAHAN_SOUTH,1437473,0,0,0,0,NaN,0,0,0,NaN,0,NaN,0,0,NaN,0,0,NaN,NaN,NaN,NaN,NaN,NaN,NaN,NaN,0,0,0,0,4093.32,202,381,376,98.69,22,1986,1980,99.7,571.2,3851,61,1.58,3910,3896,99.64
09/27/2025,11,5GNR,Florida,143,Jacksonville,4G5G_CALLAHAN_SOUTH,1439473,0,0,0,0,NaN,0,0,0,NaN,0,NaN,0,0,NaN,0,0,NaN,NaN,NaN,NaN,NaN,NaN,NaN,NaN,0,0,0,0,4093.32,202,381,376,98.69,22,1986,1980,99.7,571.2,3851,61,1.58,3910,3896,99.64
09/27/2025,11,5GNR,Florida,143,Jacksonville,4G5G_CAMPVILLE,1437887,0,0,0,0,NaN,0,0,0,NaN,0,NaN,0,0,NaN,0,0,NaN,NaN,NaN,NaN,NaN,NaN,NaN,NaN,0,0,0,0,4093.32,202,381,376,98.69,22,1986,1980,99.7,571.2,3851,61,1.58,3910,3896,99.64
09/27/2025,11,5GNR,Florida,143,Jacksonville,4G5G_CAPITAL_PLAZA,1437835,0,0,0,0,NaN,0,0,0,NaN,0,NaN,0,0,NaN,0,0,NaN,NaN,NaN,NaN,NaN,NaN,NaN,NaN,0,0,0,0,4093.32,202,381,376,98.69,22,1986,1980,99.7,571.2,3851,61,1.58,3910,3896,99.64
09/27/2025,11,5GNR,Florida,143,Jacksonville,4G5G_CAPTAIN_BROWN,1437115,0,0,0,0,NaN,0,0,0,NaN,0,NaN,0,0,NaN,0,0,NaN,NaN,NaN,NaN,NaN,NaN,NaN,NaN,0,0,0,0,4093.32,202,381,376,98.69,22,1986,1980,99.7,571.2,3851,61,1.58,3910,3896,99.64
09/27/2025,11,5GNR,Florida,143,Jacksonville,4G5G_CAPTAIN_BROWN,1439115,0,0,0,0,NaN,0,0,0,NaN,0,NaN,0,0,NaN,0,0,NaN,NaN,NaN,NaN,NaN,NaN,NaN,NaN,0,0,0,0,4093.32,202,381,376,98.69,22,1986,1980,99.7,571.2,3851,61,1.58,3910,3896,99.64
09/27/2025,11,5GNR,Florida,143,Jacksonville,4G5G_CARDINAL_HEALTH_JAX,1437340,0,0,0,0,NaN,0,0,0,NaN,0,NaN,0,0,NaN,0,0,NaN,NaN,NaN,NaN,NaN,NaN,NaN,NaN,0,0,0,0,4093.32,202,381,376,98.69,22,1986,1980,99.7,571.2,3851,61,1.58,3910,3896,99.64
09/27/2025,11,5GNR,Florida,143,Jacksonville,4G5G_CCI_HILLCOAT,1437122,0,0,0,0,NaN,0,0,0,NaN,0,NaN,0,0,NaN,0,0,NaN,NaN,NaN,NaN,NaN,NaN,NaN,NaN,0,0,0,0,4093.32,202,381,376,98.69,22,1986,1980,99.7,571.2,3851,61,1.58,3910,3896,99.64
09/27/2025,11,5GNR,Florida,143,Jacksonville,4G5G_CCI_HILLCOAT,1439122,0,0,0,0,NaN,0,0,0,NaN,0,NaN,0,0,NaN,0,0,NaN,NaN,NaN,NaN,NaN,NaN,NaN,NaN,0,0,0,0,4093.32,202,381,376,98.69,22,1986,1980,99.7,571.2,3851,61,1.58,3910,3896,99.64
09/27/2025,11,5GNR,Florida,143,Jacksonville,4G5G_CC_ART_MUSEUM_JKV012,1437949,0,0,0,0,NaN,0,0,0,NaN,0,NaN,0,0,NaN,0,0,NaN,NaN,NaN,NaN,NaN,NaN,NaN,NaN,0,0,0,0,4093.32,202,381,376,98.69,22,1986,1980,99.7,571.2,3851,61,1.58,3910,3896,99.64
09/27/2025,11,5GNR,Florida,143,Jacksonville,4G5G_CC_ART_MUSEUM_JKV012,1439949,0,0,0,0,NaN,0,0,0,NaN,0,NaN,0,0,NaN,0,0,NaN,NaN,NaN,NaN,NaN,NaN,NaN,NaN,0,0,0,0,4093.32,202,381,376,98.69,22,1986,1980,99.7,571.2,3851,61,1.58,3910,3896,99.64
09/27/2025,11,5GNR,Florida,143,Jacksonville,4G5G_CC_BOSTWICK_2_JKV139,1437297,0,0,0,0,NaN,0,0,0,NaN,0,NaN,0,0,NaN,0,0,NaN,NaN,NaN,NaN,NaN,NaN,NaN,NaN,0,0,0,0,4093.32,202,381,376,98.69,22,1986,1980,99.7,571.2,3851,61,1.58,3910,3896,99.64
09/27/2025,11,5GNR,Florida,143,Jacksonville,4G5G_CC_BOSTWICK_2_JKV139,1439297,0,0,0,0,NaN,0,0,0,NaN,0,NaN,0,0,NaN,0,0,NaN,NaN,NaN,NaN,NaN,NaN,NaN,NaN,0,0,0,0,4093.32,202,381,376,98.69,22,1986,1980,99.7,571.2,3851,61,1.58,3910,3896,99.64
09/27/2025,11,5GNR,Florida,143,Jacksonville,4G5G_CC_CLARK_RD,1437992,0,0,0,0,NaN,0,0,0,NaN,0,NaN,0,0,NaN,0,0,NaN,NaN,NaN,NaN,NaN,NaN,NaN,NaN,0,0,0,0,4093.32,202,381,376,98.69,22,1986,1980,99.7,571.2,3851,61,1.58,3910,3896,99.64
09/27/2025,11,5GNR,Florida,143,Jacksonville,4G5G_CC_F1_HWY_263,1437901,0,0,0,0,NaN,0,0,0,NaN,0,NaN,0,0,NaN,0,0,NaN,NaN,NaN,NaN,NaN,NaN,NaN,NaN,0,0,0,0,4093.32,202,381,376,98.69,22,1986,1980,99.7,571.2,3851,61,1.58,3910,3896,99.64
09/27/2025,11,5GNR,Florida,143,Jacksonville,4G5G_CC_HARBINWOOD_J_FL_037_038,1437156,0,0,0,0,NaN,0,0,0,NaN,0,NaN,0,0,NaN,0,0,NaN,NaN,NaN,NaN,NaN,NaN,NaN,NaN,0,0,0,0,4093.32,202,381,376,98.69,22,1986,1980,99.7,571.2,3851,61,1.58,3910,3896,99.64
09/27/2025,11,5GNR,Florida,143,Jacksonville,4G5G_CC_LAKE_CITY_AIRPORT,1437331,0,0,0,0,NaN,0,0,0,NaN,0,NaN,0,0,NaN,0,0,NaN,NaN,NaN,NaN,NaN,NaN,NaN,NaN,0,0,0,0,4093.32,202,381,376,98.69,22,1986,1980,99.7,571.2,3851,61,1.58,3910,3896,99.64
09/27/2025,11,5GNR,Florida,143,Jacksonville,4G5G_CC_MILL_HAMMOCK,1437920,0,0,0,0,NaN,0,0,0,NaN,0,NaN,0,0,NaN,0,0,NaN,NaN,NaN,NaN,NaN,NaN,NaN,NaN,0,0,0,0,4093.32,202,381,376,98.69,22,1986,1980,99.7,571.2,3851,61,1.58,3910,3896,99.64
09/27/2025,11,5GNR,Florida,143,Jacksonville,4G5G_CC_MILL_HAMMOCK,1439920,0,0,0,0,NaN,0,0,0,NaN,0,NaN,0,0,NaN,0,0,NaN,NaN,NaN,NaN,NaN,NaN,NaN,NaN,0,0,0,0,4093.32,202,381,376,98.69,22,1986,1980,99.7,571.2,3851,61,1.58,3910,3896,99.64
09/27/2025,11,5GNR,Florida,143,Jacksonville,4G5G_CC_WINGATE,1437986,0,0,0,0,NaN,0,0,0,NaN,0,NaN,0,0,NaN,0,0,NaN,NaN,NaN,NaN,NaN,NaN,NaN,NaN,0,0,0,0,4093.32,202,381,376,98.69,22,1986,1980,99.7,571.2,3851,61,1.58,3910,3896,99.64
09/27/2025,11,5GNR,Florida,143,Jacksonville,4G5G_CC_WINGATE,1439986,0,0,0,0,NaN,0,0,0,NaN,0,NaN,0,0,NaN,0,0,NaN,NaN,NaN,NaN,NaN,NaN,NaN,NaN,0,0,0,0,4093.32,202,381,376,98.69,22,1986,1980,99.7,571.2,3851,61,1.58,3910,3896,99.64
09/27/2025,11,5GNR,Florida,143,Jacksonville,4G5G_CENTERVILLE,1437806,0,0,0,0,NaN,0,0,0,NaN,0,NaN,0,0,NaN,0,0,NaN,NaN,NaN,NaN,NaN,NaN,NaN,NaN,0,0,0,0,4093.32,202,381,376,98.69,22,1986,1980,99.7,571.2,3851,61,1.58,3910,3896,99.64
09/27/2025,11,5GNR,Florida,143,Jacksonville,4G5G_CERT_ENV_SER,1437097,0,0,0,0,NaN,0,0,0,NaN,0,NaN,0,0,NaN,0,0,NaN,NaN,NaN,NaN,NaN,NaN,NaN,NaN,0,0,0,0,4093.32,202,381,376,98.69,22,1986,1980,99.7,571.2,3851,61,1.58,3910,3896,99.64
09/27/2025,11,5GNR,Florida,143,Jacksonville,4G5G_CERT_ENV_SER,1439097,0,0,0,0,NaN,0,0,0,NaN,0,NaN,0,0,NaN,0,0,NaN,NaN,NaN,NaN,NaN,NaN,NaN,NaN,0,0,0,0,4093.32,202,381,376,98.69,22,1986,1980,99.7,571.2,3851,61,1.58,3910,3896,99.64
09/27/2025,11,5GNR,Florida,143,Jacksonville,4G5G_CFR_E_PGATOUR_PONTEVED_8934639,1438928,0,0,0,0,NaN,0,0,0,NaN,0,NaN,0,0,NaN,0,0,NaN,NaN,NaN,NaN,NaN,NaN,NaN,NaN,0,0,0,0,4093.32,202,381,376,98.69,22,1986,1980,99.7,571.2,3851,61,1.58,3910,3896,99.64
09/27/2025,11,5GNR,Florida,143,Jacksonville,4G5G_CHADWELL_207_I95,1437054,0,0,0,0,NaN,0,0,0,NaN,0,NaN,0,0,NaN,0,0,NaN,NaN,NaN,NaN,NaN,NaN,NaN,NaN,0,0,0,0,4093.32,202,381,376,98.69,22,1986,1980,99.7,571.2,3851,61,1.58,3910,3896,99.64
09/27/2025,11,5GNR,Florida,143,Jacksonville,4G5G_CHAFFEE_RD,1437486,0,0,0,0,NaN,0,0,0,NaN,0,NaN,0,0,NaN,0,0,NaN,NaN,NaN,NaN,NaN,NaN,NaN,NaN,0,0,0,0,4093.32,202,381,376,98.69,22,1986,1980,99.7,571.2,3851,61,1.58,3910,3896,99.64
09/27/2025,11,5GNR,Florida,143,Jacksonville,4G5G_CINGULAR_CRESCENT_CITY,1437503,0,0,0,0,NaN,0,0,0,NaN,0,NaN,0,0,NaN,0,0,NaN,NaN,NaN,NaN,NaN,NaN,NaN,NaN,0,0,0,0,4093.32,202,381,376,98.69,22,1986,1980,99.7,571.2,3851,61,1.58,3910,3896,99.64
09/27/2025,11,5GNR,Florida,143,Jacksonville,4G5G_CINGULAR_HAMPTON_GLEN,1437256,0,0,0,0,NaN,0,0,0,NaN,0,NaN,0,0,NaN,0,0,NaN,NaN,NaN,NaN,NaN,NaN,NaN,NaN,0,0,0,0,4093.32,202,381,376,98.69,22,1986,1980,99.7,571.2,3851,61,1.58,3910,3896,99.64
09/27/2025,11,5GNR,Florida,143,Jacksonville,4G5G_CINGULAR_JACKSONVILLE_AIRPORT,1437379,0,0,0,0,NaN,0,0,0,NaN,0,NaN,0,0,NaN,0,0,NaN,NaN,NaN,NaN,NaN,NaN,NaN,NaN,0,0,0,0,4093.32,202,381,376,98.69,22,1986,1980,99.7,571.2,3851,61,1.58,3910,3896,99.64
09/27/2025,11,5GNR,Florida,143,Jacksonville,4G5G_CINGULAR_PECAN_PARK,1437530,0,0,0,0,NaN,0,0,0,NaN,0,NaN,0,0,NaN,0,0,NaN,NaN,NaN,NaN,NaN,NaN,NaN,NaN,0,0,0,0,4093.32,202,381,376,98.69,22,1986,1980,99.7,571.2,3851,61,1.58,3910,3896,99.64
09/27/2025,11,5GNR,Florida,143,Jacksonville,4G5G_CLAY_ELECT_KEYSTONE_RELO,1437174,0,0,0,0,NaN,0,0,0,NaN,0,NaN,0,0,NaN,0,0,NaN,NaN,NaN,NaN,NaN,NaN,NaN,NaN,0,0,0,0,4093.32,202,381,376,98.69,22,1986,1980,99.7,571.2,3851,61,1.58,3910,3896,99.64
09/27/2025,11,5GNR,Florida,143,Jacksonville,4G5G_CLAY_ELECT_KEYSTONE_RELO,1439174,0,0,0,0,NaN,0,0,0,NaN,0,NaN,0,0,NaN,0,0,NaN,NaN,NaN,NaN,NaN,NaN,NaN,NaN,0,0,0,0,4093.32,202,381,376,98.69,22,1986,1980,99.7,571.2,3851,61,1.58,3910,3896,99.64
09/27/2025,11,5GNR,Florida,143,Jacksonville,4G5G_CLEARSHOT_NEWPORT_STATION,1437854,0,0,0,0,NaN,0,0,0,NaN,0,NaN,0,0,NaN,0,0,NaN,NaN,NaN,NaN,NaN,NaN,NaN,NaN,0,0,0,0,4093.32,202,381,376,98.69,22,1986,1980,99.7,571.2,3851,61,1.58,3910,3896,99.64
09/27/2025,11,5GNR,Florida,143,Jacksonville,4G5G_COLLINS_RD,1437905,0,0,0,0,NaN,0,0,0,NaN,0,NaN,0,0,NaN,0,0,NaN,NaN,NaN,NaN,NaN,NaN,NaN,NaN,0,0,0,0,4093.32,202,381,376,98.69,22,1986,1980,99.7,571.2,3851,61,1.58,3910,3896,99.64
09/27/2025,11,5GNR,Florida,143,Jacksonville,4G5G_COMMERCE,1437622,0,0,0,0,NaN,0,0,0,NaN,0,NaN,0,0,NaN,0,0,NaN,NaN,NaN,NaN,NaN,NaN,NaN,NaN,0,0,0,0,4093.32,202,381,376,98.69,22,1986,1980,99.7,571.2,3851,61,1.58,3910,3896,99.64
09/27/2025,11,5GNR,Florida,143,Jacksonville,4G5G_COMMERCIAL_DRIVE,1437828,0,0,0,0,NaN,0,0,0,NaN,0,NaN,0,0,NaN,0,0,NaN,NaN,NaN,NaN,NaN,NaN,NaN,NaN,0,0,0,0,4093.32,202,381,376,98.69,22,1986,1980,99.7,571.2,3851,61,1.58,3910,3896,99.64
09/27/2025,11,5GNR,Florida,143,Jacksonville,4G5G_CR218_PARISH,1437546,0,0,0,0,NaN,0,0,0,NaN,0,NaN,0,0,NaN,0,0,NaN,NaN,NaN,NaN,NaN,NaN,NaN,NaN,0,0,0,0,4093.32,202,381,376,98.69,22,1986,1980,99.7,571.2,3851,61,1.58,3910,3896,99.64
09/27/2025,11,5GNR,Florida,143,Jacksonville,4G5G_CR220_ARENA,1437363,0,0,0,0,NaN,0,0,0,NaN,0,NaN,0,0,NaN,0,0,NaN,NaN,NaN,NaN,NaN,NaN,NaN,NaN,0,0,0,0,4093.32,202,381,376,98.69,22,1986,1980,99.7,571.2,3851,61,1.58,3910,3896,99.64
09/27/2025,11,5GNR,Florida,143,Jacksonville,4G5G_CRAIG_CREEK_JAX,1437232,0,0,0,0,NaN,0,0,0,NaN,0,NaN,0,0,NaN,0,0,NaN,NaN,NaN,NaN,NaN,NaN,NaN,NaN,0,0,0,0,4093.32,202,381,376,98.69,22,1986,1980,99.7,571.2,3851,61,1.58,3910,3896,99.64
09/27/2025,11,5GNR,Florida,143,Jacksonville,4G5G_CRAWFORDVILLE,1437855,0,0,0,0,NaN,0,0,0,NaN,0,NaN,0,0,NaN,0,0,NaN,NaN,NaN,NaN,NaN,NaN,NaN,NaN,0,0,0,0,4093.32,202,381,376,98.69,22,1986,1980,99.7,571.2,3851,61,1.58,3910,3896,99.64
09/27/2025,11,5GNR,Florida,143,Jacksonville,4G5G_CRAWFORDVILLE_SOUTH,1437759,0,0,0,0,NaN,0,0,0,NaN,0,NaN,0,0,NaN,0,0,NaN,NaN,NaN,NaN,NaN,NaN,NaN,NaN,0,0,0,0,4093.32,202,381,376,98.69,22,1986,1980,99.7,571.2,3851,61,1.58,3910,3896,99.64
09/27/2025,11,5GNR,Florida,143,Jacksonville,4G5G_CROWDERS,1437044,0,0,0,0,NaN,0,0,0,NaN,0,NaN,0,0,NaN,0,0,NaN,NaN,NaN,NaN,NaN,NaN,NaN,NaN,0,0,0,0,4093.32,202,381,376,98.69,22,1986,1980,99.7,571.2,3851,61,1.58,3910,3896,99.64
09/27/2025,11,5GNR,Florida,143,Jacksonville,4G5G_CROWN_ALL_SAINTS_ST,1437874,0,0,0,0,NaN,0,0,0,NaN,0,NaN,0,0,NaN,0,0,NaN,NaN,NaN,NaN,NaN,NaN,NaN,NaN,0,0,0,0,4093.32,202,381,376,98.69,22,1986,1980,99.7,571.2,3851,61,1.58,3910,3896,99.64
09/27/2025,11,5GNR,Florida,143,Jacksonville,4G5G_CROWN_ATLANTIC_SAN_PABLO,1437038,0,0,0,0,NaN,0,0,0,NaN,0,NaN,0,0,NaN,0,0,NaN,NaN,NaN,NaN,NaN,NaN,NaN,NaN,0,0,0,0,4093.32,202,381,376,98.69,22,1986,1980,99.7,571.2,3851,61,1.58,3910,3896,99.64
09/27/2025,11,5GNR,Florida,143,Jacksonville,4G5G_CROWN_CENTERVILLE,1437813,0,0,0,0,NaN,0,0,0,NaN,0,NaN,0,0,NaN,0,0,NaN,NaN,NaN,NaN,NaN,NaN,NaN,NaN,0,0,0,0,4093.32,202,381,376,98.69,22,1986,1980,99.7,571.2,3851,61,1.58,3910,3896,99.64
09/27/2025,11,5GNR,Florida,143,Jacksonville,4G5G_CROWN_GAINESVILLE,1437665,0,0,0,0,NaN,0,0,0,NaN,0,NaN,0,0,NaN,0,0,NaN,NaN,NaN,NaN,NaN,NaN,NaN,NaN,0,0,0,0,4093.32,202,381,376,98.69,22,1986,1980,99.7,571.2,3851,61,1.58,3910,3896,99.64
09/27/2025,11,5GNR,Florida,143,Jacksonville,4G5G_CROWN_HASTINGS,1437506,0,0,0,0,NaN,0,0,0,NaN,0,NaN,0,0,NaN,0,0,NaN,NaN,NaN,NaN,NaN,NaN,NaN,NaN,0,0,0,0,4093.32,202,381,376,98.69,22,1986,1980,99.7,571.2,3851,61,1.58,3910,3896,99.64
09/27/2025,11,5GNR,Florida,143,Jacksonville,4G5G_CROWN_HASTINGS,1439506,0,0,0,0,NaN,0,0,0,NaN,0,NaN,0,0,NaN,0,0,NaN,NaN,NaN,NaN,NaN,NaN,NaN,NaN,0,0,0,0,4093.32,202,381,376,98.69,22,1986,1980,99.7,571.2,3851,61,1.58,3910,3896,99.64
09/27/2025,11,5GNR,Florida,143,Jacksonville,4G5G_CROWN_LAFAYETTE,1437883,0,0,0,0,NaN,0,0,0,NaN,0,NaN,0,0,NaN,0,0,NaN,NaN,NaN,NaN,NaN,NaN,NaN,NaN,0,0,0,0,4093.32,202,381,376,98.69,22,1986,1980,99.7,571.2,3851,61,1.58,3910,3896,99.64
09/27/2025,11,5GNR,Florida,143,Jacksonville,4G5G_CROWN_LAKE_BUTLER_WEST,1437943,0,0,0,0,NaN,0,0,0,NaN,0,NaN,0,0,NaN,0,0,NaN,NaN,NaN,NaN,NaN,NaN,NaN,NaN,0,0,0,0,4093.32,202,381,376,98.69,22,1986,1980,99.7,571.2,3851,61,1.58,3910,3896,99.64
09/27/2025,11,5GNR,Florida,143,Jacksonville,4G5G_CROWN_LIGHTHOUSE,1437812,0,0,0,0,NaN,0,0,0,NaN,0,NaN,0,0,NaN,0,0,NaN,NaN,NaN,NaN,NaN,NaN,NaN,NaN,0,0,0,0,4093.32,202,381,376,98.69,22,1986,1980,99.7,571.2,3851,61,1.58,3910,3896,99.64
09/27/2025,11,5GNR,Florida,143,Jacksonville,4G5G_CROWN_MANDARIN_WOODS,1437032,0,0,0,0,NaN,0,0,0,NaN,0,NaN,0,0,NaN,0,0,NaN,NaN,NaN,NaN,NaN,NaN,NaN,NaN,0,0,0,0,4093.32,202,381,376,98.69,22,1986,1980,99.7,571.2,3851,61,1.58,3910,3896,99.64
09/27/2025,11,5GNR,Florida,143,Jacksonville,4G5G_CROWN_MAYPORT,1437222,0,0,0,0,NaN,0,0,0,NaN,0,NaN,0,0,NaN,0,0,NaN,NaN,NaN,NaN,NaN,NaN,NaN,NaN,0,0,0,0,4093.32,202,381,376,98.69,22,1986,1980,99.7,571.2,3851,61,1.58,3910,3896,99.64
09/27/2025,11,5GNR,Florida,143,Jacksonville,4G5G_CROWN_NEW_BERLIN,1437281,0,0,0,0,NaN,0,0,0,NaN,0,NaN,0,0,NaN,0,0,NaN,NaN,NaN,NaN,NaN,NaN,NaN,NaN,0,0,0,0,4093.32,202,381,376,98.69,22,1986,1980,99.7,571.2,3851,61,1.58,3910,3896,99.64
09/27/2025,11,5GNR,Florida,143,Jacksonville,4G5G_CROWN_NEW_BERLIN,1439281,0,0,0,0,NaN,0,0,0,NaN,0,NaN,0,0,NaN,0,0,NaN,NaN,NaN,NaN,NaN,NaN,NaN,NaN,0,0,0,0,4093.32,202,381,376,98.69,22,1986,1980,99.7,571.2,3851,61,1.58,3910,3896,99.64
09/27/2025,11,5GNR,Florida,143,Jacksonville,4G5G_CROWN_OCHLOCKNEE,1437825,0,0,0,0,NaN,0,0,0,NaN,0,NaN,0,0,NaN,0,0,NaN,NaN,NaN,NaN,NaN,NaN,NaN,NaN,0,0,0,0,4093.32,202,381,376,98.69,22,1986,1980,99.7,571.2,3851,61,1.58,3910,3896,99.64
09/27/2025,11,5GNR,Florida,143,Jacksonville,4G5G_CROWN_PINETTA,1437443,0,0,0,0,NaN,0,0,0,NaN,0,NaN,0,0,NaN,0,0,NaN,NaN,NaN,NaN,NaN,NaN,NaN,NaN,0,0,0,0,4093.32,202,381,376,98.69,22,1986,1980,99.7,571.2,3851,61,1.58,3910,3896,99.64
09/27/2025,11,5GNR,Florida,143,Jacksonville,4G5G_CROWN_POWERTEL_SYNAGOGUE,1437831,0,0,0,0,NaN,0,0,0,NaN,0,NaN,0,0,NaN,0,0,NaN,NaN,NaN,NaN,NaN,NaN,NaN,NaN,0,0,0,0,4093.32,202,381,376,98.69,22,1986,1980,99.7,571.2,3851,61,1.58,3910,3896,99.64
09/27/2025,11,5GNR,Florida,143,Jacksonville,4G5G_CROWN_SHANNON_WOOD,1437651,0,0,0,0,NaN,0,0,0,NaN,0,NaN,0,0,NaN,0,0,NaN,NaN,NaN,NaN,NaN,NaN,NaN,NaN,0,0,0,0,4093.32,202,381,376,98.69,22,1986,1980,99.7,571.2,3851,61,1.58,3910,3896,99.64
09/27/2025,11,5GNR,Florida,143,Jacksonville,4G5G_CROWN_SOUTHSIDE_BLVD,1437086,0,0,0,0,NaN,0,0,0,NaN,0,NaN,0,0,NaN,0,0,NaN,NaN,NaN,NaN,NaN,NaN,NaN,NaN,0,0,0,0,4093.32,202,381,376,98.69,22,1986,1980,99.7,571.2,3851,61,1.58,3910,3896,99.64
09/27/2025,11,5GNR,Florida,143,Jacksonville,4G5G_CROWN_SOUTHSIDE_BLVD,1439086,0,0,0,0,NaN,0,0,0,NaN,0,NaN,0,0,NaN,0,0,NaN,NaN,NaN,NaN,NaN,NaN,NaN,NaN,0,0,0,0,4093.32,202,381,376,98.69,22,1986,1980,99.7,571.2,3851,61,1.58,3910,3896,99.64
09/27/2025,11,5GNR,Florida,143,Jacksonville,4G5G_CROWN_SYKES_LANDING,1437558,0,0,0,0,NaN,0,0,0,NaN,0,NaN,0,0,NaN,0,0,NaN,NaN,NaN,NaN,NaN,NaN,NaN,NaN,0,0,0,0,4093.32,202,381,376,98.69,22,1986,1980,99.7,571.2,3851,61,1.58,3910,3896,99.64
09/27/2025,11,5GNR,Florida,143,Jacksonville,4G5G_CROWN_SYKES_LANDING,1439558,0,0,0,0,NaN,0,0,0,NaN,0,NaN,0,0,NaN,0,0,NaN,NaN,NaN,NaN,NaN,NaN,NaN,NaN,0,0,0,0,4093.32,202,381,376,98.69,22,1986,1980,99.7,571.2,3851,61,1.58,3910,3896,99.64
09/27/2025,11,5GNR,Florida,143,Jacksonville,4G5G_CROWN_TROUT_RIVER,1437103,0,0,0,0,NaN,0,0,0,NaN,0,NaN,0,0,NaN,0,0,NaN,NaN,NaN,NaN,NaN,NaN,NaN,NaN,0,0,0,0,4093.32,202,381,376,98.69,22,1986,1980,99.7,571.2,3851,61,1.58,3910,3896,99.64
09/27/2025,11,5GNR,Florida,143,Jacksonville,4G5G_CR_232,1437649,0,0,0,0,NaN,0,0,0,NaN,0,NaN,0,0,NaN,0,0,NaN,NaN,NaN,NaN,NaN,NaN,NaN,NaN,0,0,0,0,4093.32,202,381,376,98.69,22,1986,1980,99.7,571.2,3851,61,1.58,3910,3896,99.64
09/27/2025,11,5GNR,Florida,143,Jacksonville,4G5G_DAIRY,1437627,0,0,0,0,NaN,0,0,0,NaN,0,NaN,0,0,NaN,0,0,NaN,NaN,NaN,NaN,NaN,NaN,NaN,NaN,0,0,0,0,4093.32,202,381,376,98.69,22,1986,1980,99.7,571.2,3851,61,1.58,3910,3896,99.64
09/27/2025,11,5GNR,Florida,143,Jacksonville,4G5G_DINDMORE,1437700,0,0,0,0,NaN,0,0,0,NaN,0,NaN,0,0,NaN,0,0,NaN,NaN,NaN,NaN,NaN,NaN,NaN,NaN,0,0,0,0,4093.32,202,381,376,98.69,22,1986,1980,99.7,571.2,3851,61,1.58,3910,3896,99.64
09/27/2025,11,5GNR,Florida,143,Jacksonville,4G5G_DOG_TRACK,1437774,0,0,0,0,NaN,0,0,0,NaN,0,NaN,0,0,NaN,0,0,NaN,NaN,NaN,NaN,NaN,NaN,NaN,NaN,0,0,0,0,4093.32,202,381,376,98.69,22,1986,1980,99.7,571.2,3851,61,1.58,3910,3896,99.64
09/27/2025,11,5GNR,Florida,143,Jacksonville,4G5G_DOUBLE_TREE,1437838,0,0,0,0,NaN,0,0,0,NaN,0,NaN,0,0,NaN,0,0,NaN,NaN,NaN,NaN,NaN,NaN,NaN,NaN,0,0,0,0,4093.32,202,381,376,98.69,22,1986,1980,99.7,571.2,3851,61,1.58,3910,3896,99.64
09/27/2025,11,5GNR,Florida,143,Jacksonville,4G5G_DOUBLE_TREE,1439838,0,0,0,0,NaN,0,0,0,NaN,0,NaN,0,0,NaN,0,0,NaN,NaN,NaN,NaN,NaN,NaN,NaN,NaN,0,0,0,0,4093.32,202,381,376,98.69,22,1986,1980,99.7,571.2,3851,61,1.58,3910,3896,99.64
09/27/2025,11,5GNR,Florida,143,Jacksonville,4G5G_DOWLING_PARK,1437610,0,0,0,0,NaN,0,0,0,NaN,0,NaN,0,0,NaN,0,0,NaN,NaN,NaN,NaN,NaN,NaN,NaN,NaN,0,0,0,0,4093.32,202,381,376,98.69,22,1986,1980,99.7,571.2,3851,61,1.58,3910,3896,99.64
09/27/2025,11,5GNR,Florida,143,Jacksonville,4G5G_DOWNTOWN_JENNINGS,1437161,0,0,0,0,NaN,0,0,0,NaN,0,NaN,0,0,NaN,0,0,NaN,NaN,NaN,NaN,NaN,NaN,NaN,NaN,0,0,0,0,4093.32,202,381,376,98.69,22,1986,1980,99.7,571.2,3851,61,1.58,3910,3896,99.64
09/27/2025,11,5GNR,Florida,143,Jacksonville,4G5G_DOWNTOWN_JENNINGS,1439161,0,0,0,0,NaN,0,0,0,NaN,0,NaN,0,0,NaN,0,0,NaN,NaN,NaN,NaN,NaN,NaN,NaN,NaN,0,0,0,0,4093.32,202,381,376,98.69,22,1986,1980,99.7,571.2,3851,61,1.58,3910,3896,99.64
09/27/2025,11,5GNR,Florida,143,Jacksonville,4G5G_DOWNTOWN_OBRIEN,1437886,0,0,0,0,NaN,0,0,0,NaN,0,NaN,0,0,NaN,0,0,NaN,NaN,NaN,NaN,NaN,NaN,NaN,NaN,0,0,0,0,4093.32,202,381,376,98.69,22,1986,1980,99.7,571.2,3851,61,1.58,3910,3896,99.64
09/27/2025,11,5GNR,Florida,143,Jacksonville,4G5G_DRIFTON_RELHR,1437168,0,0,0,0,NaN,0,0,0,NaN,0,NaN,0,0,NaN,0,0,NaN,NaN,NaN,NaN,NaN,NaN,NaN,NaN,0,0,0,0,4093.32,202,381,376,98.69,22,1986,1980,99.7,571.2,3851,61,1.58,3910,3896,99.64
09/27/2025,11,5GNR,Florida,143,Jacksonville,4G5G_DT031_NDT001_NDT055_LKJS011,1439933,0,0,0,0,NaN,0,0,0,NaN,0,NaN,0,0,NaN,0,0,NaN,NaN,NaN,NaN,NaN,NaN,NaN,NaN,0,0,0,0,4093.32,202,381,376,98.69,22,1986,1980,99.7,571.2,3851,61,1.58,3910,3896,99.64
09/27/2025,11,5GNR,Florida,143,Jacksonville,4G5G_DT_NEWBERRY,1437929,0,0,0,0,NaN,0,0,0,NaN,0,NaN,0,0,NaN,0,0,NaN,NaN,NaN,NaN,NaN,NaN,NaN,NaN,0,0,0,0,4093.32,202,381,376,98.69,22,1986,1980,99.7,571.2,3851,61,1.58,3910,3896,99.64
09/27/2025,11,5GNR,Florida,143,Jacksonville,4G5G_DT_TALL_DT041,1437746,0,0,0,0,NaN,0,0,0,NaN,0,NaN,0,0,NaN,0,0,NaN,NaN,NaN,NaN,NaN,NaN,NaN,NaN,0,0,0,0,4093.32,202,381,376,98.69,22,1986,1980,99.7,571.2,3851,61,1.58,3910,3896,99.64
09/27/2025,11,5GNR,Florida,143,Jacksonville,4G5G_DUVAL_AND_295,1437151,0,0,0,0,NaN,0,0,0,NaN,0,NaN,0,0,NaN,0,0,NaN,NaN,NaN,NaN,NaN,NaN,NaN,NaN,0,0,0,0,4093.32,202,381,376,98.69,22,1986,1980,99.7,571.2,3851,61,1.58,3910,3896,99.64
09/27/2025,11,5GNR,Florida,143,Jacksonville,4G5G_DUVAL_AND_295,1439151,0,0,0,0,NaN,0,0,0,NaN,0,NaN,0,0,NaN,0,0,NaN,NaN,NaN,NaN,NaN,NaN,NaN,NaN,0,0,0,0,4093.32,202,381,376,98.69,22,1986,1980,99.7,571.2,3851,61,1.58,3910,3896,99.64
09/27/2025,11,5GNR,Florida,143,Jacksonville,4G5G_EARLETON,1437637,0,0,0,0,NaN,0,0,0,NaN,0,NaN,0,0,NaN,0,0,NaN,NaN,NaN,NaN,NaN,NaN,NaN,NaN,0,0,0,0,4093.32,202,381,376,98.69,22,1986,1980,99.7,571.2,3851,61,1.58,3910,3896,99.64
09/27/2025,11,5GNR,Florida,143,Jacksonville,4G5G_EBENEZER,1437268,0,0,0,0,NaN,0,0,0,NaN,0,NaN,0,0,NaN,0,0,NaN,NaN,NaN,NaN,NaN,NaN,NaN,NaN,0,0,0,0,4093.32,202,381,376,98.69,22,1986,1980,99.7,571.2,3851,61,1.58,3910,3896,99.64
09/27/2025,11,5GNR,Florida,143,Jacksonville,4G5G_EDGEWOOD,1437026,0,0,0,0,NaN,0,0,0,NaN,0,NaN,0,0,NaN,0,0,NaN,NaN,NaN,NaN,NaN,NaN,NaN,NaN,0,0,0,0,4093.32,202,381,376,98.69,22,1986,1980,99.7,571.2,3851,61,1.58,3910,3896,99.64
09/27/2025,11,5GNR,Florida,143,Jacksonville,4G5G_EDGEWOOD,1439026,0,0,0,0,NaN,0,0,0,NaN,0,NaN,0,0,NaN,0,0,NaN,NaN,NaN,NaN,NaN,NaN,NaN,NaN,0,0,0,0,4093.32,202,381,376,98.69,22,1986,1980,99.7,571.2,3851,61,1.58,3910,3896,99.64
09/27/2025,11,5GNR,Florida,143,Jacksonville,4G5G_EI_BEACH_BLVD,1439292,0,0,0,0,NaN,0,0,0,NaN,0,NaN,0,0,NaN,0,0,NaN,NaN,NaN,NaN,NaN,NaN,NaN,NaN,0,0,0,0,4093.32,202,381,376,98.69,22,1986,1980,99.7,571.2,3851,61,1.58,3910,3896,99.64
09/27/2025,11,5GNR,Florida,143,Jacksonville,4G5G_ELLISVILLE,1437510,0,0,0,0,NaN,0,0,0,NaN,0,NaN,0,0,NaN,0,0,NaN,NaN,NaN,NaN,NaN,NaN,NaN,NaN,0,0,0,0,4093.32,202,381,376,98.69,22,1986,1980,99.7,571.2,3851,61,1.58,3910,3896,99.64
09/27/2025,11,5GNR,Florida,143,Jacksonville,4G5G_ELLISVILLE,1439510,0,0,0,0,NaN,0,0,0,NaN,0,NaN,0,0,NaN,0,0,NaN,NaN,NaN,NaN,NaN,NaN,NaN,NaN,0,0,0,0,4093.32,202,381,376,98.69,22,1986,1980,99.7,571.2,3851,61,1.58,3910,3896,99.64
09/27/2025,11,5GNR,Florida,143,Jacksonville,4G5G_FAIRBANKS,1437681,0,0,0,0,NaN,0,0,0,NaN,0,NaN,0,0,NaN,0,0,NaN,NaN,NaN,NaN,NaN,NaN,NaN,NaN,0,0,0,0,4093.32,202,381,376,98.69,22,1986,1980,99.7,571.2,3851,61,1.58,3910,3896,99.64
09/27/2025,11,5GNR,Florida,143,Jacksonville,4G5G_FIRST_COMMUNICATIONS,1437833,0,0,0,0,NaN,0,0,0,NaN,0,NaN,0,0,NaN,0,0,NaN,NaN,NaN,NaN,NaN,NaN,NaN,NaN,0,0,0,0,4093.32,202,381,376,98.69,22,1986,1980,99.7,571.2,3851,61,1.58,3910,3896,99.64
09/27/2025,11,5GNR,Florida,143,Jacksonville,4G5G_FLORIDA_ROCK,1437253,0,0,0,0,NaN,0,0,0,NaN,0,NaN,0,0,NaN,0,0,NaN,NaN,NaN,NaN,NaN,NaN,NaN,NaN,0,0,0,0,4093.32,202,381,376,98.69,22,1986,1980,99.7,571.2,3851,61,1.58,3910,3896,99.64
09/27/2025,11,5GNR,Florida,143,Jacksonville,4G5G_FOREST_TRAIL_INV,1437208,0,0,0,0,NaN,0,0,0,NaN,0,NaN,0,0,NaN,0,0,NaN,NaN,NaN,NaN,NaN,NaN,NaN,NaN,0,0,0,0,4093.32,202,381,376,98.69,22,1986,1980,99.7,571.2,3851,61,1.58,3910,3896,99.64
09/27/2025,11,5GNR,Florida,143,Jacksonville,4G5G_FORT_CAROLINE,1437011,0,0,0,0,NaN,0,0,0,NaN,0,NaN,0,0,NaN,0,0,NaN,NaN,NaN,NaN,NaN,NaN,NaN,NaN,0,0,0,0,4093.32,202,381,376,98.69,22,1986,1980,99.7,571.2,3851,61,1.58,3910,3896,99.64
09/27/2025,11,5GNR,Florida,143,Jacksonville,4G5G_FORT_WHITE,1437628,0,0,0,0,NaN,0,0,0,NaN,0,NaN,0,0,NaN,0,0,NaN,NaN,NaN,NaN,NaN,NaN,NaN,NaN,0,0,0,0,4093.32,202,381,376,98.69,22,1986,1980,99.7,571.2,3851,61,1.58,3910,3896,99.64
09/27/2025,11,5GNR,Florida,143,Jacksonville,4G5G_FSU,1437836,0,0,0,0,NaN,0,0,0,NaN,0,NaN,0,0,NaN,0,0,NaN,NaN,NaN,NaN,NaN,NaN,NaN,NaN,0,0,0,0,4093.32,202,381,376,98.69,22,1986,1980,99.7,571.2,3851,61,1.58,3910,3896,99.64
09/27/2025,11,5GNR,Florida,143,Jacksonville,4G5G_FSU_FINE_ARTS,1437898,0,0,0,0,NaN,0,0,0,NaN,0,NaN,0,0,NaN,0,0,NaN,NaN,NaN,NaN,NaN,NaN,NaN,NaN,0,0,0,0,4093.32,202,381,376,98.69,22,1986,1980,99.7,571.2,3851,61,1.58,3910,3896,99.64
09/27/2025,11,5GNR,Florida,143,Jacksonville,4G5G_FSU_STADIUM,1439177,0,0,0,0,NaN,0,0,0,NaN,0,NaN,0,0,NaN,0,0,NaN,NaN,NaN,NaN,NaN,NaN,NaN,NaN,0,0,0,0,4093.32,202,381,376,98.69,22,1986,1980,99.7,571.2,3851,61,1.58,3910,3896,99.64
09/27/2025,11,5GNR,Florida,143,Jacksonville,4G5G_FSU_STADIUM,1439178,0,0,0,0,NaN,0,0,0,NaN,0,NaN,0,0,NaN,0,0,NaN,NaN,NaN,NaN,NaN,NaN,NaN,NaN,0,0,0,0,4093.32,202,381,376,98.69,22,1986,1980,99.7,571.2,3851,61,1.58,3910,3896,99.64
09/27/2025,11,5GNR,Florida,143,Jacksonville,4G5G_FSU_STADIUM,1439179,0,0,0,0,NaN,0,0,0,NaN,0,NaN,0,0,NaN,0,0,NaN,NaN,NaN,NaN,NaN,NaN,NaN,NaN,0,0,0,0,4093.32,202,381,376,98.69,22,1986,1980,99.7,571.2,3851,61,1.58,3910,3896,99.64
09/27/2025,11,5GNR,Florida,143,Jacksonville,4G5G_FSU_STADIUM,1439180,0,0,0,0,NaN,0,0,0,NaN,0,NaN,0,0,NaN,0,0,NaN,NaN,NaN,NaN,NaN,NaN,NaN,NaN,0,0,0,0,4093.32,202,381,376,98.69,22,1986,1980,99.7,571.2,3851,61,1.58,3910,3896,99.64
09/27/2025,11,5GNR,Florida,143,Jacksonville,4G5G_FT_WHITE_WEST,1437958,0,0,0,0,NaN,0,0,0,NaN,0,NaN,0,0,NaN,0,0,NaN,NaN,NaN,NaN,NaN,NaN,NaN,NaN,0,0,0,0,4093.32,202,381,376,98.69,22,1986,1980,99.7,571.2,3851,61,1.58,3910,3896,99.64
09/27/2025,11,5GNR,Florida,143,Jacksonville,4G5G_GAINESVILLE_34TH,1437640,0,0,0,0,NaN,0,0,0,NaN,0,NaN,0,0,NaN,0,0,NaN,NaN,NaN,NaN,NaN,NaN,NaN,NaN,0,0,0,0,4093.32,202,381,376,98.69,22,1986,1980,99.7,571.2,3851,61,1.58,3910,3896,99.64
09/27/2025,11,5GNR,Florida,143,Jacksonville,4G5G_GAINESVILLE_HS,1437135,0,0,0,0,NaN,0,0,0,NaN,0,NaN,0,0,NaN,0,0,NaN,NaN,NaN,NaN,NaN,NaN,NaN,NaN,0,0,0,0,4093.32,202,381,376,98.69,22,1986,1980,99.7,571.2,3851,61,1.58,3910,3896,99.64
09/27/2025,11,5GNR,Florida,143,Jacksonville,4G5G_GAINESVILLE_LODGE,1437939,0,0,0,0,NaN,0,0,0,NaN,0,NaN,0,0,NaN,0,0,NaN,NaN,NaN,NaN,NaN,NaN,NaN,NaN,0,0,0,0,4093.32,202,381,376,98.69,22,1986,1980,99.7,571.2,3851,61,1.58,3910,3896,99.64
09/27/2025,11,5GNR,Florida,143,Jacksonville,4G5G_GAINESVILLE_RACEWAY,1437919,0,0,0,0,NaN,0,0,0,NaN,0,NaN,0,0,NaN,0,0,NaN,NaN,NaN,NaN,NaN,NaN,NaN,NaN,0,0,0,0,4093.32,202,381,376,98.69,22,1986,1980,99.7,571.2,3851,61,1.58,3910,3896,99.64
09/27/2025,11,5GNR,Florida,143,Jacksonville,4G5G_GAINESVILLE_RACEWAY,1439919,0,0,0,0,NaN,0,0,0,NaN,0,NaN,0,0,NaN,0,0,NaN,NaN,NaN,NaN,NaN,NaN,NaN,NaN,0,0,0,0,4093.32,202,381,376,98.69,22,1986,1980,99.7,571.2,3851,61,1.58,3910,3896,99.64
09/27/2025,11,5GNR,Florida,143,Jacksonville,4G5G_GAINESVILLE_WEST,1437655,0,0,0,0,NaN,0,0,0,NaN,0,NaN,0,0,NaN,0,0,NaN,NaN,NaN,NaN,NaN,NaN,NaN,NaN,0,0,0,0,4093.32,202,381,376,98.69,22,1986,1980,99.7,571.2,3851,61,1.58,3910,3896,99.64
09/27/2025,11,5GNR,Florida,143,Jacksonville,4G5G_GAINESVILLE_WEST_GNW016,1437733,0,0,0,0,NaN,0,0,0,NaN,0,NaN,0,0,NaN,0,0,NaN,NaN,NaN,NaN,NaN,NaN,NaN,NaN,0,0,0,0,4093.32,202,381,376,98.69,22,1986,1980,99.7,571.2,3851,61,1.58,3910,3896,99.64
09/27/2025,11,5GNR,Florida,143,Jacksonville,4G5G_GAINESVILLE_WEST_J,1437734,0,0,0,0,NaN,0,0,0,NaN,0,NaN,0,0,NaN,0,0,NaN,NaN,NaN,NaN,NaN,NaN,NaN,NaN,0,0,0,0,4093.32,202,381,376,98.69,22,1986,1980,99.7,571.2,3851,61,1.58,3910,3896,99.64
09/27/2025,11,5GNR,Florida,143,Jacksonville,4G5G_GARDEN_CITY,1437234,0,0,0,0,NaN,0,0,0,NaN,0,NaN,0,0,NaN,0,0,NaN,NaN,NaN,NaN,NaN,NaN,NaN,NaN,0,0,0,0,4093.32,202,381,376,98.69,22,1986,1980,99.7,571.2,3851,61,1.58,3910,3896,99.64
09/27/2025,11,5GNR,Florida,143,Jacksonville,4G5G_GARDEN_CITY,1439234,0,0,0,0,NaN,0,0,0,NaN,0,NaN,0,0,NaN,0,0,NaN,NaN,NaN,NaN,NaN,NaN,NaN,NaN,0,0,0,0,4093.32,202,381,376,98.69,22,1986,1980,99.7,571.2,3851,61,1.58,3910,3896,99.64
09/27/2025,11,5GNR,Florida,143,Jacksonville,4G5G_GAYCO_ELECTRIC,1437084,0,0,0,0,NaN,0,0,0,NaN,0,NaN,0,0,NaN,0,0,NaN,NaN,NaN,NaN,NaN,NaN,NaN,NaN,0,0,0,0,4093.32,202,381,376,98.69,22,1986,1980,99.7,571.2,3851,61,1.58,3910,3896,99.64
09/27/2025,11,5GNR,Florida,143,Jacksonville,4G5G_GAYCO_ELECTRIC,1439084,0,0,0,0,NaN,0,0,0,NaN,0,NaN,0,0,NaN,0,0,NaN,NaN,NaN,NaN,NaN,NaN,NaN,NaN,0,0,0,0,4093.32,202,381,376,98.69,22,1986,1980,99.7,571.2,3851,61,1.58,3910,3896,99.64
09/27/2025,11,5GNR,Florida,143,Jacksonville,4G5G_GILCHRIST_COUNTY_HWY_129,1437445,0,0,0,0,NaN,0,0,0,NaN,0,NaN,0,0,NaN,0,0,NaN,NaN,NaN,NaN,NaN,NaN,NaN,NaN,0,0,0,0,4093.32,202,381,376,98.69,22,1986,1980,99.7,571.2,3851,61,1.58,3910,3896,99.64
09/27/2025,11,5GNR,Florida,143,Jacksonville,4G5G_GILLY_FERNANDINA,1437403,0,0,0,0,NaN,0,0,0,NaN,0,NaN,0,0,NaN,0,0,NaN,NaN,NaN,NaN,NaN,NaN,NaN,NaN,0,0,0,0,4093.32,202,381,376,98.69,22,1986,1980,99.7,571.2,3851,61,1.58,3910,3896,99.64
09/27/2025,11,5GNR,Florida,143,Jacksonville,4G5G_GLOBAL_SIGNAL_LAKE_CITY,1437615,0,0,0,0,NaN,0,0,0,NaN,0,NaN,0,0,NaN,0,0,NaN,NaN,NaN,NaN,NaN,NaN,NaN,NaN,0,0,0,0,4093.32,202,381,376,98.69,22,1986,1980,99.7,571.2,3851,61,1.58,3910,3896,99.64
09/27/2025,11,5GNR,Florida,143,Jacksonville,4G5G_GOLDEN_EAGLE_GE008,1439703,0,0,0,0,NaN,0,0,0,NaN,0,NaN,0,0,NaN,0,0,NaN,NaN,NaN,NaN,NaN,NaN,NaN,NaN,0,0,0,0,4093.32,202,381,376,98.69,22,1986,1980,99.7,571.2,3851,61,1.58,3910,3896,99.64
09/27/2025,11,5GNR,Florida,143,Jacksonville,4G5G_GREENSBORO,1437171,0,0,0,0,NaN,0,0,0,NaN,0,NaN,0,0,NaN,0,0,NaN,NaN,NaN,NaN,NaN,NaN,NaN,NaN,0,0,0,0,4093.32,202,381,376,98.69,22,1986,1980,99.7,571.2,3851,61,1.58,3910,3896,99.64
09/27/2025,11,5GNR,Florida,143,Jacksonville,4G5G_GREEN_COVE_DT,1437211,0,0,0,0,NaN,0,0,0,NaN,0,NaN,0,0,NaN,0,0,NaN,NaN,NaN,NaN,NaN,NaN,NaN,NaN,0,0,0,0,4093.32,202,381,376,98.69,22,1986,1980,99.7,571.2,3851,61,1.58,3910,3896,99.64
09/27/2025,11,5GNR,Florida,143,Jacksonville,4G5G_GRETNA_SOUTH,1437425,0,0,0,0,NaN,0,0,0,NaN,0,NaN,0,0,NaN,0,0,NaN,NaN,NaN,NaN,NaN,NaN,NaN,NaN,0,0,0,0,4093.32,202,381,376,98.69,22,1986,1980,99.7,571.2,3851,61,1.58,3910,3896,99.64
09/27/2025,11,5GNR,Florida,143,Jacksonville,4G5G_GRU_GPD,1437674,0,0,0,0,NaN,0,0,0,NaN,0,NaN,0,0,NaN,0,0,NaN,NaN,NaN,NaN,NaN,NaN,NaN,NaN,0,0,0,0,4093.32,202,381,376,98.69,22,1986,1980,99.7,571.2,3851,61,1.58,3910,3896,99.64
09/27/2025,11,5GNR,Florida,143,Jacksonville,4G5G_GRU_MILLHOPPER,1437661,0,0,0,0,NaN,0,0,0,NaN,0,NaN,0,0,NaN,0,0,NaN,NaN,NaN,NaN,NaN,NaN,NaN,NaN,0,0,0,0,4093.32,202,381,376,98.69,22,1986,1980,99.7,571.2,3851,61,1.58,3910,3896,99.64
09/27/2025,11,5GNR,Florida,143,Jacksonville,4G5G_GRU_SPRINGHILL,1437653,0,0,0,0,NaN,0,0,0,NaN,0,NaN,0,0,NaN,0,0,NaN,NaN,NaN,NaN,NaN,NaN,NaN,NaN,0,0,0,0,4093.32,202,381,376,98.69,22,1986,1980,99.7,571.2,3851,61,1.58,3910,3896,99.64
09/27/2025,11,5GNR,Florida,143,Jacksonville,4G5G_GRU_SUGARFOOT,1437459,0,0,0,0,NaN,0,0,0,NaN,0,NaN,0,0,NaN,0,0,NaN,NaN,NaN,NaN,NaN,NaN,NaN,NaN,0,0,0,0,4093.32,202,381,376,98.69,22,1986,1980,99.7,571.2,3851,61,1.58,3910,3896,99.64
09/27/2025,11,5GNR,Florida,143,Jacksonville,4G5G_GRU_T20,1437675,0,0,0,0,NaN,0,0,0,NaN,0,NaN,0,0,NaN,0,0,NaN,NaN,NaN,NaN,NaN,NaN,NaN,NaN,0,0,0,0,4093.32,202,381,376,98.69,22,1986,1980,99.7,571.2,3851,61,1.58,3910,3896,99.64
09/27/2025,11,5GNR,Florida,143,Jacksonville,4G5G_GRU_WATER_TANK,1437667,0,0,0,0,NaN,0,0,0,NaN,0,NaN,0,0,NaN,0,0,NaN,NaN,NaN,NaN,NaN,NaN,NaN,NaN,0,0,0,0,4093.32,202,381,376,98.69,22,1986,1980,99.7,571.2,3851,61,1.58,3910,3896,99.64
09/27/2025,11,5GNR,Florida,143,Jacksonville,4G5G_GTP_EMERSON,1437001,0,0,0,0,NaN,0,0,0,NaN,0,NaN,0,0,NaN,0,0,NaN,NaN,NaN,NaN,NaN,NaN,NaN,NaN,0,0,0,0,4093.32,202,381,376,98.69,22,1986,1980,99.7,571.2,3851,61,1.58,3910,3896,99.64
09/27/2025,11,5GNR,Florida,143,Jacksonville,4G5G_HADDOCK_RD,1437113,0,0,0,0,NaN,0,0,0,NaN,0,NaN,0,0,NaN,0,0,NaN,NaN,NaN,NaN,NaN,NaN,NaN,NaN,0,0,0,0,4093.32,202,381,376,98.69,22,1986,1980,99.7,571.2,3851,61,1.58,3910,3896,99.64
09/27/2025,11,5GNR,Florida,143,Jacksonville,4G5G_HADDOCK_RD,1439113,0,0,0,0,NaN,0,0,0,NaN,0,NaN,0,0,NaN,0,0,NaN,NaN,NaN,NaN,NaN,NaN,NaN,NaN,0,0,0,0,4093.32,202,381,376,98.69,22,1986,1980,99.7,571.2,3851,61,1.58,3910,3896,99.64
09/27/2025,11,5GNR,Florida,143,Jacksonville,4G5G_HAILE,1437652,0,0,0,0,NaN,0,0,0,NaN,0,NaN,0,0,NaN,0,0,NaN,NaN,NaN,NaN,NaN,NaN,NaN,NaN,0,0,0,0,4093.32,202,381,376,98.69,22,1986,1980,99.7,571.2,3851,61,1.58,3910,3896,99.64
09/27/2025,11,5GNR,Florida,143,Jacksonville,4G5G_HALL_LAKE,1437003,0,0,0,0,NaN,0,0,0,NaN,0,NaN,0,0,NaN,0,0,NaN,NaN,NaN,NaN,NaN,NaN,NaN,NaN,0,0,0,0,4093.32,202,381,376,98.69,22,1986,1980,99.7,571.2,3851,61,1.58,3910,3896,99.64
09/27/2025,11,5GNR,Florida,143,Jacksonville,4G5G_HAMPTON_LAKE,1437908,0,0,0,0,NaN,0,0,0,NaN,0,NaN,0,0,NaN,0,0,NaN,NaN,NaN,NaN,NaN,NaN,NaN,NaN,0,0,0,0,4093.32,202,381,376,98.69,22,1986,1980,99.7,571.2,3851,61,1.58,3910,3896,99.64
09/27/2025,11,5GNR,Florida,143,Jacksonville,4G5G_HAVANA,1437770,0,0,0,0,NaN,0,0,0,NaN,0,NaN,0,0,NaN,0,0,NaN,NaN,NaN,NaN,NaN,NaN,NaN,NaN,0,0,0,0,4093.32,202,381,376,98.69,22,1986,1980,99.7,571.2,3851,61,1.58,3910,3896,99.64
09/27/2025,11,5GNR,Florida,143,Jacksonville,4G5G_HAVANA_NORTH,1437975,0,0,0,0,NaN,0,0,0,NaN,0,NaN,0,0,NaN,0,0,NaN,NaN,NaN,NaN,NaN,NaN,NaN,NaN,0,0,0,0,4093.32,202,381,376,98.69,22,1986,1980,99.7,571.2,3851,61,1.58,3910,3896,99.64
09/27/2025,11,5GNR,Florida,143,Jacksonville,4G5G_HCA_REGIONAL_MEDICAL,1437659,0,0,0,0,NaN,0,0,0,NaN,0,NaN,0,0,NaN,0,0,NaN,NaN,NaN,NaN,NaN,NaN,NaN,NaN,0,0,0,0,4093.32,202,381,376,98.69,22,1986,1980,99.7,571.2,3851,61,1.58,3910,3896,99.64
09/27/2025,11,5GNR,Florida,143,Jacksonville,4G5G_HERLONG,1437029,0,0,0,0,NaN,0,0,0,NaN,0,NaN,0,0,NaN,0,0,NaN,NaN,NaN,NaN,NaN,NaN,NaN,NaN,0,0,0,0,4093.32,202,381,376,98.69,22,1986,1980,99.7,571.2,3851,61,1.58,3910,3896,99.64
09/27/2025,11,5GNR,Florida,143,Jacksonville,4G5G_HIGHWAY_441,1437604,0,0,0,0,NaN,0,0,0,NaN,0,NaN,0,0,NaN,0,0,NaN,NaN,NaN,NaN,NaN,NaN,NaN,NaN,0,0,0,0,4093.32,202,381,376,98.69,22,1986,1980,99.7,571.2,3851,61,1.58,3910,3896,99.64
09/27/2025,11,5GNR,Florida,143,Jacksonville,4G5G_HIGH_BLUFF,1437160,0,0,0,0,NaN,0,0,0,NaN,0,NaN,0,0,NaN,0,0,NaN,NaN,NaN,NaN,NaN,NaN,NaN,NaN,0,0,0,0,4093.32,202,381,376,98.69,22,1986,1980,99.7,571.2,3851,61,1.58,3910,3896,99.64
09/27/2025,11,5GNR,Florida,143,Jacksonville,4G5G_HIGH_POINT,1437068,0,0,0,0,NaN,0,0,0,NaN,0,NaN,0,0,NaN,0,0,NaN,NaN,NaN,NaN,NaN,NaN,NaN,NaN,0,0,0,0,4093.32,202,381,376,98.69,22,1986,1980,99.7,571.2,3851,61,1.58,3910,3896,99.64
09/27/2025,11,5GNR,Florida,143,Jacksonville,4G5G_HIGH_SPRINGS_RELO,1437644,0,0,0,0,NaN,0,0,0,NaN,0,NaN,0,0,NaN,0,0,NaN,NaN,NaN,NaN,NaN,NaN,NaN,NaN,0,0,0,0,4093.32,202,381,376,98.69,22,1986,1980,99.7,571.2,3851,61,1.58,3910,3896,99.64
09/27/2025,11,5GNR,Florida,143,Jacksonville,4G5G_HIGH_SPRINGS_WEST,1437571,0,0,0,0,NaN,0,0,0,NaN,0,NaN,0,0,NaN,0,0,NaN,NaN,NaN,NaN,NaN,NaN,NaN,NaN,0,0,0,0,4093.32,202,381,376,98.69,22,1986,1980,99.7,571.2,3851,61,1.58,3910,3896,99.64
09/27/2025,11,5GNR,Florida,143,Jacksonville,4G5G_HILAMAN_PARK_HP004,1437402,0,0,0,0,NaN,0,0,0,NaN,0,NaN,0,0,NaN,0,0,NaN,NaN,NaN,NaN,NaN,NaN,NaN,NaN,0,0,0,0,4093.32,202,381,376,98.69,22,1986,1980,99.7,571.2,3851,61,1.58,3910,3896,99.64
09/27/2025,11,5GNR,Florida,143,Jacksonville,4G5G_HILLIARD_EAST,1437367,0,0,0,0,NaN,0,0,0,NaN,0,NaN,0,0,NaN,0,0,NaN,NaN,NaN,NaN,NaN,NaN,NaN,NaN,0,0,0,0,4093.32,202,381,376,98.69,22,1986,1980,99.7,571.2,3851,61,1.58,3910,3896,99.64
09/27/2025,11,5GNR,Florida,143,Jacksonville,4G5G_HOLLAND_M_WARE_CHARITABLE_FOUNDATION,1437481,0,0,0,0,NaN,0,0,0,NaN,0,NaN,0,0,NaN,0,0,NaN,NaN,NaN,NaN,NaN,NaN,NaN,NaN,0,0,0,0,4093.32,202,381,376,98.69,22,1986,1980,99.7,571.2,3851,61,1.58,3910,3896,99.64
09/27/2025,11,5GNR,Florida,143,Jacksonville,4G5G_HOLLAND_M_WARE_CHARITABLE_FOUNDATION,1439481,0,0,0,0,NaN,0,0,0,NaN,0,NaN,0,0,NaN,0,0,NaN,NaN,NaN,NaN,NaN,NaN,NaN,NaN,0,0,0,0,4093.32,202,381,376,98.69,22,1986,1980,99.7,571.2,3851,61,1.58,3910,3896,99.64
09/27/2025,11,5GNR,Florida,143,Jacksonville,4G5G_HOLLISTER,1437693,0,0,0,0,NaN,0,0,0,NaN,0,NaN,0,0,NaN,0,0,NaN,NaN,NaN,NaN,NaN,NaN,NaN,NaN,0,0,0,0,4093.32,202,381,376,98.69,22,1986,1980,99.7,571.2,3851,61,1.58,3910,3896,99.64
09/27/2025,11,5GNR,Florida,143,Jacksonville,4G5G_HORACE_LEWIS,1437756,0,0,0,0,NaN,0,0,0,NaN,0,NaN,0,0,NaN,0,0,NaN,NaN,NaN,NaN,NaN,NaN,NaN,NaN,0,0,0,0,4093.32,202,381,376,98.69,22,1986,1980,99.7,571.2,3851,61,1.58,3910,3896,99.64
09/27/2025,11,5GNR,Florida,143,Jacksonville,4G5G_HPN019,1437737,0,0,0,0,NaN,0,0,0,NaN,0,NaN,0,0,NaN,0,0,NaN,NaN,NaN,NaN,NaN,NaN,NaN,NaN,0,0,0,0,4093.32,202,381,376,98.69,22,1986,1980,99.7,571.2,3851,61,1.58,3910,3896,99.64
09/27/2025,11,5GNR,Florida,143,Jacksonville,4G5G_HWY_19_PALATKA,1437375,0,0,0,0,NaN,0,0,0,NaN,0,NaN,0,0,NaN,0,0,NaN,NaN,NaN,NaN,NaN,NaN,NaN,NaN,0,0,0,0,4093.32,202,381,376,98.69,22,1986,1980,99.7,571.2,3851,61,1.58,3910,3896,99.64
09/27/2025,11,5GNR,Florida,143,Jacksonville,4G5G_HWY_19_PALATKA,1439375,0,0,0,0,NaN,0,0,0,NaN,0,NaN,0,0,NaN,0,0,NaN,NaN,NaN,NaN,NaN,NaN,NaN,NaN,0,0,0,0,4093.32,202,381,376,98.69,22,1986,1980,99.7,571.2,3851,61,1.58,3910,3896,99.64
09/27/2025,11,5GNR,Florida,143,Jacksonville,4G5G_HWY_51,1437611,0,0,0,0,NaN,0,0,0,NaN,0,NaN,0,0,NaN,0,0,NaN,NaN,NaN,NaN,NaN,NaN,NaN,NaN,0,0,0,0,4093.32,202,381,376,98.69,22,1986,1980,99.7,571.2,3851,61,1.58,3910,3896,99.64
09/27/2025,11,5GNR,Florida,143,Jacksonville,4G5G_I10_77_117,1437360,0,0,0,0,NaN,0,0,0,NaN,0,NaN,0,0,NaN,0,0,NaN,NaN,NaN,NaN,NaN,NaN,NaN,NaN,0,0,0,0,4093.32,202,381,376,98.69,22,1986,1980,99.7,571.2,3851,61,1.58,3910,3896,99.64
09/27/2025,11,5GNR,Florida,143,Jacksonville,4G5G_I75_HWY47,1437162,0,0,0,0,NaN,0,0,0,NaN,0,NaN,0,0,NaN,0,0,NaN,NaN,NaN,NaN,NaN,NaN,NaN,NaN,0,0,0,0,4093.32,202,381,376,98.69,22,1986,1980,99.7,571.2,3851,61,1.58,3910,3896,99.64
09/27/2025,11,5GNR,Florida,143,Jacksonville,4G5G_I75_HWY47,1439162,0,0,0,0,NaN,0,0,0,NaN,0,NaN,0,0,NaN,0,0,NaN,NaN,NaN,NaN,NaN,NaN,NaN,NaN,0,0,0,0,4093.32,202,381,376,98.69,22,1986,1980,99.7,571.2,3851,61,1.58,3910,3896,99.64
09/27/2025,11,5GNR,Florida,143,Jacksonville,4G5G_ICHETUCKNEE_SPRINGS,1437355,0,0,0,0,NaN,0,0,0,NaN,0,NaN,0,0,NaN,0,0,NaN,NaN,NaN,NaN,NaN,NaN,NaN,NaN,0,0,0,0,4093.32,202,381,376,98.69,22,1986,1980,99.7,571.2,3851,61,1.58,3910,3896,99.64
09/27/2025,11,5GNR,Florida,143,Jacksonville,4G5G_ICHETUCKNEE_SPRINGS,1439355,0,0,0,0,NaN,0,0,0,NaN,0,NaN,0,0,NaN,0,0,NaN,NaN,NaN,NaN,NaN,NaN,NaN,NaN,0,0,0,0,4093.32,202,381,376,98.69,22,1986,1980,99.7,571.2,3851,61,1.58,3910,3896,99.64
09/27/2025,11,5GNR,Florida,143,Jacksonville,4G5G_IDLEWILD_CLAY,1437067,0,0,0,0,NaN,0,0,0,NaN,0,NaN,0,0,NaN,0,0,NaN,NaN,NaN,NaN,NaN,NaN,NaN,NaN,0,0,0,0,4093.32,202,381,376,98.69,22,1986,1980,99.7,571.2,3851,61,1.58,3910,3896,99.64
09/27/2025,11,5GNR,Florida,143,Jacksonville,4G5G_INGLEWOOD,1437829,0,0,0,0,NaN,0,0,0,NaN,0,NaN,0,0,NaN,0,0,NaN,NaN,NaN,NaN,NaN,NaN,NaN,NaN,0,0,0,0,4093.32,202,381,376,98.69,22,1986,1980,99.7,571.2,3851,61,1.58,3910,3896,99.64
09/27/2025,11,5GNR,Florida,143,Jacksonville,4G5G_INSITE_ALLIGATOR_POINT,1437860,0,0,0,0,NaN,0,0,0,NaN,0,NaN,0,0,NaN,0,0,NaN,NaN,NaN,NaN,NaN,NaN,NaN,NaN,0,0,0,0,4093.32,202,381,376,98.69,22,1986,1980,99.7,571.2,3851,61,1.58,3910,3896,99.64
09/27/2025,11,5GNR,Florida,143,Jacksonville,4G5G_INTERLACHEN,1437692,0,0,0,0,NaN,0,0,0,NaN,0,NaN,0,0,NaN,0,0,NaN,NaN,NaN,NaN,NaN,NaN,NaN,NaN,0,0,0,0,4093.32,202,381,376,98.69,22,1986,1980,99.7,571.2,3851,61,1.58,3910,3896,99.64
09/27/2025,11,5GNR,Florida,143,Jacksonville,4G5G_INTREPID_HURLEY_HILL,1437856,0,0,0,0,NaN,0,0,0,NaN,0,NaN,0,0,NaN,0,0,NaN,NaN,NaN,NaN,NaN,NaN,NaN,NaN,0,0,0,0,4093.32,202,381,376,98.69,22,1986,1980,99.7,571.2,3851,61,1.58,3910,3896,99.64
09/27/2025,11,5GNR,Florida,143,Jacksonville,4G5G_INTREPID_MEDART,1437857,0,0,0,0,NaN,0,0,0,NaN,0,NaN,0,0,NaN,0,0,NaN,NaN,NaN,NaN,NaN,NaN,NaN,NaN,0,0,0,0,4093.32,202,381,376,98.69,22,1986,1980,99.7,571.2,3851,61,1.58,3910,3896,99.64
09/27/2025,11,5GNR,Florida,143,Jacksonville,4G5G_INTREPID_ST_JOHNS,1437163,0,0,0,0,NaN,0,0,0,NaN,0,NaN,0,0,NaN,0,0,NaN,NaN,NaN,NaN,NaN,NaN,NaN,NaN,0,0,0,0,4093.32,202,381,376,98.69,22,1986,1980,99.7,571.2,3851,61,1.58,3910,3896,99.64
09/27/2025,11,5GNR,Florida,143,Jacksonville,4G5G_INT_SHADY_GROVE,1437269,0,0,0,0,NaN,0,0,0,NaN,0,NaN,0,0,NaN,0,0,NaN,NaN,NaN,NaN,NaN,NaN,NaN,NaN,0,0,0,0,4093.32,202,381,376,98.69,22,1986,1980,99.7,571.2,3851,61,1.58,3910,3896,99.64
09/27/2025,11,5GNR,Florida,143,Jacksonville,4G5G_JACKSONVILLE_RECYCLING,1437131,0,0,0,0,NaN,0,0,0,NaN,0,NaN,0,0,NaN,0,0,NaN,NaN,NaN,NaN,NaN,NaN,NaN,NaN,0,0,0,0,4093.32,202,381,376,98.69,22,1986,1980,99.7,571.2,3851,61,1.58,3910,3896,99.64
09/27/2025,11,5GNR,Florida,143,Jacksonville,4G5G_JACKSONVILLE_RECYCLING,1439131,0,0,0,0,NaN,0,0,0,NaN,0,NaN,0,0,NaN,0,0,NaN,NaN,NaN,NaN,NaN,NaN,NaN,NaN,0,0,0,0,4093.32,202,381,376,98.69,22,1986,1980,99.7,571.2,3851,61,1.58,3910,3896,99.64
09/27/2025,11,5GNR,Florida,143,Jacksonville,4G5G_JAFFA,1437079,0,0,0,0,NaN,0,0,0,NaN,0,NaN,0,0,NaN,0,0,NaN,NaN,NaN,NaN,NaN,NaN,NaN,NaN,0,0,0,0,4093.32,202,381,376,98.69,22,1986,1980,99.7,571.2,3851,61,1.58,3910,3896,99.64
09/27/2025,11,5GNR,Florida,143,Jacksonville,4G5G_JASPER,1437602,0,0,0,0,NaN,0,0,0,NaN,0,NaN,0,0,NaN,0,0,NaN,NaN,NaN,NaN,NaN,NaN,NaN,NaN,0,0,0,0,4093.32,202,381,376,98.69,22,1986,1980,99.7,571.2,3851,61,1.58,3910,3896,99.64
09/27/2025,11,5GNR,Florida,143,Jacksonville,4G5G_JAX_AIR_04,1437235,0,0,0,0,NaN,0,0,0,NaN,0,NaN,0,0,NaN,0,0,NaN,NaN,NaN,NaN,NaN,NaN,NaN,NaN,0,0,0,0,4093.32,202,381,376,98.69,22,1986,1980,99.7,571.2,3851,61,1.58,3910,3896,99.64
09/27/2025,11,5GNR,Florida,143,Jacksonville,4G5G_JAX_AIR_04,1439235,0,0,0,0,NaN,0,0,0,NaN,0,NaN,0,0,NaN,0,0,NaN,NaN,NaN,NaN,NaN,NaN,NaN,NaN,0,0,0,0,4093.32,202,381,376,98.69,22,1986,1980,99.7,571.2,3851,61,1.58,3910,3896,99.64
09/27/2025,11,5GNR,Florida,143,Jacksonville,4G5G_JAX_COLLEGE_PARK,1437372,0,0,0,0,NaN,0,0,0,NaN,0,NaN,0,0,NaN,0,0,NaN,NaN,NaN,NaN,NaN,NaN,NaN,NaN,0,0,0,0,4093.32,202,381,376,98.69,22,1986,1980,99.7,571.2,3851,61,1.58,3910,3896,99.64
09/27/2025,11,5GNR,Florida,143,Jacksonville,4G5G_JAX_DT,1438415,0,0,0,0,NaN,0,0,0,NaN,0,NaN,0,0,NaN,0,0,NaN,NaN,NaN,NaN,NaN,NaN,NaN,NaN,0,0,0,0,4093.32,202,381,376,98.69,22,1986,1980,99.7,571.2,3851,61,1.58,3910,3896,99.64
09/27/2025,11,5GNR,Florida,143,Jacksonville,4G5G_JAX_DT,1439181,0,0,0,0,NaN,0,0,0,NaN,0,NaN,0,0,NaN,0,0,NaN,NaN,NaN,NaN,NaN,NaN,NaN,NaN,0,0,0,0,4093.32,202,381,376,98.69,22,1986,1980,99.7,571.2,3851,61,1.58,3910,3896,99.64
09/27/2025,11,5GNR,Florida,143,Jacksonville,4G5G_JAX_DT,1439422,0,0,0,0,NaN,0,0,0,NaN,0,NaN,0,0,NaN,0,0,NaN,NaN,NaN,NaN,NaN,NaN,NaN,NaN,0,0,0,0,4093.32,202,381,376,98.69,22,1986,1980,99.7,571.2,3851,61,1.58,3910,3896,99.64
09/27/2025,11,5GNR,Florida,143,Jacksonville,4G5G_JAX_DT_072,1439421,0,0,0,0,NaN,0,0,0,NaN,0,NaN,0,0,NaN,0,0,NaN,NaN,NaN,NaN,NaN,NaN,NaN,NaN,0,0,0,0,4093.32,202,381,376,98.69,22,1986,1980,99.7,571.2,3851,61,1.58,3910,3896,99.64
09/27/2025,11,5GNR,Florida,143,Jacksonville,4G5G_JAX_JAGUARS_SPC,1437143,0,0,0,0,NaN,0,0,0,NaN,0,NaN,0,0,NaN,0,0,NaN,NaN,NaN,NaN,NaN,NaN,NaN,NaN,0,0,0,0,4093.32,202,381,376,98.69,22,1986,1980,99.7,571.2,3851,61,1.58,3910,3896,99.64
09/27/2025,11,5GNR,Florida,143,Jacksonville,4G5G_JAX_PARKS_ALBERTS_FIELD,1437392,0,0,0,0,NaN,0,0,0,NaN,0,NaN,0,0,NaN,0,0,NaN,NaN,NaN,NaN,NaN,NaN,NaN,NaN,0,0,0,0,4093.32,202,381,376,98.69,22,1986,1980,99.7,571.2,3851,61,1.58,3910,3896,99.64
09/27/2025,11,5GNR,Florida,143,Jacksonville,4G5G_JAX_PARKS_ALBERTS_FIELD,1439392,0,0,0,0,NaN,0,0,0,NaN,0,NaN,0,0,NaN,0,0,NaN,NaN,NaN,NaN,NaN,NaN,NaN,NaN,0,0,0,0,4093.32,202,381,376,98.69,22,1986,1980,99.7,571.2,3851,61,1.58,3910,3896,99.64
09/27/2025,11,5GNR,Florida,143,Jacksonville,4G5G_JAX_RACEWAY,1437066,0,0,0,0,NaN,0,0,0,NaN,0,NaN,0,0,NaN,0,0,NaN,NaN,NaN,NaN,NaN,NaN,NaN,NaN,0,0,0,0,4093.32,202,381,376,98.69,22,1986,1980,99.7,571.2,3851,61,1.58,3910,3896,99.64
09/27/2025,11,5GNR,Florida,143,Jacksonville,4G5G_JEA_BEACHWOOD,1437007,0,0,0,0,NaN,0,0,0,NaN,0,NaN,0,0,NaN,0,0,NaN,NaN,NaN,NaN,NaN,NaN,NaN,NaN,0,0,0,0,4093.32,202,381,376,98.69,22,1986,1980,99.7,571.2,3851,61,1.58,3910,3896,99.64
09/27/2025,11,5GNR,Florida,143,Jacksonville,4G5G_JEA_BEACHWOOD,1439007,0,0,0,0,NaN,0,0,0,NaN,0,NaN,0,0,NaN,0,0,NaN,NaN,NaN,NaN,NaN,NaN,NaN,NaN,0,0,0,0,4093.32,202,381,376,98.69,22,1986,1980,99.7,571.2,3851,61,1.58,3910,3896,99.64
09/27/2025,11,5GNR,Florida,143,Jacksonville,4G5G_JEA_OTIS_RD,1437006,0,0,0,0,NaN,0,0,0,NaN,0,NaN,0,0,NaN,0,0,NaN,NaN,NaN,NaN,NaN,NaN,NaN,NaN,0,0,0,0,4093.32,202,381,376,98.69,22,1986,1980,99.7,571.2,3851,61,1.58,3910,3896,99.64
09/27/2025,11,5GNR,Florida,143,Jacksonville,4G5G_JEA_OTIS_RD,1439006,0,0,0,0,NaN,0,0,0,NaN,0,NaN,0,0,NaN,0,0,NaN,NaN,NaN,NaN,NaN,NaN,NaN,NaN,0,0,0,0,4093.32,202,381,376,98.69,22,1986,1980,99.7,571.2,3851,61,1.58,3910,3896,99.64
09/27/2025,11,5GNR,Florida,143,Jacksonville,4G5G_JEA_SE_SUBSTATION,1437563,0,0,0,0,NaN,0,0,0,NaN,0,NaN,0,0,NaN,0,0,NaN,NaN,NaN,NaN,NaN,NaN,NaN,NaN,0,0,0,0,4093.32,202,381,376,98.69,22,1986,1980,99.7,571.2,3851,61,1.58,3910,3896,99.64
09/27/2025,11,5GNR,Florida,143,Jacksonville,4G5G_JEA_ST_JOHNS_FOREST_HUB,1437301,0,0,0,0,NaN,0,0,0,NaN,0,NaN,0,0,NaN,0,0,NaN,NaN,NaN,NaN,NaN,NaN,NaN,NaN,0,0,0,0,4093.32,202,381,376,98.69,22,1986,1980,99.7,571.2,3851,61,1.58,3910,3896,99.64
09/27/2025,11,5GNR,Florida,143,Jacksonville,4G5G_JEFFERSON_CORRECTIONAL,1437585,0,0,0,0,NaN,0,0,0,NaN,0,NaN,0,0,NaN,0,0,NaN,NaN,NaN,NaN,NaN,NaN,NaN,NaN,0,0,0,0,4093.32,202,381,376,98.69,22,1986,1980,99.7,571.2,3851,61,1.58,3910,3896,99.64
09/27/2025,11,5GNR,Florida,143,Jacksonville,4G5G_JEFFERSON_CORRECTIONAL,1439585,0,0,0,0,NaN,0,0,0,NaN,0,NaN,0,0,NaN,0,0,NaN,NaN,NaN,NaN,NaN,NaN,NaN,NaN,0,0,0,0,4093.32,202,381,376,98.69,22,1986,1980,99.7,571.2,3851,61,1.58,3910,3896,99.64
09/27/2025,11,5GNR,Florida,143,Jacksonville,4G5G_JEFFERSON_COUNTY_EOC,1438775,0,0,0,0,NaN,0,0,0,NaN,0,NaN,0,0,NaN,0,0,NaN,NaN,NaN,NaN,NaN,NaN,NaN,NaN,0,0,0,0,4093.32,202,381,376,98.69,22,1986,1980,99.7,571.2,3851,61,1.58,3910,3896,99.64
09/27/2025,11,5GNR,Florida,143,Jacksonville,4G5G_JENNINGS,1437599,0,0,0,0,NaN,0,0,0,NaN,0,NaN,0,0,NaN,0,0,NaN,NaN,NaN,NaN,NaN,NaN,NaN,NaN,0,0,0,0,4093.32,202,381,376,98.69,22,1986,1980,99.7,571.2,3851,61,1.58,3910,3896,99.64
09/27/2025,11,5GNR,Florida,143,Jacksonville,4G5G_JENNINGS_RELHR,1437120,0,0,0,0,NaN,0,0,0,NaN,0,NaN,0,0,NaN,0,0,NaN,NaN,NaN,NaN,NaN,NaN,NaN,NaN,0,0,0,0,4093.32,202,381,376,98.69,22,1986,1980,99.7,571.2,3851,61,1.58,3910,3896,99.64
09/27/2025,11,5GNR,Florida,143,Jacksonville,4G5G_JENNINGS_RELHR,1439120,0,0,0,0,NaN,0,0,0,NaN,0,NaN,0,0,NaN,0,0,NaN,NaN,NaN,NaN,NaN,NaN,NaN,NaN,0,0,0,0,4093.32,202,381,376,98.69,22,1986,1980,99.7,571.2,3851,61,1.58,3910,3896,99.64
09/27/2025,11,5GNR,Florida,143,Jacksonville,4G5G_JONESVILLE,1437650,0,0,0,0,NaN,0,0,0,NaN,0,NaN,0,0,NaN,0,0,NaN,NaN,NaN,NaN,NaN,NaN,NaN,NaN,0,0,0,0,4093.32,202,381,376,98.69,22,1986,1980,99.7,571.2,3851,61,1.58,3910,3896,99.64
09/27/2025,11,5GNR,Florida,143,Jacksonville,4G5G_JONESVILLE_NORTH,1437404,0,0,0,0,NaN,0,0,0,NaN,0,NaN,0,0,NaN,0,0,NaN,NaN,NaN,NaN,NaN,NaN,NaN,NaN,0,0,0,0,4093.32,202,381,376,98.69,22,1986,1980,99.7,571.2,3851,61,1.58,3910,3896,99.64
09/27/2025,11,5GNR,Florida,143,Jacksonville,4G5G_JONES_SE_LAKE_CITY,1437446,0,0,0,0,NaN,0,0,0,NaN,0,NaN,0,0,NaN,0,0,NaN,NaN,NaN,NaN,NaN,NaN,NaN,NaN,0,0,0,0,4093.32,202,381,376,98.69,22,1986,1980,99.7,571.2,3851,61,1.58,3910,3896,99.64
09/27/2025,11,5GNR,Florida,143,Jacksonville,4G5G_KENT,1437300,0,0,0,0,NaN,0,0,0,NaN,0,NaN,0,0,NaN,0,0,NaN,NaN,NaN,NaN,NaN,NaN,NaN,NaN,0,0,0,0,4093.32,202,381,376,98.69,22,1986,1980,99.7,571.2,3851,61,1.58,3910,3896,99.64
09/27/2025,11,5GNR,Florida,143,Jacksonville,4G5G_KENT,1439300,0,0,0,0,NaN,0,0,0,NaN,0,NaN,0,0,NaN,0,0,NaN,NaN,NaN,NaN,NaN,NaN,NaN,NaN,0,0,0,0,4093.32,202,381,376,98.69,22,1986,1980,99.7,571.2,3851,61,1.58,3910,3896,99.64
09/27/2025,11,5GNR,Florida,143,Jacksonville,4G5G_KEYSTONE_FL_2,1437915,0,0,0,0,NaN,0,0,0,NaN,0,NaN,0,0,NaN,0,0,NaN,NaN,NaN,NaN,NaN,NaN,NaN,NaN,0,0,0,0,4093.32,202,381,376,98.69,22,1986,1980,99.7,571.2,3851,61,1.58,3910,3896,99.64
09/27/2025,11,5GNR,Florida,143,Jacksonville,4G5G_KEYSTONE_FL_2,1439915,0,0,0,0,NaN,0,0,0,NaN,0,NaN,0,0,NaN,0,0,NaN,NaN,NaN,NaN,NaN,NaN,NaN,NaN,0,0,0,0,4093.32,202,381,376,98.69,22,1986,1980,99.7,571.2,3851,61,1.58,3910,3896,99.64
09/27/2025,11,5GNR,Florida,143,Jacksonville,4G5G_KLM_TWRS_S_MACCLENNY,1437117,0,0,0,0,NaN,0,0,0,NaN,0,NaN,0,0,NaN,0,0,NaN,NaN,NaN,NaN,NaN,NaN,NaN,NaN,0,0,0,0,4093.32,202,381,376,98.69,22,1986,1980,99.7,571.2,3851,61,1.58,3910,3896,99.64
09/27/2025,11,5GNR,Florida,143,Jacksonville,4G5G_LACROSSE,1437663,0,0,0,0,NaN,0,0,0,NaN,0,NaN,0,0,NaN,0,0,NaN,NaN,NaN,NaN,NaN,NaN,NaN,NaN,0,0,0,0,4093.32,202,381,376,98.69,22,1986,1980,99.7,571.2,3851,61,1.58,3910,3896,99.64
09/27/2025,11,5GNR,Florida,143,Jacksonville,4G5G_LAKE_ARGYLE_FOREST,1437435,0,0,0,0,NaN,0,0,0,NaN,0,NaN,0,0,NaN,0,0,NaN,NaN,NaN,NaN,NaN,NaN,NaN,NaN,0,0,0,0,4093.32,202,381,376,98.69,22,1986,1980,99.7,571.2,3851,61,1.58,3910,3896,99.64
09/27/2025,11,5GNR,Florida,143,Jacksonville,4G5G_LAKE_CITY,1437619,0,0,0,0,NaN,0,0,0,NaN,0,NaN,0,0,NaN,0,0,NaN,NaN,NaN,NaN,NaN,NaN,NaN,NaN,0,0,0,0,4093.32,202,381,376,98.69,22,1986,1980,99.7,571.2,3851,61,1.58,3910,3896,99.64
09/27/2025,11,5GNR,Florida,143,Jacksonville,4G5G_LAKE_CITY_ATC,1437582,0,0,0,0,NaN,0,0,0,NaN,0,NaN,0,0,NaN,0,0,NaN,NaN,NaN,NaN,NaN,NaN,NaN,NaN,0,0,0,0,4093.32,202,381,376,98.69,22,1986,1980,99.7,571.2,3851,61,1.58,3910,3896,99.64
09/27/2025,11,5GNR,Florida,143,Jacksonville,4G5G_LAKE_CITY_ATC,1439582,0,0,0,0,NaN,0,0,0,NaN,0,NaN,0,0,NaN,0,0,NaN,NaN,NaN,NaN,NaN,NaN,NaN,NaN,0,0,0,0,4093.32,202,381,376,98.69,22,1986,1980,99.7,571.2,3851,61,1.58,3910,3896,99.64
09/27/2025,11,5GNR,Florida,143,Jacksonville,4G5G_LAKE_CITY_EAST,1437618,0,0,0,0,NaN,0,0,0,NaN,0,NaN,0,0,NaN,0,0,NaN,NaN,NaN,NaN,NaN,NaN,NaN,NaN,0,0,0,0,4093.32,202,381,376,98.69,22,1986,1980,99.7,571.2,3851,61,1.58,3910,3896,99.64
09/27/2025,11,5GNR,Florida,143,Jacksonville,4G5G_LAKE_CITY_II,1439623,0,0,0,0,NaN,0,0,0,NaN,0,NaN,0,0,NaN,0,0,NaN,NaN,NaN,NaN,NaN,NaN,NaN,NaN,0,0,0,0,4093.32,202,381,376,98.69,22,1986,1980,99.7,571.2,3851,61,1.58,3910,3896,99.64
09/27/2025,11,5GNR,Florida,143,Jacksonville,4G5G_LAKE_CITY_WEST,1437349,0,0,0,0,NaN,0,0,0,NaN,0,NaN,0,0,NaN,0,0,NaN,NaN,NaN,NaN,NaN,NaN,NaN,NaN,0,0,0,0,4093.32,202,381,376,98.69,22,1986,1980,99.7,571.2,3851,61,1.58,3910,3896,99.64
09/27/2025,11,5GNR,Florida,143,Jacksonville,4G5G_LAKE_TALQUIN,1437823,0,0,0,0,NaN,0,0,0,NaN,0,NaN,0,0,NaN,0,0,NaN,NaN,NaN,NaN,NaN,NaN,NaN,NaN,0,0,0,0,4093.32,202,381,376,98.69,22,1986,1980,99.7,571.2,3851,61,1.58,3910,3896,99.64
09/27/2025,11,5GNR,Florida,143,Jacksonville,4G5G_LAKE_TALQUIN_NORTH,1437384,0,0,0,0,NaN,0,0,0,NaN,0,NaN,0,0,NaN,0,0,NaN,NaN,NaN,NaN,NaN,NaN,NaN,NaN,0,0,0,0,4093.32,202,381,376,98.69,22,1986,1980,99.7,571.2,3851,61,1.58,3910,3896,99.64
09/27/2025,11,5GNR,Florida,143,Jacksonville,4G5G_LAMONT,1437781,0,0,0,0,NaN,0,0,0,NaN,0,NaN,0,0,NaN,0,0,NaN,NaN,NaN,NaN,NaN,NaN,NaN,NaN,0,0,0,0,4093.32,202,381,376,98.69,22,1986,1980,99.7,571.2,3851,61,1.58,3910,3896,99.64
09/27/2025,11,5GNR,Florida,143,Jacksonville,4G5G_LAWTEY,1437690,0,0,0,0,NaN,0,0,0,NaN,0,NaN,0,0,NaN,0,0,NaN,NaN,NaN,NaN,NaN,NaN,NaN,NaN,0,0,0,0,4093.32,202,381,376,98.69,22,1986,1980,99.7,571.2,3851,61,1.58,3910,3896,99.64
09/27/2025,11,5GNR,Florida,143,Jacksonville,4G5G_LAWTEY_SOUTH,1437580,0,0,0,0,NaN,0,0,0,NaN,0,NaN,0,0,NaN,0,0,NaN,NaN,NaN,NaN,NaN,NaN,NaN,NaN,0,0,0,0,4093.32,202,381,376,98.69,22,1986,1980,99.7,571.2,3851,61,1.58,3910,3896,99.64
09/27/2025,11,5GNR,Florida,143,Jacksonville,4G5G_LAWTEY_WEST,1437953,0,0,0,0,NaN,0,0,0,NaN,0,NaN,0,0,NaN,0,0,NaN,NaN,NaN,NaN,NaN,NaN,NaN,NaN,0,0,0,0,4093.32,202,381,376,98.69,22,1986,1980,99.7,571.2,3851,61,1.58,3910,3896,99.64
09/27/2025,11,5GNR,Florida,143,Jacksonville,4G5G_LENOX_LANE_AVE,1437093,0,0,0,0,NaN,0,0,0,NaN,0,NaN,0,0,NaN,0,0,NaN,NaN,NaN,NaN,NaN,NaN,NaN,NaN,0,0,0,0,4093.32,202,381,376,98.69,22,1986,1980,99.7,571.2,3851,61,1.58,3910,3896,99.64
09/27/2025,11,5GNR,Florida,143,Jacksonville,4G5G_LENOX_LANE_AVE,1439093,0,0,0,0,NaN,0,0,0,NaN,0,NaN,0,0,NaN,0,0,NaN,NaN,NaN,NaN,NaN,NaN,NaN,NaN,0,0,0,0,4093.32,202,381,376,98.69,22,1986,1980,99.7,571.2,3851,61,1.58,3910,3896,99.64
09/27/2025,11,5GNR,Florida,143,Jacksonville,4G5G_LEWIS_QUEENS_HARBOR,1437254,0,0,0,0,NaN,0,0,0,NaN,0,NaN,0,0,NaN,0,0,NaN,NaN,NaN,NaN,NaN,NaN,NaN,NaN,0,0,0,0,4093.32,202,381,376,98.69,22,1986,1980,99.7,571.2,3851,61,1.58,3910,3896,99.64
09/27/2025,11,5GNR,Florida,143,Jacksonville,4G5G_LIGHTHOUSE_UTILITIES_CO,1437876,0,0,0,0,NaN,0,0,0,NaN,0,NaN,0,0,NaN,0,0,NaN,NaN,NaN,NaN,NaN,NaN,NaN,NaN,0,0,0,0,4093.32,202,381,376,98.69,22,1986,1980,99.7,571.2,3851,61,1.58,3910,3896,99.64
09/27/2025,11,5GNR,Florida,143,Jacksonville,4G5G_LITTLE_RIVER_RYAN,1437282,0,0,0,0,NaN,0,0,0,NaN,0,NaN,0,0,NaN,0,0,NaN,NaN,NaN,NaN,NaN,NaN,NaN,NaN,0,0,0,0,4093.32,202,381,376,98.69,22,1986,1980,99.7,571.2,3851,61,1.58,3910,3896,99.64
09/27/2025,11,5GNR,Florida,143,Jacksonville,4G5G_LITTLE_RIVER_RYAN,1439282,0,0,0,0,NaN,0,0,0,NaN,0,NaN,0,0,NaN,0,0,NaN,NaN,NaN,NaN,NaN,NaN,NaN,NaN,0,0,0,0,4093.32,202,381,376,98.69,22,1986,1980,99.7,571.2,3851,61,1.58,3910,3896,99.64
09/27/2025,11,5GNR,Florida,143,Jacksonville,4G5G_LIVE_OAK,1437612,0,0,0,0,NaN,0,0,0,NaN,0,NaN,0,0,NaN,0,0,NaN,NaN,NaN,NaN,NaN,NaN,NaN,NaN,0,0,0,0,4093.32,202,381,376,98.69,22,1986,1980,99.7,571.2,3851,61,1.58,3910,3896,99.64
09/27/2025,11,5GNR,Florida,143,Jacksonville,4G5G_LIVE_OAK_EAST,1437944,0,0,0,0,NaN,0,0,0,NaN,0,NaN,0,0,NaN,0,0,NaN,NaN,NaN,NaN,NaN,NaN,NaN,NaN,0,0,0,0,4093.32,202,381,376,98.69,22,1986,1980,99.7,571.2,3851,61,1.58,3910,3896,99.64
09/27/2025,11,5GNR,Florida,143,Jacksonville,4G5G_LLC_MONO_POLE_NOCATEE,1437133,0,0,0,0,NaN,0,0,0,NaN,0,NaN,0,0,NaN,0,0,NaN,NaN,NaN,NaN,NaN,NaN,NaN,NaN,0,0,0,0,4093.32,202,381,376,98.69,22,1986,1980,99.7,571.2,3851,61,1.58,3910,3896,99.64
09/27/2025,11,5GNR,Florida,143,Jacksonville,4G5G_LLOYD,1437810,0,0,0,0,NaN,0,0,0,NaN,0,NaN,0,0,NaN,0,0,NaN,NaN,NaN,NaN,NaN,NaN,NaN,NaN,0,0,0,0,4093.32,202,381,376,98.69,22,1986,1980,99.7,571.2,3851,61,1.58,3910,3896,99.64
09/27/2025,11,5GNR,Florida,143,Jacksonville,4G5G_LOCHLOOSA,1437683,0,0,0,0,NaN,0,0,0,NaN,0,NaN,0,0,NaN,0,0,NaN,NaN,NaN,NaN,NaN,NaN,NaN,NaN,0,0,0,0,4093.32,202,381,376,98.69,22,1986,1980,99.7,571.2,3851,61,1.58,3910,3896,99.64
09/27/2025,11,5GNR,Florida,143,Jacksonville,4G5G_LOCHLOOSA_EAST,1437112,0,0,0,0,NaN,0,0,0,NaN,0,NaN,0,0,NaN,0,0,NaN,NaN,NaN,NaN,NaN,NaN,NaN,NaN,0,0,0,0,4093.32,202,381,376,98.69,22,1986,1980,99.7,571.2,3851,61,1.58,3910,3896,99.64
09/27/2025,11,5GNR,Florida,143,Jacksonville,4G5G_LOCHLOOSA_EAST,1439112,0,0,0,0,NaN,0,0,0,NaN,0,NaN,0,0,NaN,0,0,NaN,NaN,NaN,NaN,NaN,NaN,NaN,NaN,0,0,0,0,4093.32,202,381,376,98.69,22,1986,1980,99.7,571.2,3851,61,1.58,3910,3896,99.64
09/27/2025,11,5GNR,Florida,143,Jacksonville,4G5G_LOTT_NORTH,1437167,0,0,0,0,NaN,0,0,0,NaN,0,NaN,0,0,NaN,0,0,NaN,NaN,NaN,NaN,NaN,NaN,NaN,NaN,0,0,0,0,4093.32,202,381,376,98.69,22,1986,1980,99.7,571.2,3851,61,1.58,3910,3896,99.64
09/27/2025,11,5GNR,Florida,143,Jacksonville,4G5G_LOTT_NORTH,1439167,0,0,0,0,NaN,0,0,0,NaN,0,NaN,0,0,NaN,0,0,NaN,NaN,NaN,NaN,NaN,NaN,NaN,NaN,0,0,0,0,4093.32,202,381,376,98.69,22,1986,1980,99.7,571.2,3851,61,1.58,3910,3896,99.64
09/27/2025,11,5GNR,Florida,143,Jacksonville,4G5G_MABRY,1437834,0,0,0,0,NaN,0,0,0,NaN,0,NaN,0,0,NaN,0,0,NaN,NaN,NaN,NaN,NaN,NaN,NaN,NaN,0,0,0,0,4093.32,202,381,376,98.69,22,1986,1980,99.7,571.2,3851,61,1.58,3910,3896,99.64
09/27/2025,11,5GNR,Florida,143,Jacksonville,4G5G_MADISON,1437785,0,0,0,0,NaN,0,0,0,NaN,0,NaN,0,0,NaN,0,0,NaN,NaN,NaN,NaN,NaN,NaN,NaN,NaN,0,0,0,0,4093.32,202,381,376,98.69,22,1986,1980,99.7,571.2,3851,61,1.58,3910,3896,99.64
09/27/2025,11,5GNR,Florida,143,Jacksonville,4G5G_MADISON_CAMPGROUND,1437962,0,0,0,0,NaN,0,0,0,NaN,0,NaN,0,0,NaN,0,0,NaN,NaN,NaN,NaN,NaN,NaN,NaN,NaN,0,0,0,0,4093.32,202,381,376,98.69,22,1986,1980,99.7,571.2,3851,61,1.58,3910,3896,99.64
09/27/2025,11,5GNR,Florida,143,Jacksonville,4G5G_MANDARIN_295,1437017,0,0,0,0,NaN,0,0,0,NaN,0,NaN,0,0,NaN,0,0,NaN,NaN,NaN,NaN,NaN,NaN,NaN,NaN,0,0,0,0,4093.32,202,381,376,98.69,22,1986,1980,99.7,571.2,3851,61,1.58,3910,3896,99.64
09/27/2025,11,5GNR,Florida,143,Jacksonville,4G5G_MASON,1437629,0,0,0,0,NaN,0,0,0,NaN,0,NaN,0,0,NaN,0,0,NaN,NaN,NaN,NaN,NaN,NaN,NaN,NaN,0,0,0,0,4093.32,202,381,376,98.69,22,1986,1980,99.7,571.2,3851,61,1.58,3910,3896,99.64
09/27/2025,11,5GNR,Florida,143,Jacksonville,4G5G_MAYO,1437631,0,0,0,0,NaN,0,0,0,NaN,0,NaN,0,0,NaN,0,0,NaN,NaN,NaN,NaN,NaN,NaN,NaN,NaN,0,0,0,0,4093.32,202,381,376,98.69,22,1986,1980,99.7,571.2,3851,61,1.58,3910,3896,99.64
09/27/2025,11,5GNR,Florida,143,Jacksonville,4G5G_MAYPORT,1437205,0,0,0,0,NaN,0,0,0,NaN,0,NaN,0,0,NaN,0,0,NaN,NaN,NaN,NaN,NaN,NaN,NaN,NaN,0,0,0,0,4093.32,202,381,376,98.69,22,1986,1980,99.7,571.2,3851,61,1.58,3910,3896,99.64
09/27/2025,11,5GNR,Florida,143,Jacksonville,4G5G_MAYPORT,1439205,0,0,0,0,NaN,0,0,0,NaN,0,NaN,0,0,NaN,0,0,NaN,NaN,NaN,NaN,NaN,NaN,NaN,NaN,0,0,0,0,4093.32,202,381,376,98.69,22,1986,1980,99.7,571.2,3851,61,1.58,3910,3896,99.64
09/27/2025,11,5GNR,Florida,143,Jacksonville,4G5G_MEAT_MARKET,1437591,0,0,0,0,NaN,0,0,0,NaN,0,NaN,0,0,NaN,0,0,NaN,NaN,NaN,NaN,NaN,NaN,NaN,NaN,0,0,0,0,4093.32,202,381,376,98.69,22,1986,1980,99.7,571.2,3851,61,1.58,3910,3896,99.64
09/27/2025,11,5GNR,Florida,143,Jacksonville,4G5G_MELROSE,1437691,0,0,0,0,NaN,0,0,0,NaN,0,NaN,0,0,NaN,0,0,NaN,NaN,NaN,NaN,NaN,NaN,NaN,NaN,0,0,0,0,4093.32,202,381,376,98.69,22,1986,1980,99.7,571.2,3851,61,1.58,3910,3896,99.64
09/27/2025,11,5GNR,Florida,143,Jacksonville,4G5G_MEMORIAL_LANE,1437398,0,0,0,0,NaN,0,0,0,NaN,0,NaN,0,0,NaN,0,0,NaN,NaN,NaN,NaN,NaN,NaN,NaN,NaN,0,0,0,0,4093.32,202,381,376,98.69,22,1986,1980,99.7,571.2,3851,61,1.58,3910,3896,99.64
09/27/2025,11,5GNR,Florida,143,Jacksonville,4G5G_MICANOPY,1437678,0,0,0,0,NaN,0,0,0,NaN,0,NaN,0,0,NaN,0,0,NaN,NaN,NaN,NaN,NaN,NaN,NaN,NaN,0,0,0,0,4093.32,202,381,376,98.69,22,1986,1980,99.7,571.2,3851,61,1.58,3910,3896,99.64
09/27/2025,11,5GNR,Florida,143,Jacksonville,4G5G_MICCOSUKEE,1437201,0,0,0,0,NaN,0,0,0,NaN,0,NaN,0,0,NaN,0,0,NaN,NaN,NaN,NaN,NaN,NaN,NaN,NaN,0,0,0,0,4093.32,202,381,376,98.69,22,1986,1980,99.7,571.2,3851,61,1.58,3910,3896,99.64
09/27/2025,11,5GNR,Florida,143,Jacksonville,4G5G_MICCOSUKEE,1439201,0,0,0,0,NaN,0,0,0,NaN,0,NaN,0,0,NaN,0,0,NaN,NaN,NaN,NaN,NaN,NaN,NaN,NaN,0,0,0,0,4093.32,202,381,376,98.69,22,1986,1980,99.7,571.2,3851,61,1.58,3910,3896,99.64
09/27/2025,11,5GNR,Florida,143,Jacksonville,4G5G_MIDWAY,1437632,0,0,0,0,NaN,0,0,0,NaN,0,NaN,0,0,NaN,0,0,NaN,NaN,NaN,NaN,NaN,NaN,NaN,NaN,0,0,0,0,4093.32,202,381,376,98.69,22,1986,1980,99.7,571.2,3851,61,1.58,3910,3896,99.64
09/27/2025,11,5GNR,Florida,143,Jacksonville,4G5G_MIDWAY_OPM,1437514,0,0,0,0,NaN,0,0,0,NaN,0,NaN,0,0,NaN,0,0,NaN,NaN,NaN,NaN,NaN,NaN,NaN,NaN,0,0,0,0,4093.32,202,381,376,98.69,22,1986,1980,99.7,571.2,3851,61,1.58,3910,3896,99.64
09/27/2025,11,5GNR,Florida,143,Jacksonville,4G5G_MILES,1437839,0,0,0,0,NaN,0,0,0,NaN,0,NaN,0,0,NaN,0,0,NaN,NaN,NaN,NaN,NaN,NaN,NaN,NaN,0,0,0,0,4093.32,202,381,376,98.69,22,1986,1980,99.7,571.2,3851,61,1.58,3910,3896,99.64
09/27/2025,11,5GNR,Florida,143,Jacksonville,4G5G_MOBILITIE_TMOBILE_I295,1437539,0,0,0,0,NaN,0,0,0,NaN,0,NaN,0,0,NaN,0,0,NaN,NaN,NaN,NaN,NaN,NaN,NaN,NaN,0,0,0,0,4093.32,202,381,376,98.69,22,1986,1980,99.7,571.2,3851,61,1.58,3910,3896,99.64
09/27/2025,11,5GNR,Florida,143,Jacksonville,4G5G_MONCRIEF_JAX,1437236,0,0,0,0,NaN,0,0,0,NaN,0,NaN,0,0,NaN,0,0,NaN,NaN,NaN,NaN,NaN,NaN,NaN,NaN,0,0,0,0,4093.32,202,381,376,98.69,22,1986,1980,99.7,571.2,3851,61,1.58,3910,3896,99.64
09/27/2025,11,5GNR,Florida,143,Jacksonville,4G5G_MONCRIEF_JAX,1439236,0,0,0,0,NaN,0,0,0,NaN,0,NaN,0,0,NaN,0,0,NaN,NaN,NaN,NaN,NaN,NaN,NaN,NaN,0,0,0,0,4093.32,202,381,376,98.69,22,1986,1980,99.7,571.2,3851,61,1.58,3910,3896,99.64
09/27/2025,11,5GNR,Florida,143,Jacksonville,4G5G_MONTEOCHA,1437664,0,0,0,0,NaN,0,0,0,NaN,0,NaN,0,0,NaN,0,0,NaN,NaN,NaN,NaN,NaN,NaN,NaN,NaN,0,0,0,0,4093.32,202,381,376,98.69,22,1986,1980,99.7,571.2,3851,61,1.58,3910,3896,99.64
09/27/2025,11,5GNR,Florida,143,Jacksonville,4G5G_MONTFORD_EAST_CHATTAHOOCHEE,1437310,0,0,0,0,NaN,0,0,0,NaN,0,NaN,0,0,NaN,0,0,NaN,NaN,NaN,NaN,NaN,NaN,NaN,NaN,0,0,0,0,4093.32,202,381,376,98.69,22,1986,1980,99.7,571.2,3851,61,1.58,3910,3896,99.64
09/27/2025,11,5GNR,Florida,143,Jacksonville,4G5G_MONTFORD_EAST_CHATTAHOOCHEE,1439310,0,0,0,0,NaN,0,0,0,NaN,0,NaN,0,0,NaN,0,0,NaN,NaN,NaN,NaN,NaN,NaN,NaN,NaN,0,0,0,0,4093.32,202,381,376,98.69,22,1986,1980,99.7,571.2,3851,61,1.58,3910,3896,99.64
09/27/2025,11,5GNR,Florida,143,Jacksonville,4G5G_MONTICELLO_NORTH,1439266,0,0,0,0,NaN,0,0,0,NaN,0,NaN,0,0,NaN,0,0,NaN,NaN,NaN,NaN,NaN,NaN,NaN,NaN,0,0,0,0,4093.32,202,381,376,98.69,22,1986,1980,99.7,571.2,3851,61,1.58,3910,3896,99.64
09/27/2025,11,5GNR,Florida,143,Jacksonville,4G5G_MOORE_FIELD_LURAVILLE,1437317,0,0,0,0,NaN,0,0,0,NaN,0,NaN,0,0,NaN,0,0,NaN,NaN,NaN,NaN,NaN,NaN,NaN,NaN,0,0,0,0,4093.32,202,381,376,98.69,22,1986,1980,99.7,571.2,3851,61,1.58,3910,3896,99.64
09/27/2025,11,5GNR,Florida,143,Jacksonville,4G5G_NASSAU,1437620,0,0,0,0,NaN,0,0,0,NaN,0,NaN,0,0,NaN,0,0,NaN,NaN,NaN,NaN,NaN,NaN,NaN,NaN,0,0,0,0,4093.32,202,381,376,98.69,22,1986,1980,99.7,571.2,3851,61,1.58,3910,3896,99.64
09/27/2025,11,5GNR,Florida,143,Jacksonville,4G5G_NAS_JAX_WT_2,1437594,0,0,0,0,NaN,0,0,0,NaN,0,NaN,0,0,NaN,0,0,NaN,NaN,NaN,NaN,NaN,NaN,NaN,NaN,0,0,0,0,4093.32,202,381,376,98.69,22,1986,1980,99.7,571.2,3851,61,1.58,3910,3896,99.64
09/27/2025,11,5GNR,Florida,143,Jacksonville,4G5G_NAS_JAX_WT_2,1439594,0,0,0,0,NaN,0,0,0,NaN,0,NaN,0,0,NaN,0,0,NaN,NaN,NaN,NaN,NaN,NaN,NaN,NaN,0,0,0,0,4093.32,202,381,376,98.69,22,1986,1980,99.7,571.2,3851,61,1.58,3910,3896,99.64
09/27/2025,11,5GNR,Florida,143,Jacksonville,4G5G_NC_HAMPTON_SPRINGS,1437792,0,0,0,0,NaN,0,0,0,NaN,0,NaN,0,0,NaN,0,0,NaN,NaN,NaN,NaN,NaN,NaN,NaN,NaN,0,0,0,0,4093.32,202,381,376,98.69,22,1986,1980,99.7,571.2,3851,61,1.58,3910,3896,99.64
09/27/2025,11,5GNR,Florida,143,Jacksonville,4G5G_NC_HAMPTON_SPRINGS,1439792,0,0,0,0,NaN,0,0,0,NaN,0,NaN,0,0,NaN,0,0,NaN,NaN,NaN,NaN,NaN,NaN,NaN,NaN,0,0,0,0,4093.32,202,381,376,98.69,22,1986,1980,99.7,571.2,3851,61,1.58,3910,3896,99.64
09/27/2025,11,5GNR,Florida,143,Jacksonville,4G5G_NEPTUNE_BCH_002,1439141,0,0,0,0,NaN,0,0,0,NaN,0,NaN,0,0,NaN,0,0,NaN,NaN,NaN,NaN,NaN,NaN,NaN,NaN,0,0,0,0,4093.32,202,381,376,98.69,22,1986,1980,99.7,571.2,3851,61,1.58,3910,3896,99.64
09/27/2025,11,5GNR,Florida,143,Jacksonville,4G5G_NEPTUNE_BCH_004,1439091,0,0,0,0,NaN,0,0,0,NaN,0,NaN,0,0,NaN,0,0,NaN,NaN,NaN,NaN,NaN,NaN,NaN,NaN,0,0,0,0,4093.32,202,381,376,98.69,22,1986,1980,99.7,571.2,3851,61,1.58,3910,3896,99.64
09/27/2025,11,5GNR,Florida,143,Jacksonville,4G5G_NEPTUNE_BCH_005,1439186,0,0,0,0,NaN,0,0,0,NaN,0,NaN,0,0,NaN,0,0,NaN,NaN,NaN,NaN,NaN,NaN,NaN,NaN,0,0,0,0,4093.32,202,381,376,98.69,22,1986,1980,99.7,571.2,3851,61,1.58,3910,3896,99.64
09/27/2025,11,5GNR,Florida,143,Jacksonville,4G5G_NEPTUNE_BEACH_WT,1437380,0,0,0,0,NaN,0,0,0,NaN,0,NaN,0,0,NaN,0,0,NaN,NaN,NaN,NaN,NaN,NaN,NaN,NaN,0,0,0,0,4093.32,202,381,376,98.69,22,1986,1980,99.7,571.2,3851,61,1.58,3910,3896,99.64
09/27/2025,11,5GNR,Florida,143,Jacksonville,4G5G_NEWBERN_WT,1437609,0,0,0,0,NaN,0,0,0,NaN,0,NaN,0,0,NaN,0,0,NaN,NaN,NaN,NaN,NaN,NaN,NaN,NaN,0,0,0,0,4093.32,202,381,376,98.69,22,1986,1980,99.7,571.2,3851,61,1.58,3910,3896,99.64
09/27/2025,11,5GNR,Florida,143,Jacksonville,4G5G_NEWBERRY,1437646,0,0,0,0,NaN,0,0,0,NaN,0,NaN,0,0,NaN,0,0,NaN,NaN,NaN,NaN,NaN,NaN,NaN,NaN,0,0,0,0,4093.32,202,381,376,98.69,22,1986,1980,99.7,571.2,3851,61,1.58,3910,3896,99.64
09/27/2025,11,5GNR,Florida,143,Jacksonville,4G5G_NEW_BERLIN,1437060,0,0,0,0,NaN,0,0,0,NaN,0,NaN,0,0,NaN,0,0,NaN,NaN,NaN,NaN,NaN,NaN,NaN,NaN,0,0,0,0,4093.32,202,381,376,98.69,22,1986,1980,99.7,571.2,3851,61,1.58,3910,3896,99.64
09/27/2025,11,5GNR,Florida,143,Jacksonville,4G5G_NEXTEL_WORLD_GOLF_VILLAGE,1437395,0,0,0,0,NaN,0,0,0,NaN,0,NaN,0,0,NaN,0,0,NaN,NaN,NaN,NaN,NaN,NaN,NaN,NaN,0,0,0,0,4093.32,202,381,376,98.69,22,1986,1980,99.7,571.2,3851,61,1.58,3910,3896,99.64
09/27/2025,11,5GNR,Florida,143,Jacksonville,4G5G_NEXTOWER_SOUTH_TOWN_CENTER,1439397,0,0,0,0,NaN,0,0,0,NaN,0,NaN,0,0,NaN,0,0,NaN,NaN,NaN,NaN,NaN,NaN,NaN,NaN,0,0,0,0,4093.32,202,381,376,98.69,22,1986,1980,99.7,571.2,3851,61,1.58,3910,3896,99.64
09/27/2025,11,5GNR,Florida,143,Jacksonville,4G5G_NE_GAINESVILLE,1437677,0,0,0,0,NaN,0,0,0,NaN,0,NaN,0,0,NaN,0,0,NaN,NaN,NaN,NaN,NaN,NaN,NaN,NaN,0,0,0,0,4093.32,202,381,376,98.69,22,1986,1980,99.7,571.2,3851,61,1.58,3910,3896,99.64
09/27/2025,11,5GNR,Florida,143,Jacksonville,4G5G_NINE_MILE_RD,1437050,0,0,0,0,NaN,0,0,0,NaN,0,NaN,0,0,NaN,0,0,NaN,NaN,NaN,NaN,NaN,NaN,NaN,NaN,0,0,0,0,4093.32,202,381,376,98.69,22,1986,1980,99.7,571.2,3851,61,1.58,3910,3896,99.64
09/27/2025,11,5GNR,Florida,143,Jacksonville,4G5G_NORTH_NEWBERRY,1437352,0,0,0,0,NaN,0,0,0,NaN,0,NaN,0,0,NaN,0,0,NaN,NaN,NaN,NaN,NaN,NaN,NaN,NaN,0,0,0,0,4093.32,202,381,376,98.69,22,1986,1980,99.7,571.2,3851,61,1.58,3910,3896,99.64
09/27/2025,11,5GNR,Florida,143,Jacksonville,4G5G_NORTH_NEWBERRY,1439352,0,0,0,0,NaN,0,0,0,NaN,0,NaN,0,0,NaN,0,0,NaN,NaN,NaN,NaN,NaN,NaN,NaN,NaN,0,0,0,0,4093.32,202,381,376,98.69,22,1986,1980,99.7,571.2,3851,61,1.58,3910,3896,99.64
09/27/2025,11,5GNR,Florida,143,Jacksonville,4G5G_NW_BROWN_ROAD,1437483,0,0,0,0,NaN,0,0,0,NaN,0,NaN,0,0,NaN,0,0,NaN,NaN,NaN,NaN,NaN,NaN,NaN,NaN,0,0,0,0,4093.32,202,381,376,98.69,22,1986,1980,99.7,571.2,3851,61,1.58,3910,3896,99.64
09/27/2025,11,5GNR,Florida,143,Jacksonville,4G5G_N_DT_TALL_BB7,1439124,0,0,0,0,NaN,0,0,0,NaN,0,NaN,0,0,NaN,0,0,NaN,NaN,NaN,NaN,NaN,NaN,NaN,NaN,0,0,0,0,4093.32,202,381,376,98.69,22,1986,1980,99.7,571.2,3851,61,1.58,3910,3896,99.64
09/27/2025,11,5GNR,Florida,143,Jacksonville,4G5G_N_DT_TALL_NDT025,1438752,0,0,0,0,NaN,0,0,0,NaN,0,NaN,0,0,NaN,0,0,NaN,NaN,NaN,NaN,NaN,NaN,NaN,NaN,0,0,0,0,4093.32,202,381,376,98.69,22,1986,1980,99.7,571.2,3851,61,1.58,3910,3896,99.64
09/27/2025,11,5GNR,Florida,143,Jacksonville,4G5G_OAKLEAF_CHURCH,1437475,0,0,0,0,NaN,0,0,0,NaN,0,NaN,0,0,NaN,0,0,NaN,NaN,NaN,NaN,NaN,NaN,NaN,NaN,0,0,0,0,4093.32,202,381,376,98.69,22,1986,1980,99.7,571.2,3851,61,1.58,3910,3896,99.64
09/27/2025,11,5GNR,Florida,143,Jacksonville,4G5G_OPEN_ARMS_BODY_SHOP,1437715,0,0,0,0,NaN,0,0,0,NaN,0,NaN,0,0,NaN,0,0,NaN,NaN,NaN,NaN,NaN,NaN,NaN,NaN,0,0,0,0,4093.32,202,381,376,98.69,22,1986,1980,99.7,571.2,3851,61,1.58,3910,3896,99.64
09/27/2025,11,5GNR,Florida,143,Jacksonville,4G5G_ORANGE_HEIGHTS,1439685,0,0,0,0,NaN,0,0,0,NaN,0,NaN,0,0,NaN,0,0,NaN,NaN,NaN,NaN,NaN,NaN,NaN,NaN,0,0,0,0,4093.32,202,381,376,98.69,22,1986,1980,99.7,571.2,3851,61,1.58,3910,3896,99.64
09/27/2025,11,5GNR,Florida,143,Jacksonville,4G5G_ORANGE_PARK_SERVICES,1437529,0,0,0,0,NaN,0,0,0,NaN,0,NaN,0,0,NaN,0,0,NaN,NaN,NaN,NaN,NaN,NaN,NaN,NaN,0,0,0,0,4093.32,202,381,376,98.69,22,1986,1980,99.7,571.2,3851,61,1.58,3910,3896,99.64
09/27/2025,11,5GNR,Florida,143,Jacksonville,4G5G_OWENS_RD,1437152,0,0,0,0,NaN,0,0,0,NaN,0,NaN,0,0,NaN,0,0,NaN,NaN,NaN,NaN,NaN,NaN,NaN,NaN,0,0,0,0,4093.32,202,381,376,98.69,22,1986,1980,99.7,571.2,3851,61,1.58,3910,3896,99.64
09/27/2025,11,5GNR,Florida,143,Jacksonville,4G5G_OWENS_RD,1439152,0,0,0,0,NaN,0,0,0,NaN,0,NaN,0,0,NaN,0,0,NaN,NaN,NaN,NaN,NaN,NaN,NaN,NaN,0,0,0,0,4093.32,202,381,376,98.69,22,1986,1980,99.7,571.2,3851,61,1.58,3910,3896,99.64
09/27/2025,11,5GNR,Florida,143,Jacksonville,4G5G_PACETTI_RD,1437513,0,0,0,0,NaN,0,0,0,NaN,0,NaN,0,0,NaN,0,0,NaN,NaN,NaN,NaN,NaN,NaN,NaN,NaN,0,0,0,0,4093.32,202,381,376,98.69,22,1986,1980,99.7,571.2,3851,61,1.58,3910,3896,99.64
09/27/2025,11,5GNR,Florida,143,Jacksonville,4G5G_PALATKA_WEST,1437576,0,0,0,0,NaN,0,0,0,NaN,0,NaN,0,0,NaN,0,0,NaN,NaN,NaN,NaN,NaN,NaN,NaN,NaN,0,0,0,0,4093.32,202,381,376,98.69,22,1986,1980,99.7,571.2,3851,61,1.58,3910,3896,99.64
09/27/2025,11,5GNR,Florida,143,Jacksonville,4G5G_PALMS_AT_NOCATEE,1437039,0,0,0,0,NaN,0,0,0,NaN,0,NaN,0,0,NaN,0,0,NaN,NaN,NaN,NaN,NaN,NaN,NaN,NaN,0,0,0,0,4093.32,202,381,376,98.69,22,1986,1980,99.7,571.2,3851,61,1.58,3910,3896,99.64
09/27/2025,11,5GNR,Florida,143,Jacksonville,4G5G_PALMS_AT_NOCATEE,1439039,0,0,0,0,NaN,0,0,0,NaN,0,NaN,0,0,NaN,0,0,NaN,NaN,NaN,NaN,NaN,NaN,NaN,NaN,0,0,0,0,4093.32,202,381,376,98.69,22,1986,1980,99.7,571.2,3851,61,1.58,3910,3896,99.64
09/27/2025,11,5GNR,Florida,143,Jacksonville,4G5G_PALM_LN_N_S_ROSCOE_BLVD,1437291,0,0,0,0,NaN,0,0,0,NaN,0,NaN,0,0,NaN,0,0,NaN,NaN,NaN,NaN,NaN,NaN,NaN,NaN,0,0,0,0,4093.32,202,381,376,98.69,22,1986,1980,99.7,571.2,3851,61,1.58,3910,3896,99.64
09/27/2025,11,5GNR,Florida,143,Jacksonville,4G5G_PAXSON,1437059,0,0,0,0,NaN,0,0,0,NaN,0,NaN,0,0,NaN,0,0,NaN,NaN,NaN,NaN,NaN,NaN,NaN,NaN,0,0,0,0,4093.32,202,381,376,98.69,22,1986,1980,99.7,571.2,3851,61,1.58,3910,3896,99.64
09/27/2025,11,5GNR,Florida,143,Jacksonville,4G5G_PAXSON,1439059,0,0,0,0,NaN,0,0,0,NaN,0,NaN,0,0,NaN,0,0,NaN,NaN,NaN,NaN,NaN,NaN,NaN,NaN,0,0,0,0,4093.32,202,381,376,98.69,22,1986,1980,99.7,571.2,3851,61,1.58,3910,3896,99.64
09/27/2025,11,5GNR,Florida,143,Jacksonville,4G5G_PERRY_NORTH,1437790,0,0,0,0,NaN,0,0,0,NaN,0,NaN,0,0,NaN,0,0,NaN,NaN,NaN,NaN,NaN,NaN,NaN,NaN,0,0,0,0,4093.32,202,381,376,98.69,22,1986,1980,99.7,571.2,3851,61,1.58,3910,3896,99.64
09/27/2025,11,5GNR,Florida,143,Jacksonville,4G5G_PHILLIPS_LAKE_CITY,1437616,0,0,0,0,NaN,0,0,0,NaN,0,NaN,0,0,NaN,0,0,NaN,NaN,NaN,NaN,NaN,NaN,NaN,NaN,0,0,0,0,4093.32,202,381,376,98.69,22,1986,1980,99.7,571.2,3851,61,1.58,3910,3896,99.64
09/27/2025,11,5GNR,Florida,143,Jacksonville,4G5G_PHILLIPS_LAKE_CITY,1439616,0,0,0,0,NaN,0,0,0,NaN,0,NaN,0,0,NaN,0,0,NaN,NaN,NaN,NaN,NaN,NaN,NaN,NaN,0,0,0,0,4093.32,202,381,376,98.69,22,1986,1980,99.7,571.2,3851,61,1.58,3910,3896,99.64
09/27/2025,11,5GNR,Florida,143,Jacksonville,4G5G_PHILLIPS_POWERS,1439005,0,0,0,0,NaN,0,0,0,NaN,0,NaN,0,0,NaN,0,0,NaN,NaN,NaN,NaN,NaN,NaN,NaN,NaN,0,0,0,0,4093.32,202,381,376,98.69,22,1986,1980,99.7,571.2,3851,61,1.58,3910,3896,99.64
09/27/2025,11,5GNR,Florida,143,Jacksonville,4G5G_PIER_17,1437014,0,0,0,0,NaN,0,0,0,NaN,0,NaN,0,0,NaN,0,0,NaN,NaN,NaN,NaN,NaN,NaN,NaN,NaN,0,0,0,0,4093.32,202,381,376,98.69,22,1986,1980,99.7,571.2,3851,61,1.58,3910,3896,99.64
09/27/2025,11,5GNR,Florida,143,Jacksonville,4G5G_PINE_WOOD_JAX,1437230,0,0,0,0,NaN,0,0,0,NaN,0,NaN,0,0,NaN,0,0,NaN,NaN,NaN,NaN,NaN,NaN,NaN,NaN,0,0,0,0,4093.32,202,381,376,98.69,22,1986,1980,99.7,571.2,3851,61,1.58,3910,3896,99.64
09/27/2025,11,5GNR,Florida,143,Jacksonville,4G5G_PINE_WOOD_JAX,1439230,0,0,0,0,NaN,0,0,0,NaN,0,NaN,0,0,NaN,0,0,NaN,NaN,NaN,NaN,NaN,NaN,NaN,NaN,0,0,0,0,4093.32,202,381,376,98.69,22,1986,1980,99.7,571.2,3851,61,1.58,3910,3896,99.64
09/27/2025,11,5GNR,Florida,143,Jacksonville,4G5G_PINNACLE_TOWERCOM_S_MAIN,1437673,0,0,0,0,NaN,0,0,0,NaN,0,NaN,0,0,NaN,0,0,NaN,NaN,NaN,NaN,NaN,NaN,NaN,NaN,0,0,0,0,4093.32,202,381,376,98.69,22,1986,1980,99.7,571.2,3851,61,1.58,3910,3896,99.64
09/27/2025,11,5GNR,Florida,143,Jacksonville,4G5G_PLUM_CREEK_WEST_LAKE_BUTLER,1437320,0,0,0,0,NaN,0,0,0,NaN,0,NaN,0,0,NaN,0,0,NaN,NaN,NaN,NaN,NaN,NaN,NaN,NaN,0,0,0,0,4093.32,202,381,376,98.69,22,1986,1980,99.7,571.2,3851,61,1.58,3910,3896,99.64
09/27/2025,11,5GNR,Florida,143,Jacksonville,4G5G_PONTE_VEDRA_ATLANTIC_SELF_STORAGE,1437070,0,0,0,0,NaN,0,0,0,NaN,0,NaN,0,0,NaN,0,0,NaN,NaN,NaN,NaN,NaN,NaN,NaN,NaN,0,0,0,0,4093.32,202,381,376,98.69,22,1986,1980,99.7,571.2,3851,61,1.58,3910,3896,99.64
09/27/2025,11,5GNR,Florida,143,Jacksonville,4G5G_PONTE_VEDRA_ATLANTIC_SELF_STORAGE,1439070,0,0,0,0,NaN,0,0,0,NaN,0,NaN,0,0,NaN,0,0,NaN,NaN,NaN,NaN,NaN,NaN,NaN,NaN,0,0,0,0,4093.32,202,381,376,98.69,22,1986,1980,99.7,571.2,3851,61,1.58,3910,3896,99.64
09/27/2025,11,5GNR,Florida,143,Jacksonville,4G5G_POTASH_CORP,1437755,0,0,0,0,NaN,0,0,0,NaN,0,NaN,0,0,NaN,0,0,NaN,NaN,NaN,NaN,NaN,NaN,NaN,NaN,0,0,0,0,4093.32,202,381,376,98.69,22,1986,1980,99.7,571.2,3851,61,1.58,3910,3896,99.64
09/27/2025,11,5GNR,Florida,143,Jacksonville,4G5G_POTASH_CORP,1439755,0,0,0,0,NaN,0,0,0,NaN,0,NaN,0,0,NaN,0,0,NaN,NaN,NaN,NaN,NaN,NaN,NaN,NaN,0,0,0,0,4093.32,202,381,376,98.69,22,1986,1980,99.7,571.2,3851,61,1.58,3910,3896,99.64
09/27/2025,11,5GNR,Florida,143,Jacksonville,4G5G_POWERTEL_HERO,1437071,0,0,0,0,NaN,0,0,0,NaN,0,NaN,0,0,NaN,0,0,NaN,NaN,NaN,NaN,NaN,NaN,NaN,NaN,0,0,0,0,4093.32,202,381,376,98.69,22,1986,1980,99.7,571.2,3851,61,1.58,3910,3896,99.64
09/27/2025,11,5GNR,Florida,143,Jacksonville,4G5G_PREVATT_BROOKER,1437449,0,0,0,0,NaN,0,0,0,NaN,0,NaN,0,0,NaN,0,0,NaN,NaN,NaN,NaN,NaN,NaN,NaN,NaN,0,0,0,0,4093.32,202,381,376,98.69,22,1986,1980,99.7,571.2,3851,61,1.58,3910,3896,99.64
09/27/2025,11,5GNR,Florida,143,Jacksonville,4G5G_PT_ACCESS_JASPER_OPS_CENTER,1437453,0,0,0,0,NaN,0,0,0,NaN,0,NaN,0,0,NaN,0,0,NaN,NaN,NaN,NaN,NaN,NaN,NaN,NaN,0,0,0,0,4093.32,202,381,376,98.69,22,1986,1980,99.7,571.2,3851,61,1.58,3910,3896,99.64
09/27/2025,11,5GNR,Florida,143,Jacksonville,4G5G_PT_TOWERS_RELHR,1437031,0,0,0,0,NaN,0,0,0,NaN,0,NaN,0,0,NaN,0,0,NaN,NaN,NaN,NaN,NaN,NaN,NaN,NaN,0,0,0,0,4093.32,202,381,376,98.69,22,1986,1980,99.7,571.2,3851,61,1.58,3910,3896,99.64
09/27/2025,11,5GNR,Florida,143,Jacksonville,4G5G_PUTNAM,1437844,0,0,0,0,NaN,0,0,0,NaN,0,NaN,0,0,NaN,0,0,NaN,NaN,NaN,NaN,NaN,NaN,NaN,NaN,0,0,0,0,4093.32,202,381,376,98.69,22,1986,1980,99.7,571.2,3851,61,1.58,3910,3896,99.64
09/27/2025,11,5GNR,Florida,143,Jacksonville,4G5G_QUINCY_NORTH,1437923,0,0,0,0,NaN,0,0,0,NaN,0,NaN,0,0,NaN,0,0,NaN,NaN,NaN,NaN,NaN,NaN,NaN,NaN,0,0,0,0,4093.32,202,381,376,98.69,22,1986,1980,99.7,571.2,3851,61,1.58,3910,3896,99.64
09/27/2025,11,5GNR,Florida,143,Jacksonville,4G5G_RACETRACK_RD,1437051,0,0,0,0,NaN,0,0,0,NaN,0,NaN,0,0,NaN,0,0,NaN,NaN,NaN,NaN,NaN,NaN,NaN,NaN,0,0,0,0,4093.32,202,381,376,98.69,22,1986,1980,99.7,571.2,3851,61,1.58,3910,3896,99.64
09/27/2025,11,5GNR,Florida,143,Jacksonville,4G5G_RADAR_AND_BLACK_CREEK,1437145,0,0,0,0,NaN,0,0,0,NaN,0,NaN,0,0,NaN,0,0,NaN,NaN,NaN,NaN,NaN,NaN,NaN,NaN,0,0,0,0,4093.32,202,381,376,98.69,22,1986,1980,99.7,571.2,3851,61,1.58,3910,3896,99.64
09/27/2025,11,5GNR,Florida,143,Jacksonville,4G5G_RADAR_AND_BLACK_CREEK,1439145,0,0,0,0,NaN,0,0,0,NaN,0,NaN,0,0,NaN,0,0,NaN,NaN,NaN,NaN,NaN,NaN,NaN,NaN,0,0,0,0,4093.32,202,381,376,98.69,22,1986,1980,99.7,571.2,3851,61,1.58,3910,3896,99.64
09/27/2025,11,5GNR,Florida,143,Jacksonville,4G5G_RAIFORD,1437636,0,0,0,0,NaN,0,0,0,NaN,0,NaN,0,0,NaN,0,0,NaN,NaN,NaN,NaN,NaN,NaN,NaN,NaN,0,0,0,0,4093.32,202,381,376,98.69,22,1986,1980,99.7,571.2,3851,61,1.58,3910,3896,99.64
09/27/2025,11,5GNR,Florida,143,Jacksonville,4G5G_RANDOLPH_ACADEMY,1437581,0,0,0,0,NaN,0,0,0,NaN,0,NaN,0,0,NaN,0,0,NaN,NaN,NaN,NaN,NaN,NaN,NaN,NaN,0,0,0,0,4093.32,202,381,376,98.69,22,1986,1980,99.7,571.2,3851,61,1.58,3910,3896,99.64
09/27/2025,11,5GNR,Florida,143,Jacksonville,4G5G_RANDOLPH_ACADEMY,1439581,0,0,0,0,NaN,0,0,0,NaN,0,NaN,0,0,NaN,0,0,NaN,NaN,NaN,NaN,NaN,NaN,NaN,NaN,0,0,0,0,4093.32,202,381,376,98.69,22,1986,1980,99.7,571.2,3851,61,1.58,3910,3896,99.64
09/27/2025,11,5GNR,Florida,143,Jacksonville,4G5G_REMBERT_TOWERS_GIRLS_CLUB,1437666,0,0,0,0,NaN,0,0,0,NaN,0,NaN,0,0,NaN,0,0,NaN,NaN,NaN,NaN,NaN,NaN,NaN,NaN,0,0,0,0,4093.32,202,381,376,98.69,22,1986,1980,99.7,571.2,3851,61,1.58,3910,3896,99.64
09/27/2025,11,5GNR,Florida,143,Jacksonville,4G5G_REMBERT_TOWERS_HODGES,1437261,0,0,0,0,NaN,0,0,0,NaN,0,NaN,0,0,NaN,0,0,NaN,NaN,NaN,NaN,NaN,NaN,NaN,NaN,0,0,0,0,4093.32,202,381,376,98.69,22,1986,1980,99.7,571.2,3851,61,1.58,3910,3896,99.64
09/27/2025,11,5GNR,Florida,143,Jacksonville,4G5G_ROCHELLE,1437682,0,0,0,0,NaN,0,0,0,NaN,0,NaN,0,0,NaN,0,0,NaN,NaN,NaN,NaN,NaN,NaN,NaN,NaN,0,0,0,0,4093.32,202,381,376,98.69,22,1986,1980,99.7,571.2,3851,61,1.58,3910,3896,99.64
09/27/2025,11,5GNR,Florida,143,Jacksonville,4G5G_ROCKY_SINK,1437303,0,0,0,0,NaN,0,0,0,NaN,0,NaN,0,0,NaN,0,0,NaN,NaN,NaN,NaN,NaN,NaN,NaN,NaN,0,0,0,0,4093.32,202,381,376,98.69,22,1986,1980,99.7,571.2,3851,61,1.58,3910,3896,99.64
09/27/2025,11,5GNR,Florida,143,Jacksonville,4G5G_RODMAN_ARP,1437695,0,0,0,0,NaN,0,0,0,NaN,0,NaN,0,0,NaN,0,0,NaN,NaN,NaN,NaN,NaN,NaN,NaN,NaN,0,0,0,0,4093.32,202,381,376,98.69,22,1986,1980,99.7,571.2,3851,61,1.58,3910,3896,99.64
09/27/2025,11,5GNR,Florida,143,Jacksonville,4G5G_RUSSELL_RD_AND_DAIRY_LN,1437304,0,0,0,0,NaN,0,0,0,NaN,0,NaN,0,0,NaN,0,0,NaN,NaN,NaN,NaN,NaN,NaN,NaN,NaN,0,0,0,0,4093.32,202,381,376,98.69,22,1986,1980,99.7,571.2,3851,61,1.58,3910,3896,99.64
09/27/2025,11,5GNR,Florida,143,Jacksonville,4G5G_SAINT_MARKS_JEFFERSON,1437172,0,0,0,0,NaN,0,0,0,NaN,0,NaN,0,0,NaN,0,0,NaN,NaN,NaN,NaN,NaN,NaN,NaN,NaN,0,0,0,0,4093.32,202,381,376,98.69,22,1986,1980,99.7,571.2,3851,61,1.58,3910,3896,99.64
09/27/2025,11,5GNR,Florida,143,Jacksonville,4G5G_SAINT_MARKS_JEFFERSON,1439172,0,0,0,0,NaN,0,0,0,NaN,0,NaN,0,0,NaN,0,0,NaN,NaN,NaN,NaN,NaN,NaN,NaN,NaN,0,0,0,0,4093.32,202,381,376,98.69,22,1986,1980,99.7,571.2,3851,61,1.58,3910,3896,99.64
09/27/2025,11,5GNR,Florida,143,Jacksonville,4G5G_SANTAFE_COLLEGE,1437223,0,0,0,0,NaN,0,0,0,NaN,0,NaN,0,0,NaN,0,0,NaN,NaN,NaN,NaN,NaN,NaN,NaN,NaN,0,0,0,0,4093.32,202,381,376,98.69,22,1986,1980,99.7,571.2,3851,61,1.58,3910,3896,99.64
09/27/2025,11,5GNR,Florida,143,Jacksonville,4G5G_SANTA_FE,1437634,0,0,0,0,NaN,0,0,0,NaN,0,NaN,0,0,NaN,0,0,NaN,NaN,NaN,NaN,NaN,NaN,NaN,NaN,0,0,0,0,4093.32,202,381,376,98.69,22,1986,1980,99.7,571.2,3851,61,1.58,3910,3896,99.64
09/27/2025,11,5GNR,Florida,143,Jacksonville,4G5G_SANTA_FE_HIGH_SCHOOL,1437350,0,0,0,0,NaN,0,0,0,NaN,0,NaN,0,0,NaN,0,0,NaN,NaN,NaN,NaN,NaN,NaN,NaN,NaN,0,0,0,0,4093.32,202,381,376,98.69,22,1986,1980,99.7,571.2,3851,61,1.58,3910,3896,99.64
09/27/2025,11,5GNR,Florida,143,Jacksonville,4G5G_SANTA_FE_HIGH_SCHOOL,1439350,0,0,0,0,NaN,0,0,0,NaN,0,NaN,0,0,NaN,0,0,NaN,NaN,NaN,NaN,NaN,NaN,NaN,NaN,0,0,0,0,4093.32,202,381,376,98.69,22,1986,1980,99.7,571.2,3851,61,1.58,3910,3896,99.64
09/27/2025,11,5GNR,Florida,143,Jacksonville,4G5G_SANTA_FE_PARK,1437351,0,0,0,0,NaN,0,0,0,NaN,0,NaN,0,0,NaN,0,0,NaN,NaN,NaN,NaN,NaN,NaN,NaN,NaN,0,0,0,0,4093.32,202,381,376,98.69,22,1986,1980,99.7,571.2,3851,61,1.58,3910,3896,99.64
09/27/2025,11,5GNR,Florida,143,Jacksonville,4G5G_SANTA_FE_PARK,1439351,0,0,0,0,NaN,0,0,0,NaN,0,NaN,0,0,NaN,0,0,NaN,NaN,NaN,NaN,NaN,NaN,NaN,NaN,0,0,0,0,4093.32,202,381,376,98.69,22,1986,1980,99.7,571.2,3851,61,1.58,3910,3896,99.64
09/27/2025,11,5GNR,Florida,143,Jacksonville,4G5G_SAWGRASS_PONTE_VEDRA,1437130,0,0,0,0,NaN,0,0,0,NaN,0,NaN,0,0,NaN,0,0,NaN,NaN,NaN,NaN,NaN,NaN,NaN,NaN,0,0,0,0,4093.32,202,381,376,98.69,22,1986,1980,99.7,571.2,3851,61,1.58,3910,3896,99.64
09/27/2025,11,5GNR,Florida,143,Jacksonville,4G5G_SBA_BEACHVILLE,1437418,0,0,0,0,NaN,0,0,0,NaN,0,NaN,0,0,NaN,0,0,NaN,NaN,NaN,NaN,NaN,NaN,NaN,NaN,0,0,0,0,4093.32,202,381,376,98.69,22,1986,1980,99.7,571.2,3851,61,1.58,3910,3896,99.64
09/27/2025,11,5GNR,Florida,143,Jacksonville,4G5G_SBA_HWY_41,1437754,0,0,0,0,NaN,0,0,0,NaN,0,NaN,0,0,NaN,0,0,NaN,NaN,NaN,NaN,NaN,NaN,NaN,NaN,0,0,0,0,4093.32,202,381,376,98.69,22,1986,1980,99.7,571.2,3851,61,1.58,3910,3896,99.64
09/27/2025,11,5GNR,Florida,143,Jacksonville,4G5G_SBA_I10_AND_I75,1437366,0,0,0,0,NaN,0,0,0,NaN,0,NaN,0,0,NaN,0,0,NaN,NaN,NaN,NaN,NaN,NaN,NaN,NaN,0,0,0,0,4093.32,202,381,376,98.69,22,1986,1980,99.7,571.2,3851,61,1.58,3910,3896,99.64
09/27/2025,11,5GNR,Florida,143,Jacksonville,4G5G_SBA_LULU,1437450,0,0,0,0,NaN,0,0,0,NaN,0,NaN,0,0,NaN,0,0,NaN,NaN,NaN,NaN,NaN,NaN,NaN,NaN,0,0,0,0,4093.32,202,381,376,98.69,22,1986,1980,99.7,571.2,3851,61,1.58,3910,3896,99.64
09/27/2025,11,5GNR,Florida,143,Jacksonville,4G5G_SBA_LULU,1439450,0,0,0,0,NaN,0,0,0,NaN,0,NaN,0,0,NaN,0,0,NaN,NaN,NaN,NaN,NaN,NaN,NaN,NaN,0,0,0,0,4093.32,202,381,376,98.69,22,1986,1980,99.7,571.2,3851,61,1.58,3910,3896,99.64
09/27/2025,11,5GNR,Florida,143,Jacksonville,4G5G_SBA_MCALPIN,1437318,0,0,0,0,NaN,0,0,0,NaN,0,NaN,0,0,NaN,0,0,NaN,NaN,NaN,NaN,NaN,NaN,NaN,NaN,0,0,0,0,4093.32,202,381,376,98.69,22,1986,1980,99.7,571.2,3851,61,1.58,3910,3896,99.64
09/27/2025,11,5GNR,Florida,143,Jacksonville,4G5G_SBA_OLD_KINGS,1437562,0,0,0,0,NaN,0,0,0,NaN,0,NaN,0,0,NaN,0,0,NaN,NaN,NaN,NaN,NaN,NaN,NaN,NaN,0,0,0,0,4093.32,202,381,376,98.69,22,1986,1980,99.7,571.2,3851,61,1.58,3910,3896,99.64
09/27/2025,11,5GNR,Florida,143,Jacksonville,4G5G_SBA_RIVER_OF_LIFE_CHURCH,1437389,0,0,0,0,NaN,0,0,0,NaN,0,NaN,0,0,NaN,0,0,NaN,NaN,NaN,NaN,NaN,NaN,NaN,NaN,0,0,0,0,4093.32,202,381,376,98.69,22,1986,1980,99.7,571.2,3851,61,1.58,3910,3896,99.64
09/27/2025,11,5GNR,Florida,143,Jacksonville,4G5G_SBA_TOWERCOM_YULEE,1437381,0,0,0,0,NaN,0,0,0,NaN,0,NaN,0,0,NaN,0,0,NaN,NaN,NaN,NaN,NaN,NaN,NaN,NaN,0,0,0,0,4093.32,202,381,376,98.69,22,1986,1980,99.7,571.2,3851,61,1.58,3910,3896,99.64
09/27/2025,11,5GNR,Florida,143,Jacksonville,4G5G_SC2_DEERWOOD_PARK_BLVD,1437153,0,0,0,0,NaN,0,0,0,NaN,0,NaN,0,0,NaN,0,0,NaN,NaN,NaN,NaN,NaN,NaN,NaN,NaN,0,0,0,0,4093.32,202,381,376,98.69,22,1986,1980,99.7,571.2,3851,61,1.58,3910,3896,99.64
09/27/2025,11,5GNR,Florida,143,Jacksonville,4G5G_SELVA_MARINA,1437935,0,0,0,0,NaN,0,0,0,NaN,0,NaN,0,0,NaN,0,0,NaN,NaN,NaN,NaN,NaN,NaN,NaN,NaN,0,0,0,0,4093.32,202,381,376,98.69,22,1986,1980,99.7,571.2,3851,61,1.58,3910,3896,99.64
09/27/2025,11,5GNR,Florida,143,Jacksonville,4G5G_SELVA_MARINA,1439935,0,0,0,0,NaN,0,0,0,NaN,0,NaN,0,0,NaN,0,0,NaN,NaN,NaN,NaN,NaN,NaN,NaN,NaN,0,0,0,0,4093.32,202,381,376,98.69,22,1986,1980,99.7,571.2,3851,61,1.58,3910,3896,99.64
09/27/2025,11,5GNR,Florida,143,Jacksonville,4G5G_SHADY_GROVE,1437789,0,0,0,0,NaN,0,0,0,NaN,0,NaN,0,0,NaN,0,0,NaN,NaN,NaN,NaN,NaN,NaN,NaN,NaN,0,0,0,0,4093.32,202,381,376,98.69,22,1986,1980,99.7,571.2,3851,61,1.58,3910,3896,99.64
09/27/2025,11,5GNR,Florida,143,Jacksonville,4G5G_SHADY_GROVE,1439789,0,0,0,0,NaN,0,0,0,NaN,0,NaN,0,0,NaN,0,0,NaN,NaN,NaN,NaN,NaN,NaN,NaN,NaN,0,0,0,0,4093.32,202,381,376,98.69,22,1986,1980,99.7,571.2,3851,61,1.58,3910,3896,99.64
09/27/2025,11,5GNR,Florida,143,Jacksonville,4G5G_SHARER,1437819,0,0,0,0,NaN,0,0,0,NaN,0,NaN,0,0,NaN,0,0,NaN,NaN,NaN,NaN,NaN,NaN,NaN,NaN,0,0,0,0,4093.32,202,381,376,98.69,22,1986,1980,99.7,571.2,3851,61,1.58,3910,3896,99.64
09/27/2025,11,5GNR,Florida,143,Jacksonville,4G5G_SHELL_POINT,1439157,0,0,0,0,NaN,0,0,0,NaN,0,NaN,0,0,NaN,0,0,NaN,NaN,NaN,NaN,NaN,NaN,NaN,NaN,0,0,0,0,4093.32,202,381,376,98.69,22,1986,1980,99.7,571.2,3851,61,1.58,3910,3896,99.64
09/27/2025,11,5GNR,Florida,143,Jacksonville,4G5G_SHELTON_TRUCKING,1437027,0,0,0,0,NaN,0,0,0,NaN,0,NaN,0,0,NaN,0,0,NaN,NaN,NaN,NaN,NaN,NaN,NaN,NaN,0,0,0,0,4093.32,202,381,376,98.69,22,1986,1980,99.7,571.2,3851,61,1.58,3910,3896,99.64
09/27/2025,11,5GNR,Florida,143,Jacksonville,4G5G_SHELTON_TRUCKING,1439027,0,0,0,0,NaN,0,0,0,NaN,0,NaN,0,0,NaN,0,0,NaN,NaN,NaN,NaN,NaN,NaN,NaN,NaN,0,0,0,0,4093.32,202,381,376,98.69,22,1986,1980,99.7,571.2,3851,61,1.58,3910,3896,99.64
09/27/2025,11,5GNR,Florida,143,Jacksonville,4G5G_SHERWOOD_PLAZA,1437057,0,0,0,0,NaN,0,0,0,NaN,0,NaN,0,0,NaN,0,0,NaN,NaN,NaN,NaN,NaN,NaN,NaN,NaN,0,0,0,0,4093.32,202,381,376,98.69,22,1986,1980,99.7,571.2,3851,61,1.58,3910,3896,99.64
09/27/2025,11,5GNR,Florida,143,Jacksonville,4G5G_SHERWOOD_PLAZA,1439057,0,0,0,0,NaN,0,0,0,NaN,0,NaN,0,0,NaN,0,0,NaN,NaN,NaN,NaN,NaN,NaN,NaN,NaN,0,0,0,0,4093.32,202,381,376,98.69,22,1986,1980,99.7,571.2,3851,61,1.58,3910,3896,99.64
09/27/2025,11,5GNR,Florida,143,Jacksonville,4G5G_SILVERLEAF_ST_JOHNS,1437900,0,0,0,0,NaN,0,0,0,NaN,0,NaN,0,0,NaN,0,0,NaN,NaN,NaN,NaN,NaN,NaN,NaN,NaN,0,0,0,0,4093.32,202,381,376,98.69,22,1986,1980,99.7,571.2,3851,61,1.58,3910,3896,99.64
09/27/2025,11,5GNR,Florida,143,Jacksonville,4G5G_SKYWAY_KYLE_STARK,1437448,0,0,0,0,NaN,0,0,0,NaN,0,NaN,0,0,NaN,0,0,NaN,NaN,NaN,NaN,NaN,NaN,NaN,NaN,0,0,0,0,4093.32,202,381,376,98.69,22,1986,1980,99.7,571.2,3851,61,1.58,3910,3896,99.64
09/27/2025,11,5GNR,Florida,143,Jacksonville,4G5G_SPECTRASITE_ARLINGTON,1437010,0,0,0,0,NaN,0,0,0,NaN,0,NaN,0,0,NaN,0,0,NaN,NaN,NaN,NaN,NaN,NaN,NaN,NaN,0,0,0,0,4093.32,202,381,376,98.69,22,1986,1980,99.7,571.2,3851,61,1.58,3910,3896,99.64
09/27/2025,11,5GNR,Florida,143,Jacksonville,4G5G_SPECTRASITE_ARLINGTON,1439010,0,0,0,0,NaN,0,0,0,NaN,0,NaN,0,0,NaN,0,0,NaN,NaN,NaN,NaN,NaN,NaN,NaN,NaN,0,0,0,0,4093.32,202,381,376,98.69,22,1986,1980,99.7,571.2,3851,61,1.58,3910,3896,99.64
09/27/2025,11,5GNR,Florida,143,Jacksonville,4G5G_SPECTRASITE_DICKERT,1437606,0,0,0,0,NaN,0,0,0,NaN,0,NaN,0,0,NaN,0,0,NaN,NaN,NaN,NaN,NaN,NaN,NaN,NaN,0,0,0,0,4093.32,202,381,376,98.69,22,1986,1980,99.7,571.2,3851,61,1.58,3910,3896,99.64
09/27/2025,11,5GNR,Florida,143,Jacksonville,4G5G_SPECTRASITE_GCS,1437128,0,0,0,0,NaN,0,0,0,NaN,0,NaN,0,0,NaN,0,0,NaN,NaN,NaN,NaN,NaN,NaN,NaN,NaN,0,0,0,0,4093.32,202,381,376,98.69,22,1986,1980,99.7,571.2,3851,61,1.58,3910,3896,99.64
09/27/2025,11,5GNR,Florida,143,Jacksonville,4G5G_SPECTRASITE_GCS,1439128,0,0,0,0,NaN,0,0,0,NaN,0,NaN,0,0,NaN,0,0,NaN,NaN,NaN,NaN,NaN,NaN,NaN,NaN,0,0,0,0,4093.32,202,381,376,98.69,22,1986,1980,99.7,571.2,3851,61,1.58,3910,3896,99.64
09/27/2025,11,5GNR,Florida,143,Jacksonville,4G5G_SPECTRASITE_HAWTHORNE,1437684,0,0,0,0,NaN,0,0,0,NaN,0,NaN,0,0,NaN,0,0,NaN,NaN,NaN,NaN,NaN,NaN,NaN,NaN,0,0,0,0,4093.32,202,381,376,98.69,22,1986,1980,99.7,571.2,3851,61,1.58,3910,3896,99.64
09/27/2025,11,5GNR,Florida,143,Jacksonville,4G5G_SPECTRASITE_KERNAN,1437260,0,0,0,0,NaN,0,0,0,NaN,0,NaN,0,0,NaN,0,0,NaN,NaN,NaN,NaN,NaN,NaN,NaN,NaN,0,0,0,0,4093.32,202,381,376,98.69,22,1986,1980,99.7,571.2,3851,61,1.58,3910,3896,99.64
09/27/2025,11,5GNR,Florida,143,Jacksonville,4G5G_SPECTRASITE_LACROSSE,1437630,0,0,0,0,NaN,0,0,0,NaN,0,NaN,0,0,NaN,0,0,NaN,NaN,NaN,NaN,NaN,NaN,NaN,NaN,0,0,0,0,4093.32,202,381,376,98.69,22,1986,1980,99.7,571.2,3851,61,1.58,3910,3896,99.64
09/27/2025,11,5GNR,Florida,143,Jacksonville,4G5G_SPECTRASITE_MILL_COVE,1437270,0,0,0,0,NaN,0,0,0,NaN,0,NaN,0,0,NaN,0,0,NaN,NaN,NaN,NaN,NaN,NaN,NaN,NaN,0,0,0,0,4093.32,202,381,376,98.69,22,1986,1980,99.7,571.2,3851,61,1.58,3910,3896,99.64
09/27/2025,11,5GNR,Florida,143,Jacksonville,4G5G_SPENCER_RD_N_BLANDING_BLVD,1437237,0,0,0,0,NaN,0,0,0,NaN,0,NaN,0,0,NaN,0,0,NaN,NaN,NaN,NaN,NaN,NaN,NaN,NaN,0,0,0,0,4093.32,202,381,376,98.69,22,1986,1980,99.7,571.2,3851,61,1.58,3910,3896,99.64
09/27/2025,11,5GNR,Florida,143,Jacksonville,4G5G_SPRINGER_COOKS_HAMMOCK,1437315,0,0,0,0,NaN,0,0,0,NaN,0,NaN,0,0,NaN,0,0,NaN,NaN,NaN,NaN,NaN,NaN,NaN,NaN,0,0,0,0,4093.32,202,381,376,98.69,22,1986,1980,99.7,571.2,3851,61,1.58,3910,3896,99.64
09/27/2025,11,5GNR,Florida,143,Jacksonville,4G5G_SPRINT_HECKSHER,1437105,0,0,0,0,NaN,0,0,0,NaN,0,NaN,0,0,NaN,0,0,NaN,NaN,NaN,NaN,NaN,NaN,NaN,NaN,0,0,0,0,4093.32,202,381,376,98.69,22,1986,1980,99.7,571.2,3851,61,1.58,3910,3896,99.64
09/27/2025,11,5GNR,Florida,143,Jacksonville,4G5G_SS_BASEBALL_YELLOW_SC001,1437437,0,0,0,0,NaN,0,0,0,NaN,0,NaN,0,0,NaN,0,0,NaN,NaN,NaN,NaN,NaN,NaN,NaN,NaN,0,0,0,0,4093.32,202,381,376,98.69,22,1986,1980,99.7,571.2,3851,61,1.58,3910,3896,99.64
09/27/2025,11,5GNR,Florida,143,Jacksonville,4G5G_STARKE,1437688,0,0,0,0,NaN,0,0,0,NaN,0,NaN,0,0,NaN,0,0,NaN,NaN,NaN,NaN,NaN,NaN,NaN,NaN,0,0,0,0,4093.32,202,381,376,98.69,22,1986,1980,99.7,571.2,3851,61,1.58,3910,3896,99.64
09/27/2025,11,5GNR,Florida,143,Jacksonville,4G5G_STARKE,1437689,0,0,0,0,NaN,0,0,0,NaN,0,NaN,0,0,NaN,0,0,NaN,NaN,NaN,NaN,NaN,NaN,NaN,NaN,0,0,0,0,4093.32,202,381,376,98.69,22,1986,1980,99.7,571.2,3851,61,1.58,3910,3896,99.64
09/27/2025,11,5GNR,Florida,143,Jacksonville,4G5G_STARKE_FL100,1437482,0,0,0,0,NaN,0,0,0,NaN,0,NaN,0,0,NaN,0,0,NaN,NaN,NaN,NaN,NaN,NaN,NaN,NaN,0,0,0,0,4093.32,202,381,376,98.69,22,1986,1980,99.7,571.2,3851,61,1.58,3910,3896,99.64
09/27/2025,11,5GNR,Florida,143,Jacksonville,4G5G_ST_GEORGE_ISLAND_WT,1437865,0,0,0,0,NaN,0,0,0,NaN,0,NaN,0,0,NaN,0,0,NaN,NaN,NaN,NaN,NaN,NaN,NaN,NaN,0,0,0,0,4093.32,202,381,376,98.69,22,1986,1980,99.7,571.2,3851,61,1.58,3910,3896,99.64
09/27/2025,11,5GNR,Florida,143,Jacksonville,4G5G_SUWANNEE_BIG_BEND,1437452,0,0,0,0,NaN,0,0,0,NaN,0,NaN,0,0,NaN,0,0,NaN,NaN,NaN,NaN,NaN,NaN,NaN,NaN,0,0,0,0,4093.32,202,381,376,98.69,22,1986,1980,99.7,571.2,3851,61,1.58,3910,3896,99.64
09/27/2025,11,5GNR,Florida,143,Jacksonville,4G5G_SUWANNEE_BIG_BEND,1439452,0,0,0,0,NaN,0,0,0,NaN,0,NaN,0,0,NaN,0,0,NaN,NaN,NaN,NaN,NaN,NaN,NaN,NaN,0,0,0,0,4093.32,202,381,376,98.69,22,1986,1980,99.7,571.2,3851,61,1.58,3910,3896,99.64
09/27/2025,11,5GNR,Florida,143,Jacksonville,4G5G_SWITZERLAND,1437053,0,0,0,0,NaN,0,0,0,NaN,0,NaN,0,0,NaN,0,0,NaN,NaN,NaN,NaN,NaN,NaN,NaN,NaN,0,0,0,0,4093.32,202,381,376,98.69,22,1986,1980,99.7,571.2,3851,61,1.58,3910,3896,99.64
09/27/2025,11,5GNR,Florida,143,Jacksonville,4G5G_SW_69TH_DR,1439159,0,0,0,0,NaN,0,0,0,NaN,0,NaN,0,0,NaN,0,0,NaN,NaN,NaN,NaN,NaN,NaN,NaN,NaN,0,0,0,0,4093.32,202,381,376,98.69,22,1986,1980,99.7,571.2,3851,61,1.58,3910,3896,99.64
09/27/2025,11,5GNR,Florida,143,Jacksonville,4G5G_SW_GAINESVILLE,1437656,0,0,0,0,NaN,0,0,0,NaN,0,NaN,0,0,NaN,0,0,NaN,NaN,NaN,NaN,NaN,NaN,NaN,NaN,0,0,0,0,4093.32,202,381,376,98.69,22,1986,1980,99.7,571.2,3851,61,1.58,3910,3896,99.64
09/27/2025,11,5GNR,Florida,143,Jacksonville,4G5G_TALLAHASSEE_AIRPORT,1437846,0,0,0,0,NaN,0,0,0,NaN,0,NaN,0,0,NaN,0,0,NaN,NaN,NaN,NaN,NaN,NaN,NaN,NaN,0,0,0,0,4093.32,202,381,376,98.69,22,1986,1980,99.7,571.2,3851,61,1.58,3910,3896,99.64
09/27/2025,11,5GNR,Florida,143,Jacksonville,4G5G_TALLAHASSEE_AIRPORT,1439846,0,0,0,0,NaN,0,0,0,NaN,0,NaN,0,0,NaN,0,0,NaN,NaN,NaN,NaN,NaN,NaN,NaN,NaN,0,0,0,0,4093.32,202,381,376,98.69,22,1986,1980,99.7,571.2,3851,61,1.58,3910,3896,99.64
09/27/2025,11,5GNR,Florida,143,Jacksonville,4G5G_TALLAHASSEE_STATE_COMPLEX,1437842,0,0,0,0,NaN,0,0,0,NaN,0,NaN,0,0,NaN,0,0,NaN,NaN,NaN,NaN,NaN,NaN,NaN,NaN,0,0,0,0,4093.32,202,381,376,98.69,22,1986,1980,99.7,571.2,3851,61,1.58,3910,3896,99.64
09/27/2025,11,5GNR,Florida,143,Jacksonville,4G5G_TALLAHASSEE_STATE_COMPLEX,1439842,0,0,0,0,NaN,0,0,0,NaN,0,NaN,0,0,NaN,0,0,NaN,NaN,NaN,NaN,NaN,NaN,NaN,NaN,0,0,0,0,4093.32,202,381,376,98.69,22,1986,1980,99.7,571.2,3851,61,1.58,3910,3896,99.64
09/27/2025,11,5GNR,Florida,143,Jacksonville,4G5G_TALLAHASSEE_WTR_TK_RELHR,1437150,0,0,0,0,NaN,0,0,0,NaN,0,NaN,0,0,NaN,0,0,NaN,NaN,NaN,NaN,NaN,NaN,NaN,NaN,0,0,0,0,4093.32,202,381,376,98.69,22,1986,1980,99.7,571.2,3851,61,1.58,3910,3896,99.64
09/27/2025,11,5GNR,Florida,143,Jacksonville,4G5G_TALLAHASSEE_WTR_TK_RELHR,1439150,0,0,0,0,NaN,0,0,0,NaN,0,NaN,0,0,NaN,0,0,NaN,NaN,NaN,NaN,NaN,NaN,NaN,NaN,0,0,0,0,4093.32,202,381,376,98.69,22,1986,1980,99.7,571.2,3851,61,1.58,3910,3896,99.64
09/27/2025,11,5GNR,Florida,143,Jacksonville,4G5G_TECH_TOWER_CORP_SQUARE,1437250,0,0,0,0,NaN,0,0,0,NaN,0,NaN,0,0,NaN,0,0,NaN,NaN,NaN,NaN,NaN,NaN,NaN,NaN,0,0,0,0,4093.32,202,381,376,98.69,22,1986,1980,99.7,571.2,3851,61,1.58,3910,3896,99.64
09/27/2025,11,5GNR,Florida,143,Jacksonville,4G5G_TECH_TOWER_CORP_SQUARE,1439250,0,0,0,0,NaN,0,0,0,NaN,0,NaN,0,0,NaN,0,0,NaN,NaN,NaN,NaN,NaN,NaN,NaN,NaN,0,0,0,0,4093.32,202,381,376,98.69,22,1986,1980,99.7,571.2,3851,61,1.58,3910,3896,99.64
09/27/2025,11,5GNR,Florida,143,Jacksonville,4G5G_TIMBERLANE,1437815,0,0,0,0,NaN,0,0,0,NaN,0,NaN,0,0,NaN,0,0,NaN,NaN,NaN,NaN,NaN,NaN,NaN,NaN,0,0,0,0,4093.32,202,381,376,98.69,22,1986,1980,99.7,571.2,3851,61,1.58,3910,3896,99.64
09/27/2025,11,5GNR,Florida,143,Jacksonville,4G5G_TIMUQUANA,1437015,0,0,0,0,NaN,0,0,0,NaN,0,NaN,0,0,NaN,0,0,NaN,NaN,NaN,NaN,NaN,NaN,NaN,NaN,0,0,0,0,4093.32,202,381,376,98.69,22,1986,1980,99.7,571.2,3851,61,1.58,3910,3896,99.64
09/27/2025,11,5GNR,Florida,143,Jacksonville,4G5G_TMOBILE_CECIL_FIELD_EAST,1437394,0,0,0,0,NaN,0,0,0,NaN,0,NaN,0,0,NaN,0,0,NaN,NaN,NaN,NaN,NaN,NaN,NaN,NaN,0,0,0,0,4093.32,202,381,376,98.69,22,1986,1980,99.7,571.2,3851,61,1.58,3910,3896,99.64
09/27/2025,11,5GNR,Florida,143,Jacksonville,4G5G_TMOBILE_FERNANDINA_BEACH,1437293,0,0,0,0,NaN,0,0,0,NaN,0,NaN,0,0,NaN,0,0,NaN,NaN,NaN,NaN,NaN,NaN,NaN,NaN,0,0,0,0,4093.32,202,381,376,98.69,22,1986,1980,99.7,571.2,3851,61,1.58,3910,3896,99.64
09/27/2025,11,5GNR,Florida,143,Jacksonville,4G5G_TMOBILE_FOLEY,1437793,0,0,0,0,NaN,0,0,0,NaN,0,NaN,0,0,NaN,0,0,NaN,NaN,NaN,NaN,NaN,NaN,NaN,NaN,0,0,0,0,4093.32,202,381,376,98.69,22,1986,1980,99.7,571.2,3851,61,1.58,3910,3896,99.64
09/27/2025,11,5GNR,Florida,143,Jacksonville,4G5G_TMOBILE_SAN_MATEO,1437500,0,0,0,0,NaN,0,0,0,NaN,0,NaN,0,0,NaN,0,0,NaN,NaN,NaN,NaN,NaN,NaN,NaN,NaN,0,0,0,0,4093.32,202,381,376,98.69,22,1986,1980,99.7,571.2,3851,61,1.58,3910,3896,99.64
09/27/2025,11,5GNR,Florida,143,Jacksonville,4G5G_TOWERCOM_ARCHER,1437647,0,0,0,0,NaN,0,0,0,NaN,0,NaN,0,0,NaN,0,0,NaN,NaN,NaN,NaN,NaN,NaN,NaN,NaN,0,0,0,0,4093.32,202,381,376,98.69,22,1986,1980,99.7,571.2,3851,61,1.58,3910,3896,99.64
09/27/2025,11,5GNR,Florida,143,Jacksonville,4G5G_TOWERCOM_GVILLE_REG_AIRPORT,1437680,0,0,0,0,NaN,0,0,0,NaN,0,NaN,0,0,NaN,0,0,NaN,NaN,NaN,NaN,NaN,NaN,NaN,NaN,0,0,0,0,4093.32,202,381,376,98.69,22,1986,1980,99.7,571.2,3851,61,1.58,3910,3896,99.64
09/27/2025,11,5GNR,Florida,143,Jacksonville,4G5G_TOWERCOM_NATURAL_BRIDGE,1437875,0,0,0,0,NaN,0,0,0,NaN,0,NaN,0,0,NaN,0,0,NaN,NaN,NaN,NaN,NaN,NaN,NaN,NaN,0,0,0,0,4093.32,202,381,376,98.69,22,1986,1980,99.7,571.2,3851,61,1.58,3910,3896,99.64
09/27/2025,11,5GNR,Florida,143,Jacksonville,4G5G_TOWERCOM_NE_HAVANA_CONCORD,1437869,0,0,0,0,NaN,0,0,0,NaN,0,NaN,0,0,NaN,0,0,NaN,NaN,NaN,NaN,NaN,NaN,NaN,NaN,0,0,0,0,4093.32,202,381,376,98.69,22,1986,1980,99.7,571.2,3851,61,1.58,3910,3896,99.64
09/27/2025,11,5GNR,Florida,143,Jacksonville,4G5G_TOWERCOM_NE_HAVANA_CONCORD,1439869,0,0,0,0,NaN,0,0,0,NaN,0,NaN,0,0,NaN,0,0,NaN,NaN,NaN,NaN,NaN,NaN,NaN,NaN,0,0,0,0,4093.32,202,381,376,98.69,22,1986,1980,99.7,571.2,3851,61,1.58,3910,3896,99.64
09/27/2025,11,5GNR,Florida,143,Jacksonville,4G5G_TOWERCOM_NOCATEE_TOWN_CENTER,1437537,0,0,0,0,NaN,0,0,0,NaN,0,NaN,0,0,NaN,0,0,NaN,NaN,NaN,NaN,NaN,NaN,NaN,NaN,0,0,0,0,4093.32,202,381,376,98.69,22,1986,1980,99.7,571.2,3851,61,1.58,3910,3896,99.64
09/27/2025,11,5GNR,Florida,143,Jacksonville,4G5G_TOWERCOM_NOCATEE_TOWN_CENTER,1439537,0,0,0,0,NaN,0,0,0,NaN,0,NaN,0,0,NaN,0,0,NaN,NaN,NaN,NaN,NaN,NaN,NaN,NaN,0,0,0,0,4093.32,202,381,376,98.69,22,1986,1980,99.7,571.2,3851,61,1.58,3910,3896,99.64
09/27/2025,11,5GNR,Florida,143,Jacksonville,4G5G_TOWERCOM_PALATKA,1437246,0,0,0,0,NaN,0,0,0,NaN,0,NaN,0,0,NaN,0,0,NaN,NaN,NaN,NaN,NaN,NaN,NaN,NaN,0,0,0,0,4093.32,202,381,376,98.69,22,1986,1980,99.7,571.2,3851,61,1.58,3910,3896,99.64
09/27/2025,11,5GNR,Florida,143,Jacksonville,4G5G_TOWERCO_PUTNAM_HALL,1437565,0,0,0,0,NaN,0,0,0,NaN,0,NaN,0,0,NaN,0,0,NaN,NaN,NaN,NaN,NaN,NaN,NaN,NaN,0,0,0,0,4093.32,202,381,376,98.69,22,1986,1980,99.7,571.2,3851,61,1.58,3910,3896,99.64
09/27/2025,11,5GNR,Florida,143,Jacksonville,4G5G_TOWER_ASSETS_PALATKA,1437568,0,0,0,0,NaN,0,0,0,NaN,0,NaN,0,0,NaN,0,0,NaN,NaN,NaN,NaN,NaN,NaN,NaN,NaN,0,0,0,0,4093.32,202,381,376,98.69,22,1986,1980,99.7,571.2,3851,61,1.58,3910,3896,99.64
09/27/2025,11,5GNR,Florida,143,Jacksonville,4G5G_TOWER_ASSETS_PALATKA,1439568,0,0,0,0,NaN,0,0,0,NaN,0,NaN,0,0,NaN,0,0,NaN,NaN,NaN,NaN,NaN,NaN,NaN,NaN,0,0,0,0,4093.32,202,381,376,98.69,22,1986,1980,99.7,571.2,3851,61,1.58,3910,3896,99.64
09/27/2025,11,5GNR,Florida,143,Jacksonville,4G5G_TOWN_CENTER,1439916,0,0,0,0,NaN,0,0,0,NaN,0,NaN,0,0,NaN,0,0,NaN,NaN,NaN,NaN,NaN,NaN,NaN,NaN,0,0,0,0,4093.32,202,381,376,98.69,22,1986,1980,99.7,571.2,3851,61,1.58,3910,3896,99.64
09/27/2025,11,5GNR,Florida,143,Jacksonville,4G5G_TOWN_CENTER_E,1439193,0,0,0,0,NaN,0,0,0,NaN,0,NaN,0,0,NaN,0,0,NaN,NaN,NaN,NaN,NaN,NaN,NaN,NaN,0,0,0,0,4093.32,202,381,376,98.69,22,1986,1980,99.7,571.2,3851,61,1.58,3910,3896,99.64
09/27/2025,11,5GNR,Florida,143,Jacksonville,4G5G_TPC_SAWGRASS_2025,1438930,0,0,0,0,NaN,0,0,0,NaN,0,NaN,0,0,NaN,0,0,NaN,NaN,NaN,NaN,NaN,NaN,NaN,NaN,0,0,0,0,4093.32,202,381,376,98.69,22,1986,1980,99.7,571.2,3851,61,1.58,3910,3896,99.64
09/27/2025,11,5GNR,Florida,143,Jacksonville,4G5G_TRILLION_YULEE,1437579,0,0,0,0,NaN,0,0,0,NaN,0,NaN,0,0,NaN,0,0,NaN,NaN,NaN,NaN,NaN,NaN,NaN,NaN,0,0,0,0,4093.32,202,381,376,98.69,22,1986,1980,99.7,571.2,3851,61,1.58,3910,3896,99.64
09/27/2025,11,5GNR,Florida,143,Jacksonville,4G5G_TRINITY_CHRISTIAN_CHURCH,1437817,0,0,0,0,NaN,0,0,0,NaN,0,NaN,0,0,NaN,0,0,NaN,NaN,NaN,NaN,NaN,NaN,NaN,NaN,0,0,0,0,4093.32,202,381,376,98.69,22,1986,1980,99.7,571.2,3851,61,1.58,3910,3896,99.64
09/27/2025,11,5GNR,Florida,143,Jacksonville,4G5G_TSI_TENNILE_CROSSROADS,1437798,0,0,0,0,NaN,0,0,0,NaN,0,NaN,0,0,NaN,0,0,NaN,NaN,NaN,NaN,NaN,NaN,NaN,NaN,0,0,0,0,4093.32,202,381,376,98.69,22,1986,1980,99.7,571.2,3851,61,1.58,3910,3896,99.64
09/27/2025,11,5GNR,Florida,143,Jacksonville,4G5G_TSI_TENNILE_CROSSROADS,1439798,0,0,0,0,NaN,0,0,0,NaN,0,NaN,0,0,NaN,0,0,NaN,NaN,NaN,NaN,NaN,NaN,NaN,NaN,0,0,0,0,4093.32,202,381,376,98.69,22,1986,1980,99.7,571.2,3851,61,1.58,3910,3896,99.64
09/27/2025,11,5GNR,Florida,143,Jacksonville,4G5G_UF_FOUNDATION,1437668,0,0,0,0,NaN,0,0,0,NaN,0,NaN,0,0,NaN,0,0,NaN,NaN,NaN,NaN,NaN,NaN,NaN,NaN,0,0,0,0,4093.32,202,381,376,98.69,22,1986,1980,99.7,571.2,3851,61,1.58,3910,3896,99.64
09/27/2025,11,5GNR,Florida,143,Jacksonville,4G5G_UF_HEALTH_NORTH_JAX,1437371,0,0,0,0,NaN,0,0,0,NaN,0,NaN,0,0,NaN,0,0,NaN,NaN,NaN,NaN,NaN,NaN,NaN,NaN,0,0,0,0,4093.32,202,381,376,98.69,22,1986,1980,99.7,571.2,3851,61,1.58,3910,3896,99.64
09/27/2025,11,5GNR,Florida,143,Jacksonville,4G5G_UF_STADIUM,1437670,0,0,0,0,NaN,0,0,0,NaN,0,NaN,0,0,NaN,0,0,NaN,NaN,NaN,NaN,NaN,NaN,NaN,NaN,0,0,0,0,4093.32,202,381,376,98.69,22,1986,1980,99.7,571.2,3851,61,1.58,3910,3896,99.64
09/27/2025,11,5GNR,Florida,143,Jacksonville,4G5G_UNIVERSITY_ATLANTIC,1437499,0,0,0,0,NaN,0,0,0,NaN,0,NaN,0,0,NaN,0,0,NaN,NaN,NaN,NaN,NaN,NaN,NaN,NaN,0,0,0,0,4093.32,202,381,376,98.69,22,1986,1980,99.7,571.2,3851,61,1.58,3910,3896,99.64
09/27/2025,11,5GNR,Florida,143,Jacksonville,4G5G_UNIVERSITY_ATLANTIC,1439499,0,0,0,0,NaN,0,0,0,NaN,0,NaN,0,0,NaN,0,0,NaN,NaN,NaN,NaN,NaN,NaN,NaN,NaN,0,0,0,0,4093.32,202,381,376,98.69,22,1986,1980,99.7,571.2,3851,61,1.58,3910,3896,99.64
09/27/2025,11,5GNR,Florida,143,Jacksonville,4G5G_UNIVERSITY_US441_GATOR_WESLEY,1437441,0,0,0,0,NaN,0,0,0,NaN,0,NaN,0,0,NaN,0,0,NaN,NaN,NaN,NaN,NaN,NaN,NaN,NaN,0,0,0,0,4093.32,202,381,376,98.69,22,1986,1980,99.7,571.2,3851,61,1.58,3910,3896,99.64
09/27/2025,11,5GNR,Florida,143,Jacksonville,4G5G_UNIVERSITY_US441_GATOR_WESLEY,1439441,0,0,0,0,NaN,0,0,0,NaN,0,NaN,0,0,NaN,0,0,NaN,NaN,NaN,NaN,NaN,NaN,NaN,NaN,0,0,0,0,4093.32,202,381,376,98.69,22,1986,1980,99.7,571.2,3851,61,1.58,3910,3896,99.64
09/27/2025,11,5GNR,Florida,143,Jacksonville,4G5G_VENETIA_PLAZA,1437974,0,0,0,0,NaN,0,0,0,NaN,0,NaN,0,0,NaN,0,0,NaN,NaN,NaN,NaN,NaN,NaN,NaN,NaN,0,0,0,0,4093.32,202,381,376,98.69,22,1986,1980,99.7,571.2,3851,61,1.58,3910,3896,99.64
09/27/2025,11,5GNR,Florida,143,Jacksonville,4G5G_VERTEX_GAINESVILLE_WEST,1439654,0,0,0,0,NaN,0,0,0,NaN,0,NaN,0,0,NaN,0,0,NaN,NaN,NaN,NaN,NaN,NaN,NaN,NaN,0,0,0,0,4093.32,202,381,376,98.69,22,1986,1980,99.7,571.2,3851,61,1.58,3910,3896,99.64
09/27/2025,11,5GNR,Florida,143,Jacksonville,4G5G_VERTEX_WEST_HAMILTON,1437319,0,0,0,0,NaN,0,0,0,NaN,0,NaN,0,0,NaN,0,0,NaN,NaN,NaN,NaN,NaN,NaN,NaN,NaN,0,0,0,0,4093.32,202,381,376,98.69,22,1986,1980,99.7,571.2,3851,61,1.58,3910,3896,99.64
09/27/2025,11,5GNR,Florida,143,Jacksonville,4G5G_VILANO_CAUSEWAY,1437512,0,0,0,0,NaN,0,0,0,NaN,0,NaN,0,0,NaN,0,0,NaN,NaN,NaN,NaN,NaN,NaN,NaN,NaN,0,0,0,0,4093.32,202,381,376,98.69,22,1986,1980,99.7,571.2,3851,61,1.58,3910,3896,99.64
09/27/2025,11,5GNR,Florida,143,Jacksonville,4G5G_VILLAGE_SQUARE_VS002,1438814,0,0,0,0,NaN,0,0,0,NaN,0,NaN,0,0,NaN,0,0,NaN,NaN,NaN,NaN,NaN,NaN,NaN,NaN,0,0,0,0,4093.32,202,381,376,98.69,22,1986,1980,99.7,571.2,3851,61,1.58,3910,3896,99.64
09/27/2025,11,5GNR,Florida,143,Jacksonville,4G5G_VW_DOWNTOWN_JAX,1439273,0,0,0,0,NaN,0,0,0,NaN,0,NaN,0,0,NaN,0,0,NaN,NaN,NaN,NaN,NaN,NaN,NaN,NaN,0,0,0,0,4093.32,202,381,376,98.69,22,1986,1980,99.7,571.2,3851,61,1.58,3910,3896,99.64
09/27/2025,11,5GNR,Florida,143,Jacksonville,4G5G_WACISSA,1437778,0,0,0,0,NaN,0,0,0,NaN,0,NaN,0,0,NaN,0,0,NaN,NaN,NaN,NaN,NaN,NaN,NaN,NaN,0,0,0,0,4093.32,202,381,376,98.69,22,1986,1980,99.7,571.2,3851,61,1.58,3910,3896,99.64
09/27/2025,11,5GNR,Florida,143,Jacksonville,4G5G_WAKULLA_SPRINGS_TALQUIN,1437870,0,0,0,0,NaN,0,0,0,NaN,0,NaN,0,0,NaN,0,0,NaN,NaN,NaN,NaN,NaN,NaN,NaN,NaN,0,0,0,0,4093.32,202,381,376,98.69,22,1986,1980,99.7,571.2,3851,61,1.58,3910,3896,99.64
09/27/2025,11,5GNR,Florida,143,Jacksonville,4G5G_WALDO,1437686,0,0,0,0,NaN,0,0,0,NaN,0,NaN,0,0,NaN,0,0,NaN,NaN,NaN,NaN,NaN,NaN,NaN,NaN,0,0,0,0,4093.32,202,381,376,98.69,22,1986,1980,99.7,571.2,3851,61,1.58,3910,3896,99.64
09/27/2025,11,5GNR,Florida,143,Jacksonville,4G5G_WALDO,1439686,0,0,0,0,NaN,0,0,0,NaN,0,NaN,0,0,NaN,0,0,NaN,NaN,NaN,NaN,NaN,NaN,NaN,NaN,0,0,0,0,4093.32,202,381,376,98.69,22,1986,1980,99.7,571.2,3851,61,1.58,3910,3896,99.64
09/27/2025,11,5GNR,Florida,143,Jacksonville,4G5G_WALMART_PALATKA,1437837,0,0,0,0,NaN,0,0,0,NaN,0,NaN,0,0,NaN,0,0,NaN,NaN,NaN,NaN,NaN,NaN,NaN,NaN,0,0,0,0,4093.32,202,381,376,98.69,22,1986,1980,99.7,571.2,3851,61,1.58,3910,3896,99.64
09/27/2025,11,5GNR,Florida,143,Jacksonville,4G5G_WALMART_PALATKA,1437921,0,0,0,0,NaN,0,0,0,NaN,0,NaN,0,0,NaN,0,0,NaN,NaN,NaN,NaN,NaN,NaN,NaN,NaN,0,0,0,0,4093.32,202,381,376,98.69,22,1986,1980,99.7,571.2,3851,61,1.58,3910,3896,99.64
09/27/2025,11,5GNR,Florida,143,Jacksonville,4G5G_WARREN_COVE,1437420,0,0,0,0,NaN,0,0,0,NaN,0,NaN,0,0,NaN,0,0,NaN,NaN,NaN,NaN,NaN,NaN,NaN,NaN,0,0,0,0,4093.32,202,381,376,98.69,22,1986,1980,99.7,571.2,3851,61,1.58,3910,3896,99.64
09/27/2025,11,5GNR,Florida,143,Jacksonville,4G5G_WARREN_COVE,1439420,0,0,0,0,NaN,0,0,0,NaN,0,NaN,0,0,NaN,0,0,NaN,NaN,NaN,NaN,NaN,NaN,NaN,NaN,0,0,0,0,4093.32,202,381,376,98.69,22,1986,1980,99.7,571.2,3851,61,1.58,3910,3896,99.64
09/27/2025,11,5GNR,Florida,143,Jacksonville,4G5G_WATERMARK,1437814,0,0,0,0,NaN,0,0,0,NaN,0,NaN,0,0,NaN,0,0,NaN,NaN,NaN,NaN,NaN,NaN,NaN,NaN,0,0,0,0,4093.32,202,381,376,98.69,22,1986,1980,99.7,571.2,3851,61,1.58,3910,3896,99.64
09/27/2025,11,5GNR,Florida,143,Jacksonville,4G5G_WEBB_RD,1437570,0,0,0,0,NaN,0,0,0,NaN,0,NaN,0,0,NaN,0,0,NaN,NaN,NaN,NaN,NaN,NaN,NaN,NaN,0,0,0,0,4093.32,202,381,376,98.69,22,1986,1980,99.7,571.2,3851,61,1.58,3910,3896,99.64
09/27/2025,11,5GNR,Florida,143,Jacksonville,4G5G_WEBB_RD,1439570,0,0,0,0,NaN,0,0,0,NaN,0,NaN,0,0,NaN,0,0,NaN,NaN,NaN,NaN,NaN,NaN,NaN,NaN,0,0,0,0,4093.32,202,381,376,98.69,22,1986,1980,99.7,571.2,3851,61,1.58,3910,3896,99.64
09/27/2025,11,5GNR,Florida,143,Jacksonville,4G5G_WEEDMAN,1437247,0,0,0,0,NaN,0,0,0,NaN,0,NaN,0,0,NaN,0,0,NaN,NaN,NaN,NaN,NaN,NaN,NaN,NaN,0,0,0,0,4093.32,202,381,376,98.69,22,1986,1980,99.7,571.2,3851,61,1.58,3910,3896,99.64
09/27/2025,11,5GNR,Florida,143,Jacksonville,4G5G_WELLBORN,1437614,0,0,0,0,NaN,0,0,0,NaN,0,NaN,0,0,NaN,0,0,NaN,NaN,NaN,NaN,NaN,NaN,NaN,NaN,0,0,0,0,4093.32,202,381,376,98.69,22,1986,1980,99.7,571.2,3851,61,1.58,3910,3896,99.64
09/27/2025,11,5GNR,Florida,143,Jacksonville,4G5G_WESTSIDE_FAMILY_CHURCH,1437722,0,0,0,0,NaN,0,0,0,NaN,0,NaN,0,0,NaN,0,0,NaN,NaN,NaN,NaN,NaN,NaN,NaN,NaN,0,0,0,0,4093.32,202,381,376,98.69,22,1986,1980,99.7,571.2,3851,61,1.58,3910,3896,99.64
09/27/2025,11,5GNR,Florida,143,Jacksonville,4G5G_WESTSIDE_FAMILY_CHURCH,1439722,0,0,0,0,NaN,0,0,0,NaN,0,NaN,0,0,NaN,0,0,NaN,NaN,NaN,NaN,NaN,NaN,NaN,NaN,0,0,0,0,4093.32,202,381,376,98.69,22,1986,1980,99.7,571.2,3851,61,1.58,3910,3896,99.64
09/27/2025,11,5GNR,Florida,143,Jacksonville,4G5G_WESTWOOD,1437114,0,0,0,0,NaN,0,0,0,NaN,0,NaN,0,0,NaN,0,0,NaN,NaN,NaN,NaN,NaN,NaN,NaN,NaN,0,0,0,0,4093.32,202,381,376,98.69,22,1986,1980,99.7,571.2,3851,61,1.58,3910,3896,99.64
09/27/2025,11,5GNR,Florida,143,Jacksonville,4G5G_WESTWOOD,1439114,0,0,0,0,NaN,0,0,0,NaN,0,NaN,0,0,NaN,0,0,NaN,NaN,NaN,NaN,NaN,NaN,NaN,NaN,0,0,0,0,4093.32,202,381,376,98.69,22,1986,1980,99.7,571.2,3851,61,1.58,3910,3896,99.64
09/27/2025,11,5GNR,Florida,143,Jacksonville,4G5G_WEST_SIDE_INDUSTRIAL,1437058,0,0,0,0,NaN,0,0,0,NaN,0,NaN,0,0,NaN,0,0,NaN,NaN,NaN,NaN,NaN,NaN,NaN,NaN,0,0,0,0,4093.32,202,381,376,98.69,22,1986,1980,99.7,571.2,3851,61,1.58,3910,3896,99.64
09/27/2025,11,5GNR,Florida,143,Jacksonville,4G5G_WEST_SIDE_INDUSTRIAL,1439058,0,0,0,0,NaN,0,0,0,NaN,0,NaN,0,0,NaN,0,0,NaN,NaN,NaN,NaN,NaN,NaN,NaN,NaN,0,0,0,0,4093.32,202,381,376,98.69,22,1986,1980,99.7,571.2,3851,61,1.58,3910,3896,99.64
09/27/2025,11,5GNR,Florida,143,Jacksonville,4G5G_WFSU_TOWER_RELHR,1437210,0,0,0,0,NaN,0,0,0,NaN,0,NaN,0,0,NaN,0,0,NaN,NaN,NaN,NaN,NaN,NaN,NaN,NaN,0,0,0,0,4093.32,202,381,376,98.69,22,1986,1980,99.7,571.2,3851,61,1.58,3910,3896,99.64
09/27/2025,11,5GNR,Florida,143,Jacksonville,4G5G_WFSU_TOWER_RELHR,1439210,0,0,0,0,NaN,0,0,0,NaN,0,NaN,0,0,NaN,0,0,NaN,NaN,NaN,NaN,NaN,NaN,NaN,NaN,0,0,0,0,4093.32,202,381,376,98.69,22,1986,1980,99.7,571.2,3851,61,1.58,3910,3896,99.64
09/27/2025,11,5GNR,Florida,143,Jacksonville,4G5G_WHITE_SPRINGS,1437119,0,0,0,0,NaN,0,0,0,NaN,0,NaN,0,0,NaN,0,0,NaN,NaN,NaN,NaN,NaN,NaN,NaN,NaN,0,0,0,0,4093.32,202,381,376,98.69,22,1986,1980,99.7,571.2,3851,61,1.58,3910,3896,99.64
09/27/2025,11,5GNR,Florida,143,Jacksonville,4G5G_WHITE_SPRINGS,1437603,0,0,0,0,NaN,0,0,0,NaN,0,NaN,0,0,NaN,0,0,NaN,NaN,NaN,NaN,NaN,NaN,NaN,NaN,0,0,0,0,4093.32,202,381,376,98.69,22,1986,1980,99.7,571.2,3851,61,1.58,3910,3896,99.64
09/27/2025,11,5GNR,Florida,143,Jacksonville,4G5G_WHITE_SPRINGS,1439119,0,0,0,0,NaN,0,0,0,NaN,0,NaN,0,0,NaN,0,0,NaN,NaN,NaN,NaN,NaN,NaN,NaN,NaN,0,0,0,0,4093.32,202,381,376,98.69,22,1986,1980,99.7,571.2,3851,61,1.58,3910,3896,99.64
09/27/2025,11,5GNR,Florida,143,Jacksonville,4G5G_WILLIAMS,1437672,0,0,0,0,NaN,0,0,0,NaN,0,NaN,0,0,NaN,0,0,NaN,NaN,NaN,NaN,NaN,NaN,NaN,NaN,0,0,0,0,4093.32,202,381,376,98.69,22,1986,1980,99.7,571.2,3851,61,1.58,3910,3896,99.64
09/27/2025,11,5GNR,Florida,143,Jacksonville,4G5G_WILLIAMSON_NORTH_FORT_WHITE,1437447,0,0,0,0,NaN,0,0,0,NaN,0,NaN,0,0,NaN,0,0,NaN,NaN,NaN,NaN,NaN,NaN,NaN,NaN,0,0,0,0,4093.32,202,381,376,98.69,22,1986,1980,99.7,571.2,3851,61,1.58,3910,3896,99.64
09/27/2025,11,5GNR,Florida,143,Jacksonville,4G5G_WILLIFORD,1437937,0,0,0,0,NaN,0,0,0,NaN,0,NaN,0,0,NaN,0,0,NaN,NaN,NaN,NaN,NaN,NaN,NaN,NaN,0,0,0,0,4093.32,202,381,376,98.69,22,1986,1980,99.7,571.2,3851,61,1.58,3910,3896,99.64
09/27/2025,11,5GNR,Florida,143,Jacksonville,4G5G_WINDERWEEDLE,1437608,0,0,0,0,NaN,0,0,0,NaN,0,NaN,0,0,NaN,0,0,NaN,NaN,NaN,NaN,NaN,NaN,NaN,NaN,0,0,0,0,4093.32,202,381,376,98.69,22,1986,1980,99.7,571.2,3851,61,1.58,3910,3896,99.64
09/27/2025,11,5GNR,Florida,143,Jacksonville,4G5G_WOODMONT,1437820,0,0,0,0,NaN,0,0,0,NaN,0,NaN,0,0,NaN,0,0,NaN,NaN,NaN,NaN,NaN,NaN,NaN,NaN,0,0,0,0,4093.32,202,381,376,98.69,22,1986,1980,99.7,571.2,3851,61,1.58,3910,3896,99.64
09/27/2025,11,5GNR,Florida,143,Jacksonville,4G5G_WOODRUN,1437811,0,0,0,0,NaN,0,0,0,NaN,0,NaN,0,0,NaN,0,0,NaN,NaN,NaN,NaN,NaN,NaN,NaN,NaN,0,0,0,0,4093.32,202,381,376,98.69,22,1986,1980,99.7,571.2,3851,61,1.58,3910,3896,99.64
09/27/2025,11,5GNR,Florida,143,Jacksonville,4G5G_WOODVILLE,1437851,0,0,0,0,NaN,0,0,0,NaN,0,NaN,0,0,NaN,0,0,NaN,NaN,NaN,NaN,NaN,NaN,NaN,NaN,0,0,0,0,4093.32,202,381,376,98.69,22,1986,1980,99.7,571.2,3851,61,1.58,3910,3896,99.64
09/27/2025,11,5GNR,Florida,143,Jacksonville,4G5G_YULEE_NASSAU,1437176,0,0,0,0,NaN,0,0,0,NaN,0,NaN,0,0,NaN,0,0,NaN,NaN,NaN,NaN,NaN,NaN,NaN,NaN,0,0,0,0,4093.32,202,381,376,98.69,22,1986,1980,99.7,571.2,3851,61,1.58,3910,3896,99.64
09/27/2025,11,5GNR,Florida,143,Jacksonville,4G5G_YULEE_NASSAU,1439176,0,0,0,0,NaN,0,0,0,NaN,0,NaN,0,0,NaN,0,0,NaN,NaN,NaN,NaN,NaN,NaN,NaN,NaN,0,0,0,0,4093.32,202,381,376,98.69,22,1986,1980,99.7,571.2,3851,61,1.58,3910,3896,99.64
09/27/2025,11,5GNR,Florida,143,Jacksonville,5GNB_FAMU_VICINITY_FV004,1430266,0,0,0,0,NaN,0,0,0,NaN,0,NaN,0,0,NaN,0,0,NaN,NaN,NaN,NaN,NaN,NaN,NaN,NaN,0,0,0,0,4093.32,202,381,376,98.69,22,1986,1980,99.7,571.2,3851,61,1.58,3910,3896,99.64
09/27/2025,11,5GNR,Florida,143,Jacksonville,5GNB_FAMU_VICINITY_FV004,1430267,0,0,0,0,NaN,0,0,0,NaN,0,NaN,0,0,NaN,0,0,NaN,NaN,NaN,NaN,NaN,NaN,NaN,NaN,0,0,0,0,4093.32,202,381,376,98.69,22,1986,1980,99.7,571.2,3851,61,1.58,3910,3896,99.64
09/27/2025,11,5GNR,Florida,143,Jacksonville,5GNB_FAMU_VICINITY_FV004,1430268,0,0,0,0,NaN,0,0,0,NaN,0,NaN,0,0,NaN,0,0,NaN,NaN,NaN,NaN,NaN,NaN,NaN,NaN,0,0,0,0,4093.32,202,381,376,98.69,22,1986,1980,99.7,571.2,3851,61,1.58,3910,3896,99.64
09/27/2025,11,5GNR,Florida,143,Jacksonville,5GNB_NEXTOWER_SOUTH_TOWN_CENTER,1437397,0,0,0,0,NaN,0,0,0,NaN,0,NaN,0,0,NaN,0,0,NaN,NaN,NaN,NaN,NaN,NaN,NaN,NaN,0,0,0,0,4093.32,202,381,376,98.69,22,1986,1980,99.7,571.2,3851,61,1.58,3910,3896,99.64
09/27/2025,11,5GNR,Florida,143,Jacksonville,5GNB_TIAA_EVERBANK_STADIUM,1431288,0,0,0,0,NaN,0,0,0,NaN,0,NaN,0,0,NaN,0,0,NaN,NaN,NaN,NaN,NaN,NaN,NaN,NaN,0,0,0,0,4093.32,202,381,376,98.69,22,1986,1980,99.7,571.2,3851,61,1.58,3910,3896,99.64
09/27/2025,11,5GNR,Florida,143,Jacksonville,5GNB_TOWN_CENTER,1437916,0,0,0,0,NaN,0,0,0,NaN,0,NaN,0,0,NaN,0,0,NaN,NaN,NaN,NaN,NaN,NaN,NaN,NaN,0,0,0,0,4093.32,202,381,376,98.69,22,1986,1980,99.7,571.2,3851,61,1.58,3910,3896,99.64
09/27/2025,11,5GNR,Florida,143,Jacksonville,5GNB_VERTEX_GAINESVILLE_WEST,1437654,0,0,0,0,NaN,0,0,0,NaN,0,NaN,0,0,NaN,0,0,NaN,NaN,NaN,NaN,NaN,NaN,NaN,NaN,0,0,0,0,4093.32,202,381,376,98.69,22,1986,1980,99.7,571.2,3851,61,1.58,3910,3896,99.64
09/27/2025,11,5GNR,Florida,143,Jacksonville,ALACHUA,1439648,0,0,0,0,NaN,0,0,0,NaN,0,NaN,0,0,NaN,0,0,NaN,NaN,NaN,NaN,NaN,NaN,NaN,NaN,0,0,0,0,4093.32,202,381,376,98.69,22,1986,1980,99.7,571.2,3851,61,1.58,3910,3896,99.64
09/27/2025,11,5GNR,Florida,143,Jacksonville,ALACHUA_2,1439662,0,0,0,0,NaN,0,0,0,NaN,0,NaN,0,0,NaN,0,0,NaN,NaN,NaN,NaN,NaN,NaN,NaN,NaN,0,0,0,0,4093.32,202,381,376,98.69,22,1986,1980,99.7,571.2,3851,61,1.58,3910,3896,99.64
09/27/2025,11,5GNR,Florida,143,Jacksonville,ALLEY_KATZ,1439657,0,0,0,0,NaN,0,0,0,NaN,0,NaN,0,0,NaN,0,0,NaN,NaN,NaN,NaN,NaN,NaN,NaN,NaN,0,0,0,0,4093.32,202,381,376,98.69,22,1986,1980,99.7,571.2,3851,61,1.58,3910,3896,99.64
09/27/2025,11,5GNR,Florida,143,Jacksonville,ALLTEL_CORNER_DELI,1439285,0,0,0,0,NaN,0,0,0,NaN,0,NaN,0,0,NaN,0,0,NaN,NaN,NaN,NaN,NaN,NaN,NaN,NaN,0,0,0,0,4093.32,202,381,376,98.69,22,1986,1980,99.7,571.2,3851,61,1.58,3910,3896,99.64
09/27/2025,11,5GNR,Florida,143,Jacksonville,ALLTEL_I_295_AT_OLD_ST_AUG,1437065,0,0,0,0,NaN,0,0,0,NaN,0,NaN,0,0,NaN,0,0,NaN,NaN,NaN,NaN,NaN,NaN,NaN,NaN,0,0,0,0,4093.32,202,381,376,98.69,22,1986,1980,99.7,571.2,3851,61,1.58,3910,3896,99.64
09/27/2025,11,5GNR,Florida,143,Jacksonville,ALLTEL_I_295_AT_OLD_ST_AUG,1439065,0,0,0,0,NaN,0,0,0,NaN,0,NaN,0,0,NaN,0,0,NaN,NaN,NaN,NaN,NaN,NaN,NaN,NaN,0,0,0,0,4093.32,202,381,376,98.69,22,1986,1980,99.7,571.2,3851,61,1.58,3910,3896,99.64
09/27/2025,11,5GNR,Florida,143,Jacksonville,AMBER_VALLEY,1439803,0,0,0,0,NaN,0,0,0,NaN,0,NaN,0,0,NaN,0,0,NaN,NaN,NaN,NaN,NaN,NaN,NaN,NaN,0,0,0,0,4093.32,202,381,376,98.69,22,1986,1980,99.7,571.2,3851,61,1.58,3910,3896,99.64
09/27/2025,11,5GNR,Florida,143,Jacksonville,AMELIA_SOUTH_S_FLETCHER,1439578,0,0,0,0,NaN,0,0,0,NaN,0,NaN,0,0,NaN,0,0,NaN,NaN,NaN,NaN,NaN,NaN,NaN,NaN,0,0,0,0,4093.32,202,381,376,98.69,22,1986,1980,99.7,571.2,3851,61,1.58,3910,3896,99.64
09/27/2025,11,5GNR,Florida,143,Jacksonville,AMERICAN_CONCRETE,1439061,0,0,0,0,NaN,0,0,0,NaN,0,NaN,0,0,NaN,0,0,NaN,NaN,NaN,NaN,NaN,NaN,NaN,NaN,0,0,0,0,4093.32,202,381,376,98.69,22,1986,1980,99.7,571.2,3851,61,1.58,3910,3896,99.64
09/27/2025,11,5GNR,Florida,143,Jacksonville,AME_CHURCH_OF_MANDARIN_II,1439393,0,0,0,0,NaN,0,0,0,NaN,0,NaN,0,0,NaN,0,0,NaN,NaN,NaN,NaN,NaN,NaN,NaN,NaN,0,0,0,0,4093.32,202,381,376,98.69,22,1986,1980,99.7,571.2,3851,61,1.58,3910,3896,99.64
09/27/2025,11,5GNR,Florida,143,Jacksonville,AMS_CHESTER,1439572,0,0,0,0,NaN,0,0,0,NaN,0,NaN,0,0,NaN,0,0,NaN,NaN,NaN,NaN,NaN,NaN,NaN,NaN,0,0,0,0,4093.32,202,381,376,98.69,22,1986,1980,99.7,571.2,3851,61,1.58,3910,3896,99.64
09/27/2025,11,5GNR,Florida,143,Jacksonville,AMS_CHESTER,4439572,0,0,0,0,NaN,0,0,0,NaN,0,NaN,0,0,NaN,0,0,NaN,NaN,NaN,NaN,NaN,NaN,NaN,NaN,0,0,0,0,4093.32,202,381,376,98.69,22,1986,1980,99.7,571.2,3851,61,1.58,3910,3896,99.64
09/27/2025,11,5GNR,Florida,143,Jacksonville,ANASTASIA_BLVD,1437048,0,0,0,0,NaN,0,0,0,NaN,0,NaN,0,0,NaN,0,0,NaN,NaN,NaN,NaN,NaN,NaN,NaN,NaN,0,0,0,0,4093.32,202,381,376,98.69,22,1986,1980,99.7,571.2,3851,61,1.58,3910,3896,99.64
09/27/2025,11,5GNR,Florida,143,Jacksonville,ANASTASIA_BLVD,1439048,0,0,0,0,NaN,0,0,0,NaN,0,NaN,0,0,NaN,0,0,NaN,NaN,NaN,NaN,NaN,NaN,NaN,NaN,0,0,0,0,4093.32,202,381,376,98.69,22,1986,1980,99.7,571.2,3851,61,1.58,3910,3896,99.64
09/27/2025,11,5GNR,Florida,143,Jacksonville,ANASTASIA_BLVD_2,1439047,0,0,0,0,NaN,0,0,0,NaN,0,NaN,0,0,NaN,0,0,NaN,NaN,NaN,NaN,NaN,NaN,NaN,NaN,0,0,0,0,4093.32,202,381,376,98.69,22,1986,1980,99.7,571.2,3851,61,1.58,3910,3896,99.64
09/27/2025,11,5GNR,Florida,143,Jacksonville,ANASTASIA_CONDO,1437265,0,0,0,0,NaN,0,0,0,NaN,0,NaN,0,0,NaN,0,0,NaN,NaN,NaN,NaN,NaN,NaN,NaN,NaN,0,0,0,0,4093.32,202,381,376,98.69,22,1986,1980,99.7,571.2,3851,61,1.58,3910,3896,99.64
09/27/2025,11,5GNR,Florida,143,Jacksonville,ANASTASIA_CONDO,1439265,0,0,0,0,NaN,0,0,0,NaN,0,NaN,0,0,NaN,0,0,NaN,NaN,NaN,NaN,NaN,NaN,NaN,NaN,0,0,0,0,4093.32,202,381,376,98.69,22,1986,1980,99.7,571.2,3851,61,1.58,3910,3896,99.64
09/27/2025,11,5GNR,Florida,143,Jacksonville,ANCHOR3_BRANAN_FIELD_CHAFFEE,1439560,0,0,0,0,NaN,0,0,0,NaN,0,NaN,0,0,NaN,0,0,NaN,NaN,NaN,NaN,NaN,NaN,NaN,NaN,0,0,0,0,4093.32,202,381,376,98.69,22,1986,1980,99.7,571.2,3851,61,1.58,3910,3896,99.64
09/27/2025,11,5GNR,Florida,143,Jacksonville,ANCHOR3_BRANNAN_FIELD_CHAFFEE,1437560,0,0,0,0,NaN,0,0,0,NaN,0,NaN,0,0,NaN,0,0,NaN,NaN,NaN,NaN,NaN,NaN,NaN,NaN,0,0,0,0,4093.32,202,381,376,98.69,22,1986,1980,99.7,571.2,3851,61,1.58,3910,3896,99.64
09/27/2025,11,5GNR,Florida,143,Jacksonville,APALACHICOLA,1439866,0,0,0,0,NaN,0,0,0,NaN,0,NaN,0,0,NaN,0,0,NaN,NaN,NaN,NaN,NaN,NaN,NaN,NaN,0,0,0,0,4093.32,202,381,376,98.69,22,1986,1980,99.7,571.2,3851,61,1.58,3910,3896,99.64
09/27/2025,11,5GNR,Florida,143,Jacksonville,APALACHICOLA_NATIONAL_FOREST,1439922,0,0,0,0,NaN,0,0,0,NaN,0,NaN,0,0,NaN,0,0,NaN,NaN,NaN,NaN,NaN,NaN,NaN,NaN,0,0,0,0,4093.32,202,381,376,98.69,22,1986,1980,99.7,571.2,3851,61,1.58,3910,3896,99.64
09/27/2025,11,5GNR,Florida,143,Jacksonville,ARGOS_CEMENT_EAST,1439460,0,0,0,0,NaN,0,0,0,NaN,0,NaN,0,0,NaN,0,0,NaN,NaN,NaN,NaN,NaN,NaN,NaN,NaN,0,0,0,0,4093.32,202,381,376,98.69,22,1986,1980,99.7,571.2,3851,61,1.58,3910,3896,99.64
09/27/2025,11,5GNR,Florida,143,Jacksonville,ARGYLE,1437030,0,0,0,0,NaN,0,0,0,NaN,0,NaN,0,0,NaN,0,0,NaN,NaN,NaN,NaN,NaN,NaN,NaN,NaN,0,0,0,0,4093.32,202,381,376,98.69,22,1986,1980,99.7,571.2,3851,61,1.58,3910,3896,99.64
09/27/2025,11,5GNR,Florida,143,Jacksonville,ARGYLE,1439030,0,0,0,0,NaN,0,0,0,NaN,0,NaN,0,0,NaN,0,0,NaN,NaN,NaN,NaN,NaN,NaN,NaN,NaN,0,0,0,0,4093.32,202,381,376,98.69,22,1986,1980,99.7,571.2,3851,61,1.58,3910,3896,99.64
09/27/2025,11,5GNR,Florida,143,Jacksonville,ARRENDONDO_GAINESVILLE,1439639,0,0,0,0,NaN,0,0,0,NaN,0,NaN,0,0,NaN,0,0,NaN,NaN,NaN,NaN,NaN,NaN,NaN,NaN,0,0,0,0,4093.32,202,381,376,98.69,22,1986,1980,99.7,571.2,3851,61,1.58,3910,3896,99.64
09/27/2025,11,5GNR,Florida,143,Jacksonville,ATC_CIMMARON,1439108,0,0,0,0,NaN,0,0,0,NaN,0,NaN,0,0,NaN,0,0,NaN,NaN,NaN,NaN,NaN,NaN,NaN,NaN,0,0,0,0,4093.32,202,381,376,98.69,22,1986,1980,99.7,571.2,3851,61,1.58,3910,3896,99.64
09/27/2025,11,5GNR,Florida,143,Jacksonville,ATC_COLUMBIA,1439625,0,0,0,0,NaN,0,0,0,NaN,0,NaN,0,0,NaN,0,0,NaN,NaN,NaN,NaN,NaN,NaN,NaN,NaN,0,0,0,0,4093.32,202,381,376,98.69,22,1986,1980,99.7,571.2,3851,61,1.58,3910,3896,99.64
09/27/2025,11,5GNR,Florida,143,Jacksonville,ATC_CR_209,1437248,0,0,0,0,NaN,0,0,0,NaN,0,NaN,0,0,NaN,0,0,NaN,NaN,NaN,NaN,NaN,NaN,NaN,NaN,0,0,0,0,4093.32,202,381,376,98.69,22,1986,1980,99.7,571.2,3851,61,1.58,3910,3896,99.64
09/27/2025,11,5GNR,Florida,143,Jacksonville,ATC_CR_209,1439248,0,0,0,0,NaN,0,0,0,NaN,0,NaN,0,0,NaN,0,0,NaN,NaN,NaN,NaN,NaN,NaN,NaN,NaN,0,0,0,0,4093.32,202,381,376,98.69,22,1986,1980,99.7,571.2,3851,61,1.58,3910,3896,99.64
09/27/2025,11,5GNR,Florida,143,Jacksonville,ATC_DUPONT_CENTER,4439214,0,0,0,0,NaN,0,0,0,NaN,0,NaN,0,0,NaN,0,0,NaN,NaN,NaN,NaN,NaN,NaN,NaN,NaN,0,0,0,0,4093.32,202,381,376,98.69,22,1986,1980,99.7,571.2,3851,61,1.58,3910,3896,99.64
09/27/2025,11,5GNR,Florida,143,Jacksonville,ATC_DURBIN,1437574,0,0,0,0,NaN,0,0,0,NaN,0,NaN,0,0,NaN,0,0,NaN,NaN,NaN,NaN,NaN,NaN,NaN,NaN,0,0,0,0,4093.32,202,381,376,98.69,22,1986,1980,99.7,571.2,3851,61,1.58,3910,3896,99.64
09/27/2025,11,5GNR,Florida,143,Jacksonville,ATC_DURBIN,1439574,0,0,0,0,NaN,0,0,0,NaN,0,NaN,0,0,NaN,0,0,NaN,NaN,NaN,NaN,NaN,NaN,NaN,NaN,0,0,0,0,4093.32,202,381,376,98.69,22,1986,1980,99.7,571.2,3851,61,1.58,3910,3896,99.64
09/27/2025,11,5GNR,Florida,143,Jacksonville,ATC_DURBIN_CROSSING,1437549,0,0,0,0,NaN,0,0,0,NaN,0,NaN,0,0,NaN,0,0,NaN,NaN,NaN,NaN,NaN,NaN,NaN,NaN,0,0,0,0,4093.32,202,381,376,98.69,22,1986,1980,99.7,571.2,3851,61,1.58,3910,3896,99.64
09/27/2025,11,5GNR,Florida,143,Jacksonville,ATC_DURBIN_CROSSING,1439549,0,0,0,0,NaN,0,0,0,NaN,0,NaN,0,0,NaN,0,0,NaN,NaN,NaN,NaN,NaN,NaN,NaN,NaN,0,0,0,0,4093.32,202,381,376,98.69,22,1986,1980,99.7,571.2,3851,61,1.58,3910,3896,99.64
09/27/2025,11,5GNR,Florida,143,Jacksonville,ATC_EAST_PALATKA,1437110,0,0,0,0,NaN,0,0,0,NaN,0,NaN,0,0,NaN,0,0,NaN,NaN,NaN,NaN,NaN,NaN,NaN,NaN,0,0,0,0,4093.32,202,381,376,98.69,22,1986,1980,99.7,571.2,3851,61,1.58,3910,3896,99.64
09/27/2025,11,5GNR,Florida,143,Jacksonville,ATC_EAST_PALATKA,1439110,0,0,0,0,NaN,0,0,0,NaN,0,NaN,0,0,NaN,0,0,NaN,NaN,NaN,NaN,NaN,NaN,NaN,NaN,0,0,0,0,4093.32,202,381,376,98.69,22,1986,1980,99.7,571.2,3851,61,1.58,3910,3896,99.64
09/27/2025,11,5GNR,Florida,143,Jacksonville,ATC_FIVE_POINTS,1439617,0,0,0,0,NaN,0,0,0,NaN,0,NaN,0,0,NaN,0,0,NaN,NaN,NaN,NaN,NaN,NaN,NaN,NaN,0,0,0,0,4093.32,202,381,376,98.69,22,1986,1980,99.7,571.2,3851,61,1.58,3910,3896,99.64
09/27/2025,11,5GNR,Florida,143,Jacksonville,ATC_GAINESVILLE_SOUTH,1439669,0,0,0,0,NaN,0,0,0,NaN,0,NaN,0,0,NaN,0,0,NaN,NaN,NaN,NaN,NaN,NaN,NaN,NaN,0,0,0,0,4093.32,202,381,376,98.69,22,1986,1980,99.7,571.2,3851,61,1.58,3910,3896,99.64
09/27/2025,11,5GNR,Florida,143,Jacksonville,ATC_GREEN_COVE_SPRINGS,1437218,0,0,0,0,NaN,0,0,0,NaN,0,NaN,0,0,NaN,0,0,NaN,NaN,NaN,NaN,NaN,NaN,NaN,NaN,0,0,0,0,4093.32,202,381,376,98.69,22,1986,1980,99.7,571.2,3851,61,1.58,3910,3896,99.64
09/27/2025,11,5GNR,Florida,143,Jacksonville,ATC_GREEN_COVE_SPRINGS,1439218,0,0,0,0,NaN,0,0,0,NaN,0,NaN,0,0,NaN,0,0,NaN,NaN,NaN,NaN,NaN,NaN,NaN,NaN,0,0,0,0,4093.32,202,381,376,98.69,22,1986,1980,99.7,571.2,3851,61,1.58,3910,3896,99.64
09/27/2025,11,5GNR,Florida,143,Jacksonville,ATC_GROSS,1437534,0,0,0,0,NaN,0,0,0,NaN,0,NaN,0,0,NaN,0,0,NaN,NaN,NaN,NaN,NaN,NaN,NaN,NaN,0,0,0,0,4093.32,202,381,376,98.69,22,1986,1980,99.7,571.2,3851,61,1.58,3910,3896,99.64
09/27/2025,11,5GNR,Florida,143,Jacksonville,ATC_GROSS,1439534,0,0,0,0,NaN,0,0,0,NaN,0,NaN,0,0,NaN,0,0,NaN,NaN,NaN,NaN,NaN,NaN,NaN,NaN,0,0,0,0,4093.32,202,381,376,98.69,22,1986,1980,99.7,571.2,3851,61,1.58,3910,3896,99.64
09/27/2025,11,5GNR,Florida,143,Jacksonville,ATC_HILLIARD,1439531,0,0,0,0,NaN,0,0,0,NaN,0,NaN,0,0,NaN,0,0,NaN,NaN,NaN,NaN,NaN,NaN,NaN,NaN,0,0,0,0,4093.32,202,381,376,98.69,22,1986,1980,99.7,571.2,3851,61,1.58,3910,3896,99.64
09/27/2025,11,5GNR,Florida,143,Jacksonville,ATC_HILLIARD,4439531,0,0,0,0,NaN,0,0,0,NaN,0,NaN,0,0,NaN,0,0,NaN,NaN,NaN,NaN,NaN,NaN,NaN,NaN,0,0,0,0,4093.32,202,381,376,98.69,22,1986,1980,99.7,571.2,3851,61,1.58,3910,3896,99.64
09/27/2025,11,5GNR,Florida,143,Jacksonville,ATC_HILLIARD_2,1437532,0,0,0,0,NaN,0,0,0,NaN,0,NaN,0,0,NaN,0,0,NaN,NaN,NaN,NaN,NaN,NaN,NaN,NaN,0,0,0,0,4093.32,202,381,376,98.69,22,1986,1980,99.7,571.2,3851,61,1.58,3910,3896,99.64
09/27/2025,11,5GNR,Florida,143,Jacksonville,ATC_HILLIARD_2,1439532,0,0,0,0,NaN,0,0,0,NaN,0,NaN,0,0,NaN,0,0,NaN,NaN,NaN,NaN,NaN,NaN,NaN,NaN,0,0,0,0,4093.32,202,381,376,98.69,22,1986,1980,99.7,571.2,3851,61,1.58,3910,3896,99.64
09/27/2025,11,5GNR,Florida,143,Jacksonville,ATC_HOLMES,1437094,0,0,0,0,NaN,0,0,0,NaN,0,NaN,0,0,NaN,0,0,NaN,NaN,NaN,NaN,NaN,NaN,NaN,NaN,0,0,0,0,4093.32,202,381,376,98.69,22,1986,1980,99.7,571.2,3851,61,1.58,3910,3896,99.64
09/27/2025,11,5GNR,Florida,143,Jacksonville,ATC_HOLMES,1439094,0,0,0,0,NaN,0,0,0,NaN,0,NaN,0,0,NaN,0,0,NaN,NaN,NaN,NaN,NaN,NaN,NaN,NaN,0,0,0,0,4093.32,202,381,376,98.69,22,1986,1980,99.7,571.2,3851,61,1.58,3910,3896,99.64
09/27/2025,11,5GNR,Florida,143,Jacksonville,ATC_INT_ST_AUGUSTINE,1439046,0,0,0,0,NaN,0,0,0,NaN,0,NaN,0,0,NaN,0,0,NaN,NaN,NaN,NaN,NaN,NaN,NaN,NaN,0,0,0,0,4093.32,202,381,376,98.69,22,1986,1980,99.7,571.2,3851,61,1.58,3910,3896,99.64
09/27/2025,11,5GNR,Florida,143,Jacksonville,ATC_INT_ST_AUGUSTINE,4439046,0,0,0,0,NaN,0,0,0,NaN,0,NaN,0,0,NaN,0,0,NaN,NaN,NaN,NaN,NaN,NaN,NaN,NaN,0,0,0,0,4093.32,202,381,376,98.69,22,1986,1980,99.7,571.2,3851,61,1.58,3910,3896,99.64
09/27/2025,11,5GNR,Florida,143,Jacksonville,ATC_LAKE_JACKSON,1439804,0,0,0,0,NaN,0,0,0,NaN,0,NaN,0,0,NaN,0,0,NaN,NaN,NaN,NaN,NaN,NaN,NaN,NaN,0,0,0,0,4093.32,202,381,376,98.69,22,1986,1980,99.7,571.2,3851,61,1.58,3910,3896,99.64
09/27/2025,11,5GNR,Florida,143,Jacksonville,ATC_LENO,1437198,0,0,0,0,NaN,0,0,0,NaN,0,NaN,0,0,NaN,0,0,NaN,NaN,NaN,NaN,NaN,NaN,NaN,NaN,0,0,0,0,4093.32,202,381,376,98.69,22,1986,1980,99.7,571.2,3851,61,1.58,3910,3896,99.64
09/27/2025,11,5GNR,Florida,143,Jacksonville,ATC_LENO,1439198,0,0,0,0,NaN,0,0,0,NaN,0,NaN,0,0,NaN,0,0,NaN,NaN,NaN,NaN,NaN,NaN,NaN,NaN,0,0,0,0,4093.32,202,381,376,98.69,22,1986,1980,99.7,571.2,3851,61,1.58,3910,3896,99.64
09/27/2025,11,5GNR,Florida,143,Jacksonville,ATC_MAYO,1439451,0,0,0,0,NaN,0,0,0,NaN,0,NaN,0,0,NaN,0,0,NaN,NaN,NaN,NaN,NaN,NaN,NaN,NaN,0,0,0,0,4093.32,202,381,376,98.69,22,1986,1980,99.7,571.2,3851,61,1.58,3910,3896,99.64
09/27/2025,11,5GNR,Florida,143,Jacksonville,ATC_MIDDLEBURG,1437227,0,0,0,0,NaN,0,0,0,NaN,0,NaN,0,0,NaN,0,0,NaN,NaN,NaN,NaN,NaN,NaN,NaN,NaN,0,0,0,0,4093.32,202,381,376,98.69,22,1986,1980,99.7,571.2,3851,61,1.58,3910,3896,99.64
09/27/2025,11,5GNR,Florida,143,Jacksonville,ATC_MIDDLEBURG,1439227,0,0,0,0,NaN,0,0,0,NaN,0,NaN,0,0,NaN,0,0,NaN,NaN,NaN,NaN,NaN,NaN,NaN,NaN,0,0,0,0,4093.32,202,381,376,98.69,22,1986,1980,99.7,571.2,3851,61,1.58,3910,3896,99.64
09/27/2025,11,5GNR,Florida,143,Jacksonville,ATC_MIDDLEBURG,4439227,0,0,0,0,NaN,0,0,0,NaN,0,NaN,0,0,NaN,0,0,NaN,NaN,NaN,NaN,NaN,NaN,NaN,NaN,0,0,0,0,4093.32,202,381,376,98.69,22,1986,1980,99.7,571.2,3851,61,1.58,3910,3896,99.64
09/27/2025,11,5GNR,Florida,143,Jacksonville,ATC_OLUSTEE,1437561,0,0,0,0,NaN,0,0,0,NaN,0,NaN,0,0,NaN,0,0,NaN,NaN,NaN,NaN,NaN,NaN,NaN,NaN,0,0,0,0,4093.32,202,381,376,98.69,22,1986,1980,99.7,571.2,3851,61,1.58,3910,3896,99.64
09/27/2025,11,5GNR,Florida,143,Jacksonville,ATC_OLUSTEE,1439561,0,0,0,0,NaN,0,0,0,NaN,0,NaN,0,0,NaN,0,0,NaN,NaN,NaN,NaN,NaN,NaN,NaN,NaN,0,0,0,0,4093.32,202,381,376,98.69,22,1986,1980,99.7,571.2,3851,61,1.58,3910,3896,99.64
09/27/2025,11,5GNR,Florida,143,Jacksonville,ATC_OPM_CSX,1439077,0,0,0,0,NaN,0,0,0,NaN,0,NaN,0,0,NaN,0,0,NaN,NaN,NaN,NaN,NaN,NaN,NaN,NaN,0,0,0,0,4093.32,202,381,376,98.69,22,1986,1980,99.7,571.2,3851,61,1.58,3910,3896,99.64
09/27/2025,11,5GNR,Florida,143,Jacksonville,ATC_OPM_RIVERS_RV,1439076,0,0,0,0,NaN,0,0,0,NaN,0,NaN,0,0,NaN,0,0,NaN,NaN,NaN,NaN,NaN,NaN,NaN,NaN,0,0,0,0,4093.32,202,381,376,98.69,22,1986,1980,99.7,571.2,3851,61,1.58,3910,3896,99.64
09/27/2025,11,5GNR,Florida,143,Jacksonville,ATC_ORANGEDALE,1437540,0,0,0,0,NaN,0,0,0,NaN,0,NaN,0,0,NaN,0,0,NaN,NaN,NaN,NaN,NaN,NaN,NaN,NaN,0,0,0,0,4093.32,202,381,376,98.69,22,1986,1980,99.7,571.2,3851,61,1.58,3910,3896,99.64
09/27/2025,11,5GNR,Florida,143,Jacksonville,ATC_ORANGEDALE,1439540,0,0,0,0,NaN,0,0,0,NaN,0,NaN,0,0,NaN,0,0,NaN,NaN,NaN,NaN,NaN,NaN,NaN,NaN,0,0,0,0,4093.32,202,381,376,98.69,22,1986,1980,99.7,571.2,3851,61,1.58,3910,3896,99.64
09/27/2025,11,5GNR,Florida,143,Jacksonville,ATC_PACE_ISLAND,1437522,0,0,0,0,NaN,0,0,0,NaN,0,NaN,0,0,NaN,0,0,NaN,NaN,NaN,NaN,NaN,NaN,NaN,NaN,0,0,0,0,4093.32,202,381,376,98.69,22,1986,1980,99.7,571.2,3851,61,1.58,3910,3896,99.64
09/27/2025,11,5GNR,Florida,143,Jacksonville,ATC_PACE_ISLAND,1439522,0,0,0,0,NaN,0,0,0,NaN,0,NaN,0,0,NaN,0,0,NaN,NaN,NaN,NaN,NaN,NaN,NaN,NaN,0,0,0,0,4093.32,202,381,376,98.69,22,1986,1980,99.7,571.2,3851,61,1.58,3910,3896,99.64
09/27/2025,11,5GNR,Florida,143,Jacksonville,ATC_SANDERSON,1437118,0,0,0,0,NaN,0,0,0,NaN,0,NaN,0,0,NaN,0,0,NaN,NaN,NaN,NaN,NaN,NaN,NaN,NaN,0,0,0,0,4093.32,202,381,376,98.69,22,1986,1980,99.7,571.2,3851,61,1.58,3910,3896,99.64
09/27/2025,11,5GNR,Florida,143,Jacksonville,ATC_SANDERSON,1439118,0,0,0,0,NaN,0,0,0,NaN,0,NaN,0,0,NaN,0,0,NaN,NaN,NaN,NaN,NaN,NaN,NaN,NaN,0,0,0,0,4093.32,202,381,376,98.69,22,1986,1980,99.7,571.2,3851,61,1.58,3910,3896,99.64
09/27/2025,11,5GNR,Florida,143,Jacksonville,ATC_SOD_BUSTERS,1437267,0,0,0,0,NaN,0,0,0,NaN,0,NaN,0,0,NaN,0,0,NaN,NaN,NaN,NaN,NaN,NaN,NaN,NaN,0,0,0,0,4093.32,202,381,376,98.69,22,1986,1980,99.7,571.2,3851,61,1.58,3910,3896,99.64
09/27/2025,11,5GNR,Florida,143,Jacksonville,ATC_SOD_BUSTERS,1439267,0,0,0,0,NaN,0,0,0,NaN,0,NaN,0,0,NaN,0,0,NaN,NaN,NaN,NaN,NaN,NaN,NaN,NaN,0,0,0,0,4093.32,202,381,376,98.69,22,1986,1980,99.7,571.2,3851,61,1.58,3910,3896,99.64
09/27/2025,11,5GNR,Florida,143,Jacksonville,ATC_SOUTHSIDE_BLVD,1431034,0,0,0,0,NaN,0,0,0,NaN,0,NaN,0,0,NaN,0,0,NaN,NaN,NaN,NaN,NaN,NaN,NaN,NaN,0,0,0,0,4093.32,202,381,376,98.69,22,1986,1980,99.7,571.2,3851,61,1.58,3910,3896,99.64
09/27/2025,11,5GNR,Florida,143,Jacksonville,ATC_SOUTHSIDE_BLVD,1431035,0,0,0,0,NaN,0,0,0,NaN,0,NaN,0,0,NaN,0,0,NaN,NaN,NaN,NaN,NaN,NaN,NaN,NaN,0,0,0,0,4093.32,202,381,376,98.69,22,1986,1980,99.7,571.2,3851,61,1.58,3910,3896,99.64
09/27/2025,11,5GNR,Florida,143,Jacksonville,ATC_SOUTHSIDE_BLVD,1431036,0,0,0,0,NaN,0,0,0,NaN,0,NaN,0,0,NaN,0,0,NaN,NaN,NaN,NaN,NaN,NaN,NaN,NaN,0,0,0,0,4093.32,202,381,376,98.69,22,1986,1980,99.7,571.2,3851,61,1.58,3910,3896,99.64
09/27/2025,11,5GNR,Florida,143,Jacksonville,ATC_SOUTHSIDE_BLVD,1439276,0,0,0,0,NaN,0,0,0,NaN,0,NaN,0,0,NaN,0,0,NaN,NaN,NaN,NaN,NaN,NaN,NaN,NaN,0,0,0,0,4093.32,202,381,376,98.69,22,1986,1980,99.7,571.2,3851,61,1.58,3910,3896,99.64
09/27/2025,11,5GNR,Florida,143,Jacksonville,ATC_SOUTHSIDE_ESTATES_GEARON,1439082,0,0,0,0,NaN,0,0,0,NaN,0,NaN,0,0,NaN,0,0,NaN,NaN,NaN,NaN,NaN,NaN,NaN,NaN,0,0,0,0,4093.32,202,381,376,98.69,22,1986,1980,99.7,571.2,3851,61,1.58,3910,3896,99.64
09/27/2025,11,5GNR,Florida,143,Jacksonville,ATC_ST_AUGUSTINE,1439523,0,0,0,0,NaN,0,0,0,NaN,0,NaN,0,0,NaN,0,0,NaN,NaN,NaN,NaN,NaN,NaN,NaN,NaN,0,0,0,0,4093.32,202,381,376,98.69,22,1986,1980,99.7,571.2,3851,61,1.58,3910,3896,99.64
09/27/2025,11,5GNR,Florida,143,Jacksonville,ATC_SUNBEAM_RD,1439272,0,0,0,0,NaN,0,0,0,NaN,0,NaN,0,0,NaN,0,0,NaN,NaN,NaN,NaN,NaN,NaN,NaN,NaN,0,0,0,0,4093.32,202,381,376,98.69,22,1986,1980,99.7,571.2,3851,61,1.58,3910,3896,99.64
09/27/2025,11,5GNR,Florida,143,Jacksonville,ATC_TRAXLER,1439643,0,0,0,0,NaN,0,0,0,NaN,0,NaN,0,0,NaN,0,0,NaN,NaN,NaN,NaN,NaN,NaN,NaN,NaN,0,0,0,0,4093.32,202,381,376,98.69,22,1986,1980,99.7,571.2,3851,61,1.58,3910,3896,99.64
09/27/2025,11,5GNR,Florida,143,Jacksonville,ATC_WATERVIEW_RIDGE_WEST,1439521,0,0,0,0,NaN,0,0,0,NaN,0,NaN,0,0,NaN,0,0,NaN,NaN,NaN,NaN,NaN,NaN,NaN,NaN,0,0,0,0,4093.32,202,381,376,98.69,22,1986,1980,99.7,571.2,3851,61,1.58,3910,3896,99.64
09/27/2025,11,5GNR,Florida,143,Jacksonville,ATC_WATERVIEW_RIDGE_WEST,4439521,0,0,0,0,NaN,0,0,0,NaN,0,NaN,0,0,NaN,0,0,NaN,NaN,NaN,NaN,NaN,NaN,NaN,NaN,0,0,0,0,4093.32,202,381,376,98.69,22,1986,1980,99.7,571.2,3851,61,1.58,3910,3896,99.64
09/27/2025,11,5GNR,Florida,143,Jacksonville,ATC_WAUKEENAH,1439777,0,0,0,0,NaN,0,0,0,NaN,0,NaN,0,0,NaN,0,0,NaN,NaN,NaN,NaN,NaN,NaN,NaN,NaN,0,0,0,0,4093.32,202,381,376,98.69,22,1986,1980,99.7,571.2,3851,61,1.58,3910,3896,99.64
09/27/2025,11,5GNR,Florida,143,Jacksonville,ATC_WESTLAKE,1439601,0,0,0,0,NaN,0,0,0,NaN,0,NaN,0,0,NaN,0,0,NaN,NaN,NaN,NaN,NaN,NaN,NaN,NaN,0,0,0,0,4093.32,202,381,376,98.69,22,1986,1980,99.7,571.2,3851,61,1.58,3910,3896,99.64
09/27/2025,11,5GNR,Florida,143,Jacksonville,ATLANTIC_BLVD_JAX,1439988,0,0,0,0,NaN,0,0,0,NaN,0,NaN,0,0,NaN,0,0,NaN,NaN,NaN,NaN,NaN,NaN,NaN,NaN,0,0,0,0,4093.32,202,381,376,98.69,22,1986,1980,99.7,571.2,3851,61,1.58,3910,3896,99.64
09/27/2025,11,5GNR,Florida,143,Jacksonville,ATLANTIC_BLVD_JAX,4439988,0,0,0,0,NaN,0,0,0,NaN,0,NaN,0,0,NaN,0,0,NaN,NaN,NaN,NaN,NaN,NaN,NaN,NaN,0,0,0,0,4093.32,202,381,376,98.69,22,1986,1980,99.7,571.2,3851,61,1.58,3910,3896,99.64
09/27/2025,11,5GNR,Florida,143,Jacksonville,ATT_CESERY,1437009,0,0,0,0,NaN,0,0,0,NaN,0,NaN,0,0,NaN,0,0,NaN,NaN,NaN,NaN,NaN,NaN,NaN,NaN,0,0,0,0,4093.32,202,381,376,98.69,22,1986,1980,99.7,571.2,3851,61,1.58,3910,3896,99.64
09/27/2025,11,5GNR,Florida,143,Jacksonville,ATT_CESERY,1439009,0,0,0,0,NaN,0,0,0,NaN,0,NaN,0,0,NaN,0,0,NaN,NaN,NaN,NaN,NaN,NaN,NaN,NaN,0,0,0,0,4093.32,202,381,376,98.69,22,1986,1980,99.7,571.2,3851,61,1.58,3910,3896,99.64
09/27/2025,11,5GNR,Florida,143,Jacksonville,ATT_EMPIRE_POINT,1439290,0,0,0,0,NaN,0,0,0,NaN,0,NaN,0,0,NaN,0,0,NaN,NaN,NaN,NaN,NaN,NaN,NaN,NaN,0,0,0,0,4093.32,202,381,376,98.69,22,1986,1980,99.7,571.2,3851,61,1.58,3910,3896,99.64
09/27/2025,11,5GNR,Florida,143,Jacksonville,ATT_EMPIRE_POINT,4439290,0,0,0,0,NaN,0,0,0,NaN,0,NaN,0,0,NaN,0,0,NaN,NaN,NaN,NaN,NaN,NaN,NaN,NaN,0,0,0,0,4093.32,202,381,376,98.69,22,1986,1980,99.7,571.2,3851,61,1.58,3910,3896,99.64
09/27/2025,11,5GNR,Florida,143,Jacksonville,ATT_HILLCREST,1439679,0,0,0,0,NaN,0,0,0,NaN,0,NaN,0,0,NaN,0,0,NaN,NaN,NaN,NaN,NaN,NaN,NaN,NaN,0,0,0,0,4093.32,202,381,376,98.69,22,1986,1980,99.7,571.2,3851,61,1.58,3910,3896,99.64
09/27/2025,11,5GNR,Florida,143,Jacksonville,ATT_KILLEARN_LAKES,1439800,0,0,0,0,NaN,0,0,0,NaN,0,NaN,0,0,NaN,0,0,NaN,NaN,NaN,NaN,NaN,NaN,NaN,NaN,0,0,0,0,4093.32,202,381,376,98.69,22,1986,1980,99.7,571.2,3851,61,1.58,3910,3896,99.64
09/27/2025,11,5GNR,Florida,143,Jacksonville,ATT_MANDARIN_NORTH,1439280,0,0,0,0,NaN,0,0,0,NaN,0,NaN,0,0,NaN,0,0,NaN,NaN,NaN,NaN,NaN,NaN,NaN,NaN,0,0,0,0,4093.32,202,381,376,98.69,22,1986,1980,99.7,571.2,3851,61,1.58,3910,3896,99.64
09/27/2025,11,5GNR,Florida,143,Jacksonville,ATT_MAXVILLE,1439252,0,0,0,0,NaN,0,0,0,NaN,0,NaN,0,0,NaN,0,0,NaN,NaN,NaN,NaN,NaN,NaN,NaN,NaN,0,0,0,0,4093.32,202,381,376,98.69,22,1986,1980,99.7,571.2,3851,61,1.58,3910,3896,99.64
09/27/2025,11,5GNR,Florida,143,Jacksonville,ATT_PHILIPS_HWY,1431043,0,0,0,0,NaN,0,0,0,NaN,0,NaN,0,0,NaN,0,0,NaN,NaN,NaN,NaN,NaN,NaN,NaN,NaN,0,0,0,0,4093.32,202,381,376,98.69,22,1986,1980,99.7,571.2,3851,61,1.58,3910,3896,99.64
09/27/2025,11,5GNR,Florida,143,Jacksonville,ATT_PHILIPS_HWY,1431044,0,0,0,0,NaN,0,0,0,NaN,0,NaN,0,0,NaN,0,0,NaN,NaN,NaN,NaN,NaN,NaN,NaN,NaN,0,0,0,0,4093.32,202,381,376,98.69,22,1986,1980,99.7,571.2,3851,61,1.58,3910,3896,99.64
09/27/2025,11,5GNR,Florida,143,Jacksonville,ATT_PHILIPS_HWY,1431045,0,0,0,0,NaN,0,0,0,NaN,0,NaN,0,0,NaN,0,0,NaN,NaN,NaN,NaN,NaN,NaN,NaN,NaN,0,0,0,0,4093.32,202,381,376,98.69,22,1986,1980,99.7,571.2,3851,61,1.58,3910,3896,99.64
09/27/2025,11,5GNR,Florida,143,Jacksonville,ATT_PHILIPS_HWY,1437278,0,0,0,0,NaN,0,0,0,NaN,0,NaN,0,0,NaN,0,0,NaN,NaN,NaN,NaN,NaN,NaN,NaN,NaN,0,0,0,0,4093.32,202,381,376,98.69,22,1986,1980,99.7,571.2,3851,61,1.58,3910,3896,99.64
09/27/2025,11,5GNR,Florida,143,Jacksonville,ATT_PHILIPS_HWY,1439278,0,0,0,0,NaN,0,0,0,NaN,0,NaN,0,0,NaN,0,0,NaN,NaN,NaN,NaN,NaN,NaN,NaN,NaN,0,0,0,0,4093.32,202,381,376,98.69,22,1986,1980,99.7,571.2,3851,61,1.58,3910,3896,99.64
09/27/2025,11,5GNR,Florida,143,Jacksonville,ATT_PONTE_VEDRA,1437035,0,0,0,0,NaN,0,0,0,NaN,0,NaN,0,0,NaN,0,0,NaN,NaN,NaN,NaN,NaN,NaN,NaN,NaN,0,0,0,0,4093.32,202,381,376,98.69,22,1986,1980,99.7,571.2,3851,61,1.58,3910,3896,99.64
09/27/2025,11,5GNR,Florida,143,Jacksonville,ATT_PONTE_VEDRA,1439035,0,0,0,0,NaN,0,0,0,NaN,0,NaN,0,0,NaN,0,0,NaN,NaN,NaN,NaN,NaN,NaN,NaN,NaN,0,0,0,0,4093.32,202,381,376,98.69,22,1986,1980,99.7,571.2,3851,61,1.58,3910,3896,99.64
09/27/2025,11,5GNR,Florida,143,Jacksonville,ATT_PONTE_VEDRA,4439035,0,0,0,0,NaN,0,0,0,NaN,0,NaN,0,0,NaN,0,0,NaN,NaN,NaN,NaN,NaN,NaN,NaN,NaN,0,0,0,0,4093.32,202,381,376,98.69,22,1986,1980,99.7,571.2,3851,61,1.58,3910,3896,99.64
09/27/2025,11,5GNR,Florida,143,Jacksonville,ATT_TRAM_RD,1439877,0,0,0,0,NaN,0,0,0,NaN,0,NaN,0,0,NaN,0,0,NaN,NaN,NaN,NaN,NaN,NaN,NaN,NaN,0,0,0,0,4093.32,202,381,376,98.69,22,1986,1980,99.7,571.2,3851,61,1.58,3910,3896,99.64
09/27/2025,11,5GNR,Florida,143,Jacksonville,AVENUES_PT_TOWERS,1439033,0,0,0,0,NaN,0,0,0,NaN,0,NaN,0,0,NaN,0,0,NaN,NaN,NaN,NaN,NaN,NaN,NaN,NaN,0,0,0,0,4093.32,202,381,376,98.69,22,1986,1980,99.7,571.2,3851,61,1.58,3910,3896,99.64
09/27/2025,11,5GNR,Florida,143,Jacksonville,BANK_OF_AMERICA,1431037,0,0,0,0,NaN,0,0,0,NaN,0,NaN,0,0,NaN,0,0,NaN,NaN,NaN,NaN,NaN,NaN,NaN,NaN,0,0,0,0,4093.32,202,381,376,98.69,22,1986,1980,99.7,571.2,3851,61,1.58,3910,3896,99.64
09/27/2025,11,5GNR,Florida,143,Jacksonville,BANK_OF_AMERICA,1431038,0,0,0,0,NaN,0,0,0,NaN,0,NaN,0,0,NaN,0,0,NaN,NaN,NaN,NaN,NaN,NaN,NaN,NaN,0,0,0,0,4093.32,202,381,376,98.69,22,1986,1980,99.7,571.2,3851,61,1.58,3910,3896,99.64
09/27/2025,11,5GNR,Florida,143,Jacksonville,BANK_OF_AMERICA,1431039,0,0,0,0,NaN,0,0,0,NaN,0,NaN,0,0,NaN,0,0,NaN,NaN,NaN,NaN,NaN,NaN,NaN,NaN,0,0,0,0,4093.32,202,381,376,98.69,22,1986,1980,99.7,571.2,3851,61,1.58,3910,3896,99.64
09/27/2025,11,5GNR,Florida,143,Jacksonville,BANK_OF_AMERICA,1437216,0,0,0,0,NaN,0,0,0,NaN,0,NaN,0,0,NaN,0,0,NaN,NaN,NaN,NaN,NaN,NaN,NaN,NaN,0,0,0,0,4093.32,202,381,376,98.69,22,1986,1980,99.7,571.2,3851,61,1.58,3910,3896,99.64
09/27/2025,11,5GNR,Florida,143,Jacksonville,BANK_OF_AMERICA,1439216,0,0,0,0,NaN,0,0,0,NaN,0,NaN,0,0,NaN,0,0,NaN,NaN,NaN,NaN,NaN,NaN,NaN,NaN,0,0,0,0,4093.32,202,381,376,98.69,22,1986,1980,99.7,571.2,3851,61,1.58,3910,3896,99.64
09/27/2025,11,5GNR,Florida,143,Jacksonville,BARCELONA,1439841,0,0,0,0,NaN,0,0,0,NaN,0,NaN,0,0,NaN,0,0,NaN,NaN,NaN,NaN,NaN,NaN,NaN,NaN,0,0,0,0,4093.32,202,381,376,98.69,22,1986,1980,99.7,571.2,3851,61,1.58,3910,3896,99.64
09/27/2025,11,5GNR,Florida,143,Jacksonville,BAYMEADOWS,1431040,0,0,0,0,NaN,0,0,0,NaN,0,NaN,0,0,NaN,0,0,NaN,NaN,NaN,NaN,NaN,NaN,NaN,NaN,0,0,0,0,4093.32,202,381,376,98.69,22,1986,1980,99.7,571.2,3851,61,1.58,3910,3896,99.64
09/27/2025,11,5GNR,Florida,143,Jacksonville,BAYMEADOWS,1431041,0,0,0,0,NaN,0,0,0,NaN,0,NaN,0,0,NaN,0,0,NaN,NaN,NaN,NaN,NaN,NaN,NaN,NaN,0,0,0,0,4093.32,202,381,376,98.69,22,1986,1980,99.7,571.2,3851,61,1.58,3910,3896,99.64
09/27/2025,11,5GNR,Florida,143,Jacksonville,BAYMEADOWS,1431042,0,0,0,0,NaN,0,0,0,NaN,0,NaN,0,0,NaN,0,0,NaN,NaN,NaN,NaN,NaN,NaN,NaN,NaN,0,0,0,0,4093.32,202,381,376,98.69,22,1986,1980,99.7,571.2,3851,61,1.58,3910,3896,99.64
09/27/2025,11,5GNR,Florida,143,Jacksonville,BAYMEADOWS,1437080,0,0,0,0,NaN,0,0,0,NaN,0,NaN,0,0,NaN,0,0,NaN,NaN,NaN,NaN,NaN,NaN,NaN,NaN,0,0,0,0,4093.32,202,381,376,98.69,22,1986,1980,99.7,571.2,3851,61,1.58,3910,3896,99.64
09/27/2025,11,5GNR,Florida,143,Jacksonville,BAYMEADOWS,1439080,0,0,0,0,NaN,0,0,0,NaN,0,NaN,0,0,NaN,0,0,NaN,NaN,NaN,NaN,NaN,NaN,NaN,NaN,0,0,0,0,4093.32,202,381,376,98.69,22,1986,1980,99.7,571.2,3851,61,1.58,3910,3896,99.64
09/27/2025,11,5GNR,Florida,143,Jacksonville,BAYMEADOWS_001,1430737,0,0,0,0,NaN,0,0,0,NaN,0,NaN,0,0,NaN,0,0,NaN,NaN,NaN,NaN,NaN,NaN,NaN,NaN,0,0,0,0,4093.32,202,381,376,98.69,22,1986,1980,99.7,571.2,3851,61,1.58,3910,3896,99.64
09/27/2025,11,5GNR,Florida,143,Jacksonville,BAYMEADOWS_001,1430738,0,0,0,0,NaN,0,0,0,NaN,0,NaN,0,0,NaN,0,0,NaN,NaN,NaN,NaN,NaN,NaN,NaN,NaN,0,0,0,0,4093.32,202,381,376,98.69,22,1986,1980,99.7,571.2,3851,61,1.58,3910,3896,99.64
09/27/2025,11,5GNR,Florida,143,Jacksonville,BAYMEADOWS_001,1430739,0,0,0,0,NaN,0,0,0,NaN,0,NaN,0,0,NaN,0,0,NaN,NaN,NaN,NaN,NaN,NaN,NaN,NaN,0,0,0,0,4093.32,202,381,376,98.69,22,1986,1980,99.7,571.2,3851,61,1.58,3910,3896,99.64
09/27/2025,11,5GNR,Florida,143,Jacksonville,BAYMEADOWS_002,1430740,0,0,0,0,NaN,0,0,0,NaN,0,NaN,0,0,NaN,0,0,NaN,NaN,NaN,NaN,NaN,NaN,NaN,NaN,0,0,0,0,4093.32,202,381,376,98.69,22,1986,1980,99.7,571.2,3851,61,1.58,3910,3896,99.64
09/27/2025,11,5GNR,Florida,143,Jacksonville,BAYMEADOWS_002,1430741,0,0,0,0,NaN,0,0,0,NaN,0,NaN,0,0,NaN,0,0,NaN,NaN,NaN,NaN,NaN,NaN,NaN,NaN,0,0,0,0,4093.32,202,381,376,98.69,22,1986,1980,99.7,571.2,3851,61,1.58,3910,3896,99.64
09/27/2025,11,5GNR,Florida,143,Jacksonville,BAYMEADOWS_002,1430742,0,0,0,0,NaN,0,0,0,NaN,0,NaN,0,0,NaN,0,0,NaN,NaN,NaN,NaN,NaN,NaN,NaN,NaN,0,0,0,0,4093.32,202,381,376,98.69,22,1986,1980,99.7,571.2,3851,61,1.58,3910,3896,99.64
09/27/2025,11,5GNR,Florida,143,Jacksonville,BAYMEADOWS_003,1431292,0,0,0,0,NaN,0,0,0,NaN,0,NaN,0,0,NaN,0,0,NaN,NaN,NaN,NaN,NaN,NaN,NaN,NaN,0,0,0,0,4093.32,202,381,376,98.69,22,1986,1980,99.7,571.2,3851,61,1.58,3910,3896,99.64
09/27/2025,11,5GNR,Florida,143,Jacksonville,BAYMEADOWS_003,1431293,0,0,0,0,NaN,0,0,0,NaN,0,NaN,0,0,NaN,0,0,NaN,NaN,NaN,NaN,NaN,NaN,NaN,NaN,0,0,0,0,4093.32,202,381,376,98.69,22,1986,1980,99.7,571.2,3851,61,1.58,3910,3896,99.64
09/27/2025,11,5GNR,Florida,143,Jacksonville,BAYMEADOWS_003,1431294,0,0,0,0,NaN,0,0,0,NaN,0,NaN,0,0,NaN,0,0,NaN,NaN,NaN,NaN,NaN,NaN,NaN,NaN,0,0,0,0,4093.32,202,381,376,98.69,22,1986,1980,99.7,571.2,3851,61,1.58,3910,3896,99.64
09/27/2025,11,5GNR,Florida,143,Jacksonville,BAYMEADOWS_004,1430743,0,0,0,0,NaN,0,0,0,NaN,0,NaN,0,0,NaN,0,0,NaN,NaN,NaN,NaN,NaN,NaN,NaN,NaN,0,0,0,0,4093.32,202,381,376,98.69,22,1986,1980,99.7,571.2,3851,61,1.58,3910,3896,99.64
09/27/2025,11,5GNR,Florida,143,Jacksonville,BAYMEADOWS_004,1430744,0,0,0,0,NaN,0,0,0,NaN,0,NaN,0,0,NaN,0,0,NaN,NaN,NaN,NaN,NaN,NaN,NaN,NaN,0,0,0,0,4093.32,202,381,376,98.69,22,1986,1980,99.7,571.2,3851,61,1.58,3910,3896,99.64
09/27/2025,11,5GNR,Florida,143,Jacksonville,BAYMEADOWS_004,1430745,0,0,0,0,NaN,0,0,0,NaN,0,NaN,0,0,NaN,0,0,NaN,NaN,NaN,NaN,NaN,NaN,NaN,NaN,0,0,0,0,4093.32,202,381,376,98.69,22,1986,1980,99.7,571.2,3851,61,1.58,3910,3896,99.64
09/27/2025,11,5GNR,Florida,143,Jacksonville,BAYMEADOWS_005,1430746,0,0,0,0,NaN,0,0,0,NaN,0,NaN,0,0,NaN,0,0,NaN,NaN,NaN,NaN,NaN,NaN,NaN,NaN,0,0,0,0,4093.32,202,381,376,98.69,22,1986,1980,99.7,571.2,3851,61,1.58,3910,3896,99.64
09/27/2025,11,5GNR,Florida,143,Jacksonville,BAYMEADOWS_005,1430747,0,0,0,0,NaN,0,0,0,NaN,0,NaN,0,0,NaN,0,0,NaN,NaN,NaN,NaN,NaN,NaN,NaN,NaN,0,0,0,0,4093.32,202,381,376,98.69,22,1986,1980,99.7,571.2,3851,61,1.58,3910,3896,99.64
09/27/2025,11,5GNR,Florida,143,Jacksonville,BAYMEADOWS_005,1430748,0,0,0,0,NaN,0,0,0,NaN,0,NaN,0,0,NaN,0,0,NaN,NaN,NaN,NaN,NaN,NaN,NaN,NaN,0,0,0,0,4093.32,202,381,376,98.69,22,1986,1980,99.7,571.2,3851,61,1.58,3910,3896,99.64
09/27/2025,11,5GNR,Florida,143,Jacksonville,BAYMEADOWS_006,1430749,0,0,0,0,NaN,0,0,0,NaN,0,NaN,0,0,NaN,0,0,NaN,NaN,NaN,NaN,NaN,NaN,NaN,NaN,0,0,0,0,4093.32,202,381,376,98.69,22,1986,1980,99.7,571.2,3851,61,1.58,3910,3896,99.64
09/27/2025,11,5GNR,Florida,143,Jacksonville,BAYMEADOWS_006,1430750,0,0,0,0,NaN,0,0,0,NaN,0,NaN,0,0,NaN,0,0,NaN,NaN,NaN,NaN,NaN,NaN,NaN,NaN,0,0,0,0,4093.32,202,381,376,98.69,22,1986,1980,99.7,571.2,3851,61,1.58,3910,3896,99.64
09/27/2025,11,5GNR,Florida,143,Jacksonville,BAYMEADOWS_006,1430751,0,0,0,0,NaN,0,0,0,NaN,0,NaN,0,0,NaN,0,0,NaN,NaN,NaN,NaN,NaN,NaN,NaN,NaN,0,0,0,0,4093.32,202,381,376,98.69,22,1986,1980,99.7,571.2,3851,61,1.58,3910,3896,99.64
09/27/2025,11,5GNR,Florida,143,Jacksonville,BAYMEADOWS_007,1430752,0,0,0,0,NaN,0,0,0,NaN,0,NaN,0,0,NaN,0,0,NaN,NaN,NaN,NaN,NaN,NaN,NaN,NaN,0,0,0,0,4093.32,202,381,376,98.69,22,1986,1980,99.7,571.2,3851,61,1.58,3910,3896,99.64
09/27/2025,11,5GNR,Florida,143,Jacksonville,BAYMEADOWS_007,1430753,0,0,0,0,NaN,0,0,0,NaN,0,NaN,0,0,NaN,0,0,NaN,NaN,NaN,NaN,NaN,NaN,NaN,NaN,0,0,0,0,4093.32,202,381,376,98.69,22,1986,1980,99.7,571.2,3851,61,1.58,3910,3896,99.64
09/27/2025,11,5GNR,Florida,143,Jacksonville,BAYMEADOWS_007,1430754,0,0,0,0,NaN,0,0,0,NaN,0,NaN,0,0,NaN,0,0,NaN,NaN,NaN,NaN,NaN,NaN,NaN,NaN,0,0,0,0,4093.32,202,381,376,98.69,22,1986,1980,99.7,571.2,3851,61,1.58,3910,3896,99.64
09/27/2025,11,5GNR,Florida,143,Jacksonville,BAYMEADOWS_008,1430755,0,0,0,0,NaN,0,0,0,NaN,0,NaN,0,0,NaN,0,0,NaN,NaN,NaN,NaN,NaN,NaN,NaN,NaN,0,0,0,0,4093.32,202,381,376,98.69,22,1986,1980,99.7,571.2,3851,61,1.58,3910,3896,99.64
09/27/2025,11,5GNR,Florida,143,Jacksonville,BAYMEADOWS_008,1430756,0,0,0,0,NaN,0,0,0,NaN,0,NaN,0,0,NaN,0,0,NaN,NaN,NaN,NaN,NaN,NaN,NaN,NaN,0,0,0,0,4093.32,202,381,376,98.69,22,1986,1980,99.7,571.2,3851,61,1.58,3910,3896,99.64
09/27/2025,11,5GNR,Florida,143,Jacksonville,BAYMEADOWS_008,1430757,0,0,0,0,NaN,0,0,0,NaN,0,NaN,0,0,NaN,0,0,NaN,NaN,NaN,NaN,NaN,NaN,NaN,NaN,0,0,0,0,4093.32,202,381,376,98.69,22,1986,1980,99.7,571.2,3851,61,1.58,3910,3896,99.64
09/27/2025,11,5GNR,Florida,143,Jacksonville,BAYMEADOWS_009,1430758,0,0,0,0,NaN,0,0,0,NaN,0,NaN,0,0,NaN,0,0,NaN,NaN,NaN,NaN,NaN,NaN,NaN,NaN,0,0,0,0,4093.32,202,381,376,98.69,22,1986,1980,99.7,571.2,3851,61,1.58,3910,3896,99.64
09/27/2025,11,5GNR,Florida,143,Jacksonville,BAYMEADOWS_009,1430759,0,0,0,0,NaN,0,0,0,NaN,0,NaN,0,0,NaN,0,0,NaN,NaN,NaN,NaN,NaN,NaN,NaN,NaN,0,0,0,0,4093.32,202,381,376,98.69,22,1986,1980,99.7,571.2,3851,61,1.58,3910,3896,99.64
09/27/2025,11,5GNR,Florida,143,Jacksonville,BAYMEADOWS_009,1430760,0,0,0,0,NaN,0,0,0,NaN,0,NaN,0,0,NaN,0,0,NaN,NaN,NaN,NaN,NaN,NaN,NaN,NaN,0,0,0,0,4093.32,202,381,376,98.69,22,1986,1980,99.7,571.2,3851,61,1.58,3910,3896,99.64
09/27/2025,11,5GNR,Florida,143,Jacksonville,BAYMEADOWS_010,1430761,0,0,0,0,NaN,0,0,0,NaN,0,NaN,0,0,NaN,0,0,NaN,NaN,NaN,NaN,NaN,NaN,NaN,NaN,0,0,0,0,4093.32,202,381,376,98.69,22,1986,1980,99.7,571.2,3851,61,1.58,3910,3896,99.64
09/27/2025,11,5GNR,Florida,143,Jacksonville,BAYMEADOWS_010,1430762,0,0,0,0,NaN,0,0,0,NaN,0,NaN,0,0,NaN,0,0,NaN,NaN,NaN,NaN,NaN,NaN,NaN,NaN,0,0,0,0,4093.32,202,381,376,98.69,22,1986,1980,99.7,571.2,3851,61,1.58,3910,3896,99.64
09/27/2025,11,5GNR,Florida,143,Jacksonville,BAYMEADOWS_010,1430763,0,0,0,0,NaN,0,0,0,NaN,0,NaN,0,0,NaN,0,0,NaN,NaN,NaN,NaN,NaN,NaN,NaN,NaN,0,0,0,0,4093.32,202,381,376,98.69,22,1986,1980,99.7,571.2,3851,61,1.58,3910,3896,99.64
09/27/2025,11,5GNR,Florida,143,Jacksonville,BAYMEADOWS_011,1430764,0,0,0,0,NaN,0,0,0,NaN,0,NaN,0,0,NaN,0,0,NaN,NaN,NaN,NaN,NaN,NaN,NaN,NaN,0,0,0,0,4093.32,202,381,376,98.69,22,1986,1980,99.7,571.2,3851,61,1.58,3910,3896,99.64
09/27/2025,11,5GNR,Florida,143,Jacksonville,BAYMEADOWS_011,1430765,0,0,0,0,NaN,0,0,0,NaN,0,NaN,0,0,NaN,0,0,NaN,NaN,NaN,NaN,NaN,NaN,NaN,NaN,0,0,0,0,4093.32,202,381,376,98.69,22,1986,1980,99.7,571.2,3851,61,1.58,3910,3896,99.64
09/27/2025,11,5GNR,Florida,143,Jacksonville,BAYMEADOWS_011,1430766,0,0,0,0,NaN,0,0,0,NaN,0,NaN,0,0,NaN,0,0,NaN,NaN,NaN,NaN,NaN,NaN,NaN,NaN,0,0,0,0,4093.32,202,381,376,98.69,22,1986,1980,99.7,571.2,3851,61,1.58,3910,3896,99.64
09/27/2025,11,5GNR,Florida,143,Jacksonville,BAYMEADOWS_012,1430767,0,0,0,0,NaN,0,0,0,NaN,0,NaN,0,0,NaN,0,0,NaN,NaN,NaN,NaN,NaN,NaN,NaN,NaN,0,0,0,0,4093.32,202,381,376,98.69,22,1986,1980,99.7,571.2,3851,61,1.58,3910,3896,99.64
09/27/2025,11,5GNR,Florida,143,Jacksonville,BAYMEADOWS_012,1430768,0,0,0,0,NaN,0,0,0,NaN,0,NaN,0,0,NaN,0,0,NaN,NaN,NaN,NaN,NaN,NaN,NaN,NaN,0,0,0,0,4093.32,202,381,376,98.69,22,1986,1980,99.7,571.2,3851,61,1.58,3910,3896,99.64
09/27/2025,11,5GNR,Florida,143,Jacksonville,BAYMEADOWS_012,1430769,0,0,0,0,NaN,0,0,0,NaN,0,NaN,0,0,NaN,0,0,NaN,NaN,NaN,NaN,NaN,NaN,NaN,NaN,0,0,0,0,4093.32,202,381,376,98.69,22,1986,1980,99.7,571.2,3851,61,1.58,3910,3896,99.64
09/27/2025,11,5GNR,Florida,143,Jacksonville,BAYMEADOWS_013,1430770,0,0,0,0,NaN,0,0,0,NaN,0,NaN,0,0,NaN,0,0,NaN,NaN,NaN,NaN,NaN,NaN,NaN,NaN,0,0,0,0,4093.32,202,381,376,98.69,22,1986,1980,99.7,571.2,3851,61,1.58,3910,3896,99.64
09/27/2025,11,5GNR,Florida,143,Jacksonville,BAYMEADOWS_013,1430771,0,0,0,0,NaN,0,0,0,NaN,0,NaN,0,0,NaN,0,0,NaN,NaN,NaN,NaN,NaN,NaN,NaN,NaN,0,0,0,0,4093.32,202,381,376,98.69,22,1986,1980,99.7,571.2,3851,61,1.58,3910,3896,99.64
09/27/2025,11,5GNR,Florida,143,Jacksonville,BAYMEADOWS_013,1430772,0,0,0,0,NaN,0,0,0,NaN,0,NaN,0,0,NaN,0,0,NaN,NaN,NaN,NaN,NaN,NaN,NaN,NaN,0,0,0,0,4093.32,202,381,376,98.69,22,1986,1980,99.7,571.2,3851,61,1.58,3910,3896,99.64
09/27/2025,11,5GNR,Florida,143,Jacksonville,BAYMEADOWS_015,1430776,0,0,0,0,NaN,0,0,0,NaN,0,NaN,0,0,NaN,0,0,NaN,NaN,NaN,NaN,NaN,NaN,NaN,NaN,0,0,0,0,4093.32,202,381,376,98.69,22,1986,1980,99.7,571.2,3851,61,1.58,3910,3896,99.64
09/27/2025,11,5GNR,Florida,143,Jacksonville,BAYMEADOWS_015,1430777,0,0,0,0,NaN,0,0,0,NaN,0,NaN,0,0,NaN,0,0,NaN,NaN,NaN,NaN,NaN,NaN,NaN,NaN,0,0,0,0,4093.32,202,381,376,98.69,22,1986,1980,99.7,571.2,3851,61,1.58,3910,3896,99.64
09/27/2025,11,5GNR,Florida,143,Jacksonville,BAYMEADOWS_015,1430778,0,0,0,0,NaN,0,0,0,NaN,0,NaN,0,0,NaN,0,0,NaN,NaN,NaN,NaN,NaN,NaN,NaN,NaN,0,0,0,0,4093.32,202,381,376,98.69,22,1986,1980,99.7,571.2,3851,61,1.58,3910,3896,99.64
09/27/2025,11,5GNR,Florida,143,Jacksonville,BAYMEADOWS_016,1430779,0,0,0,0,NaN,0,0,0,NaN,0,NaN,0,0,NaN,0,0,NaN,NaN,NaN,NaN,NaN,NaN,NaN,NaN,0,0,0,0,4093.32,202,381,376,98.69,22,1986,1980,99.7,571.2,3851,61,1.58,3910,3896,99.64
09/27/2025,11,5GNR,Florida,143,Jacksonville,BAYMEADOWS_016,1430780,0,0,0,0,NaN,0,0,0,NaN,0,NaN,0,0,NaN,0,0,NaN,NaN,NaN,NaN,NaN,NaN,NaN,NaN,0,0,0,0,4093.32,202,381,376,98.69,22,1986,1980,99.7,571.2,3851,61,1.58,3910,3896,99.64
09/27/2025,11,5GNR,Florida,143,Jacksonville,BAYMEADOWS_016,1430781,0,0,0,0,NaN,0,0,0,NaN,0,NaN,0,0,NaN,0,0,NaN,NaN,NaN,NaN,NaN,NaN,NaN,NaN,0,0,0,0,4093.32,202,381,376,98.69,22,1986,1980,99.7,571.2,3851,61,1.58,3910,3896,99.64
09/27/2025,11,5GNR,Florida,143,Jacksonville,BAYMEADOWS_017,1430782,0,0,0,0,NaN,0,0,0,NaN,0,NaN,0,0,NaN,0,0,NaN,NaN,NaN,NaN,NaN,NaN,NaN,NaN,0,0,0,0,4093.32,202,381,376,98.69,22,1986,1980,99.7,571.2,3851,61,1.58,3910,3896,99.64
09/27/2025,11,5GNR,Florida,143,Jacksonville,BAYMEADOWS_017,1430783,0,0,0,0,NaN,0,0,0,NaN,0,NaN,0,0,NaN,0,0,NaN,NaN,NaN,NaN,NaN,NaN,NaN,NaN,0,0,0,0,4093.32,202,381,376,98.69,22,1986,1980,99.7,571.2,3851,61,1.58,3910,3896,99.64
09/27/2025,11,5GNR,Florida,143,Jacksonville,BAYMEADOWS_017,1430784,0,0,0,0,NaN,0,0,0,NaN,0,NaN,0,0,NaN,0,0,NaN,NaN,NaN,NaN,NaN,NaN,NaN,NaN,0,0,0,0,4093.32,202,381,376,98.69,22,1986,1980,99.7,571.2,3851,61,1.58,3910,3896,99.64
09/27/2025,11,5GNR,Florida,143,Jacksonville,BAYMEADOWS_018,1430785,0,0,0,0,NaN,0,0,0,NaN,0,NaN,0,0,NaN,0,0,NaN,NaN,NaN,NaN,NaN,NaN,NaN,NaN,0,0,0,0,4093.32,202,381,376,98.69,22,1986,1980,99.7,571.2,3851,61,1.58,3910,3896,99.64
09/27/2025,11,5GNR,Florida,143,Jacksonville,BAYMEADOWS_018,1430786,0,0,0,0,NaN,0,0,0,NaN,0,NaN,0,0,NaN,0,0,NaN,NaN,NaN,NaN,NaN,NaN,NaN,NaN,0,0,0,0,4093.32,202,381,376,98.69,22,1986,1980,99.7,571.2,3851,61,1.58,3910,3896,99.64
09/27/2025,11,5GNR,Florida,143,Jacksonville,BAYMEADOWS_018,1430787,0,0,0,0,NaN,0,0,0,NaN,0,NaN,0,0,NaN,0,0,NaN,NaN,NaN,NaN,NaN,NaN,NaN,NaN,0,0,0,0,4093.32,202,381,376,98.69,22,1986,1980,99.7,571.2,3851,61,1.58,3910,3896,99.64
09/27/2025,11,5GNR,Florida,143,Jacksonville,BAYMEADOWS_019,1430788,0,0,0,0,NaN,0,0,0,NaN,0,NaN,0,0,NaN,0,0,NaN,NaN,NaN,NaN,NaN,NaN,NaN,NaN,0,0,0,0,4093.32,202,381,376,98.69,22,1986,1980,99.7,571.2,3851,61,1.58,3910,3896,99.64
09/27/2025,11,5GNR,Florida,143,Jacksonville,BAYMEADOWS_019,1430789,0,0,0,0,NaN,0,0,0,NaN,0,NaN,0,0,NaN,0,0,NaN,NaN,NaN,NaN,NaN,NaN,NaN,NaN,0,0,0,0,4093.32,202,381,376,98.69,22,1986,1980,99.7,571.2,3851,61,1.58,3910,3896,99.64
09/27/2025,11,5GNR,Florida,143,Jacksonville,BAYMEADOWS_019,1430790,0,0,0,0,NaN,0,0,0,NaN,0,NaN,0,0,NaN,0,0,NaN,NaN,NaN,NaN,NaN,NaN,NaN,NaN,0,0,0,0,4093.32,202,381,376,98.69,22,1986,1980,99.7,571.2,3851,61,1.58,3910,3896,99.64
09/27/2025,11,5GNR,Florida,143,Jacksonville,BAYMEADOWS_021,1430794,0,0,0,0,NaN,0,0,0,NaN,0,NaN,0,0,NaN,0,0,NaN,NaN,NaN,NaN,NaN,NaN,NaN,NaN,0,0,0,0,4093.32,202,381,376,98.69,22,1986,1980,99.7,571.2,3851,61,1.58,3910,3896,99.64
09/27/2025,11,5GNR,Florida,143,Jacksonville,BAYMEADOWS_021,1430795,0,0,0,0,NaN,0,0,0,NaN,0,NaN,0,0,NaN,0,0,NaN,NaN,NaN,NaN,NaN,NaN,NaN,NaN,0,0,0,0,4093.32,202,381,376,98.69,22,1986,1980,99.7,571.2,3851,61,1.58,3910,3896,99.64
09/27/2025,11,5GNR,Florida,143,Jacksonville,BAYMEADOWS_021,1430796,0,0,0,0,NaN,0,0,0,NaN,0,NaN,0,0,NaN,0,0,NaN,NaN,NaN,NaN,NaN,NaN,NaN,NaN,0,0,0,0,4093.32,202,381,376,98.69,22,1986,1980,99.7,571.2,3851,61,1.58,3910,3896,99.64
09/27/2025,11,5GNR,Florida,143,Jacksonville,BAYMEADOWS_022,1430797,0,0,0,0,NaN,0,0,0,NaN,0,NaN,0,0,NaN,0,0,NaN,NaN,NaN,NaN,NaN,NaN,NaN,NaN,0,0,0,0,4093.32,202,381,376,98.69,22,1986,1980,99.7,571.2,3851,61,1.58,3910,3896,99.64
09/27/2025,11,5GNR,Florida,143,Jacksonville,BAYMEADOWS_022,1430798,0,0,0,0,NaN,0,0,0,NaN,0,NaN,0,0,NaN,0,0,NaN,NaN,NaN,NaN,NaN,NaN,NaN,NaN,0,0,0,0,4093.32,202,381,376,98.69,22,1986,1980,99.7,571.2,3851,61,1.58,3910,3896,99.64
09/27/2025,11,5GNR,Florida,143,Jacksonville,BAYMEADOWS_022,1430799,0,0,0,0,NaN,0,0,0,NaN,0,NaN,0,0,NaN,0,0,NaN,NaN,NaN,NaN,NaN,NaN,NaN,NaN,0,0,0,0,4093.32,202,381,376,98.69,22,1986,1980,99.7,571.2,3851,61,1.58,3910,3896,99.64
09/27/2025,11,5GNR,Florida,143,Jacksonville,BAYMEADOWS_023,1430800,0,0,0,0,NaN,0,0,0,NaN,0,NaN,0,0,NaN,0,0,NaN,NaN,NaN,NaN,NaN,NaN,NaN,NaN,0,0,0,0,4093.32,202,381,376,98.69,22,1986,1980,99.7,571.2,3851,61,1.58,3910,3896,99.64
09/27/2025,11,5GNR,Florida,143,Jacksonville,BAYMEADOWS_023,1430801,0,0,0,0,NaN,0,0,0,NaN,0,NaN,0,0,NaN,0,0,NaN,NaN,NaN,NaN,NaN,NaN,NaN,NaN,0,0,0,0,4093.32,202,381,376,98.69,22,1986,1980,99.7,571.2,3851,61,1.58,3910,3896,99.64
09/27/2025,11,5GNR,Florida,143,Jacksonville,BAYMEADOWS_023,1430802,0,0,0,0,NaN,0,0,0,NaN,0,NaN,0,0,NaN,0,0,NaN,NaN,NaN,NaN,NaN,NaN,NaN,NaN,0,0,0,0,4093.32,202,381,376,98.69,22,1986,1980,99.7,571.2,3851,61,1.58,3910,3896,99.64
09/27/2025,11,5GNR,Florida,143,Jacksonville,BAYMEADOWS_024,1430803,0,0,0,0,NaN,0,0,0,NaN,0,NaN,0,0,NaN,0,0,NaN,NaN,NaN,NaN,NaN,NaN,NaN,NaN,0,0,0,0,4093.32,202,381,376,98.69,22,1986,1980,99.7,571.2,3851,61,1.58,3910,3896,99.64
09/27/2025,11,5GNR,Florida,143,Jacksonville,BAYMEADOWS_024,1430804,0,0,0,0,NaN,0,0,0,NaN,0,NaN,0,0,NaN,0,0,NaN,NaN,NaN,NaN,NaN,NaN,NaN,NaN,0,0,0,0,4093.32,202,381,376,98.69,22,1986,1980,99.7,571.2,3851,61,1.58,3910,3896,99.64
09/27/2025,11,5GNR,Florida,143,Jacksonville,BAYMEADOWS_024,1430805,0,0,0,0,NaN,0,0,0,NaN,0,NaN,0,0,NaN,0,0,NaN,NaN,NaN,NaN,NaN,NaN,NaN,NaN,0,0,0,0,4093.32,202,381,376,98.69,22,1986,1980,99.7,571.2,3851,61,1.58,3910,3896,99.64
09/27/2025,11,5GNR,Florida,143,Jacksonville,BAYMEADOWS_025,1430806,0,0,0,0,NaN,0,0,0,NaN,0,NaN,0,0,NaN,0,0,NaN,NaN,NaN,NaN,NaN,NaN,NaN,NaN,0,0,0,0,4093.32,202,381,376,98.69,22,1986,1980,99.7,571.2,3851,61,1.58,3910,3896,99.64
09/27/2025,11,5GNR,Florida,143,Jacksonville,BAYMEADOWS_025,1430807,0,0,0,0,NaN,0,0,0,NaN,0,NaN,0,0,NaN,0,0,NaN,NaN,NaN,NaN,NaN,NaN,NaN,NaN,0,0,0,0,4093.32,202,381,376,98.69,22,1986,1980,99.7,571.2,3851,61,1.58,3910,3896,99.64
09/27/2025,11,5GNR,Florida,143,Jacksonville,BAYMEADOWS_025,1430808,0,0,0,0,NaN,0,0,0,NaN,0,NaN,0,0,NaN,0,0,NaN,NaN,NaN,NaN,NaN,NaN,NaN,NaN,0,0,0,0,4093.32,202,381,376,98.69,22,1986,1980,99.7,571.2,3851,61,1.58,3910,3896,99.64
09/27/2025,11,5GNR,Florida,143,Jacksonville,BAYMEADOWS_026,1430809,0,0,0,0,NaN,0,0,0,NaN,0,NaN,0,0,NaN,0,0,NaN,NaN,NaN,NaN,NaN,NaN,NaN,NaN,0,0,0,0,4093.32,202,381,376,98.69,22,1986,1980,99.7,571.2,3851,61,1.58,3910,3896,99.64
09/27/2025,11,5GNR,Florida,143,Jacksonville,BAYMEADOWS_026,1430810,0,0,0,0,NaN,0,0,0,NaN,0,NaN,0,0,NaN,0,0,NaN,NaN,NaN,NaN,NaN,NaN,NaN,NaN,0,0,0,0,4093.32,202,381,376,98.69,22,1986,1980,99.7,571.2,3851,61,1.58,3910,3896,99.64
09/27/2025,11,5GNR,Florida,143,Jacksonville,BAYMEADOWS_026,1430811,0,0,0,0,NaN,0,0,0,NaN,0,NaN,0,0,NaN,0,0,NaN,NaN,NaN,NaN,NaN,NaN,NaN,NaN,0,0,0,0,4093.32,202,381,376,98.69,22,1986,1980,99.7,571.2,3851,61,1.58,3910,3896,99.64
09/27/2025,11,5GNR,Florida,143,Jacksonville,BAYMEADOWS_027,1430812,0,0,0,0,NaN,0,0,0,NaN,0,NaN,0,0,NaN,0,0,NaN,NaN,NaN,NaN,NaN,NaN,NaN,NaN,0,0,0,0,4093.32,202,381,376,98.69,22,1986,1980,99.7,571.2,3851,61,1.58,3910,3896,99.64
09/27/2025,11,5GNR,Florida,143,Jacksonville,BAYMEADOWS_027,1430813,0,0,0,0,NaN,0,0,0,NaN,0,NaN,0,0,NaN,0,0,NaN,NaN,NaN,NaN,NaN,NaN,NaN,NaN,0,0,0,0,4093.32,202,381,376,98.69,22,1986,1980,99.7,571.2,3851,61,1.58,3910,3896,99.64
09/27/2025,11,5GNR,Florida,143,Jacksonville,BAYMEADOWS_027,1430814,0,0,0,0,NaN,0,0,0,NaN,0,NaN,0,0,NaN,0,0,NaN,NaN,NaN,NaN,NaN,NaN,NaN,NaN,0,0,0,0,4093.32,202,381,376,98.69,22,1986,1980,99.7,571.2,3851,61,1.58,3910,3896,99.64
09/27/2025,11,5GNR,Florida,143,Jacksonville,BAYMEADOWS_030,1430821,0,0,0,0,NaN,0,0,0,NaN,0,NaN,0,0,NaN,0,0,NaN,NaN,NaN,NaN,NaN,NaN,NaN,NaN,0,0,0,0,4093.32,202,381,376,98.69,22,1986,1980,99.7,571.2,3851,61,1.58,3910,3896,99.64
09/27/2025,11,5GNR,Florida,143,Jacksonville,BAYMEADOWS_030,1430822,0,0,0,0,NaN,0,0,0,NaN,0,NaN,0,0,NaN,0,0,NaN,NaN,NaN,NaN,NaN,NaN,NaN,NaN,0,0,0,0,4093.32,202,381,376,98.69,22,1986,1980,99.7,571.2,3851,61,1.58,3910,3896,99.64
09/27/2025,11,5GNR,Florida,143,Jacksonville,BAYMEADOWS_030,1430823,0,0,0,0,NaN,0,0,0,NaN,0,NaN,0,0,NaN,0,0,NaN,NaN,NaN,NaN,NaN,NaN,NaN,NaN,0,0,0,0,4093.32,202,381,376,98.69,22,1986,1980,99.7,571.2,3851,61,1.58,3910,3896,99.64
09/27/2025,11,5GNR,Florida,143,Jacksonville,BAYMEADOWS_031,1430824,0,0,0,0,NaN,0,0,0,NaN,0,NaN,0,0,NaN,0,0,NaN,NaN,NaN,NaN,NaN,NaN,NaN,NaN,0,0,0,0,4093.32,202,381,376,98.69,22,1986,1980,99.7,571.2,3851,61,1.58,3910,3896,99.64
09/27/2025,11,5GNR,Florida,143,Jacksonville,BAYMEADOWS_031,1430825,0,0,0,0,NaN,0,0,0,NaN,0,NaN,0,0,NaN,0,0,NaN,NaN,NaN,NaN,NaN,NaN,NaN,NaN,0,0,0,0,4093.32,202,381,376,98.69,22,1986,1980,99.7,571.2,3851,61,1.58,3910,3896,99.64
09/27/2025,11,5GNR,Florida,143,Jacksonville,BAYMEADOWS_031,1430826,0,0,0,0,NaN,0,0,0,NaN,0,NaN,0,0,NaN,0,0,NaN,NaN,NaN,NaN,NaN,NaN,NaN,NaN,0,0,0,0,4093.32,202,381,376,98.69,22,1986,1980,99.7,571.2,3851,61,1.58,3910,3896,99.64
09/27/2025,11,5GNR,Florida,143,Jacksonville,BAYMEADOWS_032,1430827,0,0,0,0,NaN,0,0,0,NaN,0,NaN,0,0,NaN,0,0,NaN,NaN,NaN,NaN,NaN,NaN,NaN,NaN,0,0,0,0,4093.32,202,381,376,98.69,22,1986,1980,99.7,571.2,3851,61,1.58,3910,3896,99.64
09/27/2025,11,5GNR,Florida,143,Jacksonville,BAYMEADOWS_032,1430828,0,0,0,0,NaN,0,0,0,NaN,0,NaN,0,0,NaN,0,0,NaN,NaN,NaN,NaN,NaN,NaN,NaN,NaN,0,0,0,0,4093.32,202,381,376,98.69,22,1986,1980,99.7,571.2,3851,61,1.58,3910,3896,99.64
09/27/2025,11,5GNR,Florida,143,Jacksonville,BAYMEADOWS_032,1430829,0,0,0,0,NaN,0,0,0,NaN,0,NaN,0,0,NaN,0,0,NaN,NaN,NaN,NaN,NaN,NaN,NaN,NaN,0,0,0,0,4093.32,202,381,376,98.69,22,1986,1980,99.7,571.2,3851,61,1.58,3910,3896,99.64
09/27/2025,11,5GNR,Florida,143,Jacksonville,BAYMEADOWS_033,1430830,0,0,0,0,NaN,0,0,0,NaN,0,NaN,0,0,NaN,0,0,NaN,NaN,NaN,NaN,NaN,NaN,NaN,NaN,0,0,0,0,4093.32,202,381,376,98.69,22,1986,1980,99.7,571.2,3851,61,1.58,3910,3896,99.64
09/27/2025,11,5GNR,Florida,143,Jacksonville,BAYMEADOWS_033,1430831,0,0,0,0,NaN,0,0,0,NaN,0,NaN,0,0,NaN,0,0,NaN,NaN,NaN,NaN,NaN,NaN,NaN,NaN,0,0,0,0,4093.32,202,381,376,98.69,22,1986,1980,99.7,571.2,3851,61,1.58,3910,3896,99.64
09/27/2025,11,5GNR,Florida,143,Jacksonville,BAYMEADOWS_033,1430832,0,0,0,0,NaN,0,0,0,NaN,0,NaN,0,0,NaN,0,0,NaN,NaN,NaN,NaN,NaN,NaN,NaN,NaN,0,0,0,0,4093.32,202,381,376,98.69,22,1986,1980,99.7,571.2,3851,61,1.58,3910,3896,99.64
09/27/2025,11,5GNR,Florida,143,Jacksonville,BAYMEADOWS_034,1430833,0,0,0,0,NaN,0,0,0,NaN,0,NaN,0,0,NaN,0,0,NaN,NaN,NaN,NaN,NaN,NaN,NaN,NaN,0,0,0,0,4093.32,202,381,376,98.69,22,1986,1980,99.7,571.2,3851,61,1.58,3910,3896,99.64
09/27/2025,11,5GNR,Florida,143,Jacksonville,BAYMEADOWS_034,1430834,0,0,0,0,NaN,0,0,0,NaN,0,NaN,0,0,NaN,0,0,NaN,NaN,NaN,NaN,NaN,NaN,NaN,NaN,0,0,0,0,4093.32,202,381,376,98.69,22,1986,1980,99.7,571.2,3851,61,1.58,3910,3896,99.64
09/27/2025,11,5GNR,Florida,143,Jacksonville,BAYMEADOWS_034,1430835,0,0,0,0,NaN,0,0,0,NaN,0,NaN,0,0,NaN,0,0,NaN,NaN,NaN,NaN,NaN,NaN,NaN,NaN,0,0,0,0,4093.32,202,381,376,98.69,22,1986,1980,99.7,571.2,3851,61,1.58,3910,3896,99.64
09/27/2025,11,5GNR,Florida,143,Jacksonville,BAYMEADOWS_035,1430836,0,0,0,0,NaN,0,0,0,NaN,0,NaN,0,0,NaN,0,0,NaN,NaN,NaN,NaN,NaN,NaN,NaN,NaN,0,0,0,0,4093.32,202,381,376,98.69,22,1986,1980,99.7,571.2,3851,61,1.58,3910,3896,99.64
09/27/2025,11,5GNR,Florida,143,Jacksonville,BAYMEADOWS_035,1430837,0,0,0,0,NaN,0,0,0,NaN,0,NaN,0,0,NaN,0,0,NaN,NaN,NaN,NaN,NaN,NaN,NaN,NaN,0,0,0,0,4093.32,202,381,376,98.69,22,1986,1980,99.7,571.2,3851,61,1.58,3910,3896,99.64
09/27/2025,11,5GNR,Florida,143,Jacksonville,BAYMEADOWS_035,1430838,0,0,0,0,NaN,0,0,0,NaN,0,NaN,0,0,NaN,0,0,NaN,NaN,NaN,NaN,NaN,NaN,NaN,NaN,0,0,0,0,4093.32,202,381,376,98.69,22,1986,1980,99.7,571.2,3851,61,1.58,3910,3896,99.64
09/27/2025,11,5GNR,Florida,143,Jacksonville,BAYMEADOWS_036,1430839,0,0,0,0,NaN,0,0,0,NaN,0,NaN,0,0,NaN,0,0,NaN,NaN,NaN,NaN,NaN,NaN,NaN,NaN,0,0,0,0,4093.32,202,381,376,98.69,22,1986,1980,99.7,571.2,3851,61,1.58,3910,3896,99.64
09/27/2025,11,5GNR,Florida,143,Jacksonville,BAYMEADOWS_036,1430840,0,0,0,0,NaN,0,0,0,NaN,0,NaN,0,0,NaN,0,0,NaN,NaN,NaN,NaN,NaN,NaN,NaN,NaN,0,0,0,0,4093.32,202,381,376,98.69,22,1986,1980,99.7,571.2,3851,61,1.58,3910,3896,99.64
09/27/2025,11,5GNR,Florida,143,Jacksonville,BAYMEADOWS_036,1430841,0,0,0,0,NaN,0,0,0,NaN,0,NaN,0,0,NaN,0,0,NaN,NaN,NaN,NaN,NaN,NaN,NaN,NaN,0,0,0,0,4093.32,202,381,376,98.69,22,1986,1980,99.7,571.2,3851,61,1.58,3910,3896,99.64
09/27/2025,11,5GNR,Florida,143,Jacksonville,BAYMEADOWS_038,1430845,0,0,0,0,NaN,0,0,0,NaN,0,NaN,0,0,NaN,0,0,NaN,NaN,NaN,NaN,NaN,NaN,NaN,NaN,0,0,0,0,4093.32,202,381,376,98.69,22,1986,1980,99.7,571.2,3851,61,1.58,3910,3896,99.64
09/27/2025,11,5GNR,Florida,143,Jacksonville,BAYMEADOWS_038,1430846,0,0,0,0,NaN,0,0,0,NaN,0,NaN,0,0,NaN,0,0,NaN,NaN,NaN,NaN,NaN,NaN,NaN,NaN,0,0,0,0,4093.32,202,381,376,98.69,22,1986,1980,99.7,571.2,3851,61,1.58,3910,3896,99.64
09/27/2025,11,5GNR,Florida,143,Jacksonville,BAYMEADOWS_038,1430847,0,0,0,0,NaN,0,0,0,NaN,0,NaN,0,0,NaN,0,0,NaN,NaN,NaN,NaN,NaN,NaN,NaN,NaN,0,0,0,0,4093.32,202,381,376,98.69,22,1986,1980,99.7,571.2,3851,61,1.58,3910,3896,99.64
09/27/2025,11,5GNR,Florida,143,Jacksonville,BAYMEADOWS_039,1430848,0,0,0,0,NaN,0,0,0,NaN,0,NaN,0,0,NaN,0,0,NaN,NaN,NaN,NaN,NaN,NaN,NaN,NaN,0,0,0,0,4093.32,202,381,376,98.69,22,1986,1980,99.7,571.2,3851,61,1.58,3910,3896,99.64
09/27/2025,11,5GNR,Florida,143,Jacksonville,BAYMEADOWS_039,1430849,0,0,0,0,NaN,0,0,0,NaN,0,NaN,0,0,NaN,0,0,NaN,NaN,NaN,NaN,NaN,NaN,NaN,NaN,0,0,0,0,4093.32,202,381,376,98.69,22,1986,1980,99.7,571.2,3851,61,1.58,3910,3896,99.64
09/27/2025,11,5GNR,Florida,143,Jacksonville,BAYMEADOWS_039,1430850,0,0,0,0,NaN,0,0,0,NaN,0,NaN,0,0,NaN,0,0,NaN,NaN,NaN,NaN,NaN,NaN,NaN,NaN,0,0,0,0,4093.32,202,381,376,98.69,22,1986,1980,99.7,571.2,3851,61,1.58,3910,3896,99.64
09/27/2025,11,5GNR,Florida,143,Jacksonville,BAYMEADOWS_040,1430851,0,0,0,0,NaN,0,0,0,NaN,0,NaN,0,0,NaN,0,0,NaN,NaN,NaN,NaN,NaN,NaN,NaN,NaN,0,0,0,0,4093.32,202,381,376,98.69,22,1986,1980,99.7,571.2,3851,61,1.58,3910,3896,99.64
09/27/2025,11,5GNR,Florida,143,Jacksonville,BAYMEADOWS_040,1430852,0,0,0,0,NaN,0,0,0,NaN,0,NaN,0,0,NaN,0,0,NaN,NaN,NaN,NaN,NaN,NaN,NaN,NaN,0,0,0,0,4093.32,202,381,376,98.69,22,1986,1980,99.7,571.2,3851,61,1.58,3910,3896,99.64
09/27/2025,11,5GNR,Florida,143,Jacksonville,BAYMEADOWS_040,1430853,0,0,0,0,NaN,0,0,0,NaN,0,NaN,0,0,NaN,0,0,NaN,NaN,NaN,NaN,NaN,NaN,NaN,NaN,0,0,0,0,4093.32,202,381,376,98.69,22,1986,1980,99.7,571.2,3851,61,1.58,3910,3896,99.64
09/27/2025,11,5GNR,Florida,143,Jacksonville,BAYMEADOWS_041,1430854,0,0,0,0,NaN,0,0,0,NaN,0,NaN,0,0,NaN,0,0,NaN,NaN,NaN,NaN,NaN,NaN,NaN,NaN,0,0,0,0,4093.32,202,381,376,98.69,22,1986,1980,99.7,571.2,3851,61,1.58,3910,3896,99.64
09/27/2025,11,5GNR,Florida,143,Jacksonville,BAYMEADOWS_041,1430855,0,0,0,0,NaN,0,0,0,NaN,0,NaN,0,0,NaN,0,0,NaN,NaN,NaN,NaN,NaN,NaN,NaN,NaN,0,0,0,0,4093.32,202,381,376,98.69,22,1986,1980,99.7,571.2,3851,61,1.58,3910,3896,99.64
09/27/2025,11,5GNR,Florida,143,Jacksonville,BAYMEADOWS_041,1430856,0,0,0,0,NaN,0,0,0,NaN,0,NaN,0,0,NaN,0,0,NaN,NaN,NaN,NaN,NaN,NaN,NaN,NaN,0,0,0,0,4093.32,202,381,376,98.69,22,1986,1980,99.7,571.2,3851,61,1.58,3910,3896,99.64
09/27/2025,11,5GNR,Florida,143,Jacksonville,BAYMEADOWS_044,1430863,0,0,0,0,NaN,0,0,0,NaN,0,NaN,0,0,NaN,0,0,NaN,NaN,NaN,NaN,NaN,NaN,NaN,NaN,0,0,0,0,4093.32,202,381,376,98.69,22,1986,1980,99.7,571.2,3851,61,1.58,3910,3896,99.64
09/27/2025,11,5GNR,Florida,143,Jacksonville,BAYMEADOWS_044,1430864,0,0,0,0,NaN,0,0,0,NaN,0,NaN,0,0,NaN,0,0,NaN,NaN,NaN,NaN,NaN,NaN,NaN,NaN,0,0,0,0,4093.32,202,381,376,98.69,22,1986,1980,99.7,571.2,3851,61,1.58,3910,3896,99.64
09/27/2025,11,5GNR,Florida,143,Jacksonville,BAYMEADOWS_044,1430865,0,0,0,0,NaN,0,0,0,NaN,0,NaN,0,0,NaN,0,0,NaN,NaN,NaN,NaN,NaN,NaN,NaN,NaN,0,0,0,0,4093.32,202,381,376,98.69,22,1986,1980,99.7,571.2,3851,61,1.58,3910,3896,99.64
09/27/2025,11,5GNR,Florida,143,Jacksonville,BAYMEADOWS_046,1430869,0,0,0,0,NaN,0,0,0,NaN,0,NaN,0,0,NaN,0,0,NaN,NaN,NaN,NaN,NaN,NaN,NaN,NaN,0,0,0,0,4093.32,202,381,376,98.69,22,1986,1980,99.7,571.2,3851,61,1.58,3910,3896,99.64
09/27/2025,11,5GNR,Florida,143,Jacksonville,BAYMEADOWS_046,1430870,0,0,0,0,NaN,0,0,0,NaN,0,NaN,0,0,NaN,0,0,NaN,NaN,NaN,NaN,NaN,NaN,NaN,NaN,0,0,0,0,4093.32,202,381,376,98.69,22,1986,1980,99.7,571.2,3851,61,1.58,3910,3896,99.64
09/27/2025,11,5GNR,Florida,143,Jacksonville,BAYMEADOWS_046,1430871,0,0,0,0,NaN,0,0,0,NaN,0,NaN,0,0,NaN,0,0,NaN,NaN,NaN,NaN,NaN,NaN,NaN,NaN,0,0,0,0,4093.32,202,381,376,98.69,22,1986,1980,99.7,571.2,3851,61,1.58,3910,3896,99.64
09/27/2025,11,5GNR,Florida,143,Jacksonville,BAYMEADOWS_049,1430878,0,0,0,0,NaN,0,0,0,NaN,0,NaN,0,0,NaN,0,0,NaN,NaN,NaN,NaN,NaN,NaN,NaN,NaN,0,0,0,0,4093.32,202,381,376,98.69,22,1986,1980,99.7,571.2,3851,61,1.58,3910,3896,99.64
09/27/2025,11,5GNR,Florida,143,Jacksonville,BAYMEADOWS_049,1430879,0,0,0,0,NaN,0,0,0,NaN,0,NaN,0,0,NaN,0,0,NaN,NaN,NaN,NaN,NaN,NaN,NaN,NaN,0,0,0,0,4093.32,202,381,376,98.69,22,1986,1980,99.7,571.2,3851,61,1.58,3910,3896,99.64
09/27/2025,11,5GNR,Florida,143,Jacksonville,BAYMEADOWS_049,1430880,0,0,0,0,NaN,0,0,0,NaN,0,NaN,0,0,NaN,0,0,NaN,NaN,NaN,NaN,NaN,NaN,NaN,NaN,0,0,0,0,4093.32,202,381,376,98.69,22,1986,1980,99.7,571.2,3851,61,1.58,3910,3896,99.64
09/27/2025,11,5GNR,Florida,143,Jacksonville,BAYMEADOWS_051,1430884,0,0,0,0,NaN,0,0,0,NaN,0,NaN,0,0,NaN,0,0,NaN,NaN,NaN,NaN,NaN,NaN,NaN,NaN,0,0,0,0,4093.32,202,381,376,98.69,22,1986,1980,99.7,571.2,3851,61,1.58,3910,3896,99.64
09/27/2025,11,5GNR,Florida,143,Jacksonville,BAYMEADOWS_051,1430885,0,0,0,0,NaN,0,0,0,NaN,0,NaN,0,0,NaN,0,0,NaN,NaN,NaN,NaN,NaN,NaN,NaN,NaN,0,0,0,0,4093.32,202,381,376,98.69,22,1986,1980,99.7,571.2,3851,61,1.58,3910,3896,99.64
09/27/2025,11,5GNR,Florida,143,Jacksonville,BAYMEADOWS_051,1430886,0,0,0,0,NaN,0,0,0,NaN,0,NaN,0,0,NaN,0,0,NaN,NaN,NaN,NaN,NaN,NaN,NaN,NaN,0,0,0,0,4093.32,202,381,376,98.69,22,1986,1980,99.7,571.2,3851,61,1.58,3910,3896,99.64
09/27/2025,11,5GNR,Florida,143,Jacksonville,BAYMEADOWS_053,1430890,0,0,0,0,NaN,0,0,0,NaN,0,NaN,0,0,NaN,0,0,NaN,NaN,NaN,NaN,NaN,NaN,NaN,NaN,0,0,0,0,4093.32,202,381,376,98.69,22,1986,1980,99.7,571.2,3851,61,1.58,3910,3896,99.64
09/27/2025,11,5GNR,Florida,143,Jacksonville,BAYMEADOWS_053,1430891,0,0,0,0,NaN,0,0,0,NaN,0,NaN,0,0,NaN,0,0,NaN,NaN,NaN,NaN,NaN,NaN,NaN,NaN,0,0,0,0,4093.32,202,381,376,98.69,22,1986,1980,99.7,571.2,3851,61,1.58,3910,3896,99.64
09/27/2025,11,5GNR,Florida,143,Jacksonville,BAYMEADOWS_053,1430892,0,0,0,0,NaN,0,0,0,NaN,0,NaN,0,0,NaN,0,0,NaN,NaN,NaN,NaN,NaN,NaN,NaN,NaN,0,0,0,0,4093.32,202,381,376,98.69,22,1986,1980,99.7,571.2,3851,61,1.58,3910,3896,99.64
09/27/2025,11,5GNR,Florida,143,Jacksonville,BAYWOOD,1439694,0,0,0,0,NaN,0,0,0,NaN,0,NaN,0,0,NaN,0,0,NaN,NaN,NaN,NaN,NaN,NaN,NaN,NaN,0,0,0,0,4093.32,202,381,376,98.69,22,1986,1980,99.7,571.2,3851,61,1.58,3910,3896,99.64
09/27/2025,11,5GNR,Florida,143,Jacksonville,BAYWOOD,4439694,0,0,0,0,NaN,0,0,0,NaN,0,NaN,0,0,NaN,0,0,NaN,NaN,NaN,NaN,NaN,NaN,NaN,NaN,0,0,0,0,4093.32,202,381,376,98.69,22,1986,1980,99.7,571.2,3851,61,1.58,3910,3896,99.64
09/27/2025,11,5GNR,Florida,143,Jacksonville,BEACH_KERNAN,1439022,0,0,0,0,NaN,0,0,0,NaN,0,NaN,0,0,NaN,0,0,NaN,NaN,NaN,NaN,NaN,NaN,NaN,NaN,0,0,0,0,4093.32,202,381,376,98.69,22,1986,1980,99.7,571.2,3851,61,1.58,3910,3896,99.64
09/27/2025,11,5GNR,Florida,143,Jacksonville,BEACH_SAN_PABLO,1437089,0,0,0,0,NaN,0,0,0,NaN,0,NaN,0,0,NaN,0,0,NaN,NaN,NaN,NaN,NaN,NaN,NaN,NaN,0,0,0,0,4093.32,202,381,376,98.69,22,1986,1980,99.7,571.2,3851,61,1.58,3910,3896,99.64
09/27/2025,11,5GNR,Florida,143,Jacksonville,BEACH_SAN_PABLO,1439089,0,0,0,0,NaN,0,0,0,NaN,0,NaN,0,0,NaN,0,0,NaN,NaN,NaN,NaN,NaN,NaN,NaN,NaN,0,0,0,0,4093.32,202,381,376,98.69,22,1986,1980,99.7,571.2,3851,61,1.58,3910,3896,99.64
09/27/2025,11,5GNR,Florida,143,Jacksonville,BEACH_UNIVERSITY,1439002,0,0,0,0,NaN,0,0,0,NaN,0,NaN,0,0,NaN,0,0,NaN,NaN,NaN,NaN,NaN,NaN,NaN,NaN,0,0,0,0,4093.32,202,381,376,98.69,22,1986,1980,99.7,571.2,3851,61,1.58,3910,3896,99.64
09/27/2025,11,5GNR,Florida,143,Jacksonville,BELAIR,1439847,0,0,0,0,NaN,0,0,0,NaN,0,NaN,0,0,NaN,0,0,NaN,NaN,NaN,NaN,NaN,NaN,NaN,NaN,0,0,0,0,4093.32,202,381,376,98.69,22,1986,1980,99.7,571.2,3851,61,1.58,3910,3896,99.64
09/27/2025,11,5GNR,Florida,143,Jacksonville,BELLE_RIVER,1437333,0,0,0,0,NaN,0,0,0,NaN,0,NaN,0,0,NaN,0,0,NaN,NaN,NaN,NaN,NaN,NaN,NaN,NaN,0,0,0,0,4093.32,202,381,376,98.69,22,1986,1980,99.7,571.2,3851,61,1.58,3910,3896,99.64
09/27/2025,11,5GNR,Florida,143,Jacksonville,BELLE_RIVER,1439333,0,0,0,0,NaN,0,0,0,NaN,0,NaN,0,0,NaN,0,0,NaN,NaN,NaN,NaN,NaN,NaN,NaN,NaN,0,0,0,0,4093.32,202,381,376,98.69,22,1986,1980,99.7,571.2,3851,61,1.58,3910,3896,99.64
09/27/2025,11,5GNR,Florida,143,Jacksonville,BIG_BEND_BETTON,1439830,0,0,0,0,NaN,0,0,0,NaN,0,NaN,0,0,NaN,0,0,NaN,NaN,NaN,NaN,NaN,NaN,NaN,NaN,0,0,0,0,4093.32,202,381,376,98.69,22,1986,1980,99.7,571.2,3851,61,1.58,3910,3896,99.64
09/27/2025,11,5GNR,Florida,143,Jacksonville,BIG_BEND_COMM_AIRPORT,1439771,0,0,0,0,NaN,0,0,0,NaN,0,NaN,0,0,NaN,0,0,NaN,NaN,NaN,NaN,NaN,NaN,NaN,NaN,0,0,0,0,4093.32,202,381,376,98.69,22,1986,1980,99.7,571.2,3851,61,1.58,3910,3896,99.64
09/27/2025,11,5GNR,Florida,143,Jacksonville,BIG_BEND_GODBY,1439827,0,0,0,0,NaN,0,0,0,NaN,0,NaN,0,0,NaN,0,0,NaN,NaN,NaN,NaN,NaN,NaN,NaN,NaN,0,0,0,0,4093.32,202,381,376,98.69,22,1986,1980,99.7,571.2,3851,61,1.58,3910,3896,99.64
09/27/2025,11,5GNR,Florida,143,Jacksonville,BIG_BEND_MUNSON,1439848,0,0,0,0,NaN,0,0,0,NaN,0,NaN,0,0,NaN,0,0,NaN,NaN,NaN,NaN,NaN,NaN,NaN,NaN,0,0,0,0,4093.32,202,381,376,98.69,22,1986,1980,99.7,571.2,3851,61,1.58,3910,3896,99.64
09/27/2025,11,5GNR,Florida,143,Jacksonville,BLACKROCK,1439075,0,0,0,0,NaN,0,0,0,NaN,0,NaN,0,0,NaN,0,0,NaN,NaN,NaN,NaN,NaN,NaN,NaN,NaN,0,0,0,0,4093.32,202,381,376,98.69,22,1986,1980,99.7,571.2,3851,61,1.58,3910,3896,99.64
09/27/2025,11,5GNR,Florida,143,Jacksonville,BLAIRSTONE,1431079,0,0,0,0,NaN,0,0,0,NaN,0,NaN,0,0,NaN,0,0,NaN,NaN,NaN,NaN,NaN,NaN,NaN,NaN,0,0,0,0,4093.32,202,381,376,98.69,22,1986,1980,99.7,571.2,3851,61,1.58,3910,3896,99.64
09/27/2025,11,5GNR,Florida,143,Jacksonville,BLAIRSTONE,1431080,0,0,0,0,NaN,0,0,0,NaN,0,NaN,0,0,NaN,0,0,NaN,NaN,NaN,NaN,NaN,NaN,NaN,NaN,0,0,0,0,4093.32,202,381,376,98.69,22,1986,1980,99.7,571.2,3851,61,1.58,3910,3896,99.64
09/27/2025,11,5GNR,Florida,143,Jacksonville,BLAIRSTONE,1431081,0,0,0,0,NaN,0,0,0,NaN,0,NaN,0,0,NaN,0,0,NaN,NaN,NaN,NaN,NaN,NaN,NaN,NaN,0,0,0,0,4093.32,202,381,376,98.69,22,1986,1980,99.7,571.2,3851,61,1.58,3910,3896,99.64
09/27/2025,11,5GNR,Florida,143,Jacksonville,BLAIRSTONE,1439840,0,0,0,0,NaN,0,0,0,NaN,0,NaN,0,0,NaN,0,0,NaN,NaN,NaN,NaN,NaN,NaN,NaN,NaN,0,0,0,0,4093.32,202,381,376,98.69,22,1986,1980,99.7,571.2,3851,61,1.58,3910,3896,99.64
09/27/2025,11,5GNR,Florida,143,Jacksonville,BLOXHAM,1439822,0,0,0,0,NaN,0,0,0,NaN,0,NaN,0,0,NaN,0,0,NaN,NaN,NaN,NaN,NaN,NaN,NaN,NaN,0,0,0,0,4093.32,202,381,376,98.69,22,1986,1980,99.7,571.2,3851,61,1.58,3910,3896,99.64
09/27/2025,11,5GNR,Florida,143,Jacksonville,BOHANNON_SR_206,1437215,0,0,0,0,NaN,0,0,0,NaN,0,NaN,0,0,NaN,0,0,NaN,NaN,NaN,NaN,NaN,NaN,NaN,NaN,0,0,0,0,4093.32,202,381,376,98.69,22,1986,1980,99.7,571.2,3851,61,1.58,3910,3896,99.64
09/27/2025,11,5GNR,Florida,143,Jacksonville,BOHANNON_SR_206,1439215,0,0,0,0,NaN,0,0,0,NaN,0,NaN,0,0,NaN,0,0,NaN,NaN,NaN,NaN,NaN,NaN,NaN,NaN,0,0,0,0,4093.32,202,381,376,98.69,22,1986,1980,99.7,571.2,3851,61,1.58,3910,3896,99.64
09/27/2025,11,5GNR,Florida,143,Jacksonville,BOWDEN,1439826,0,0,0,0,NaN,0,0,0,NaN,0,NaN,0,0,NaN,0,0,NaN,NaN,NaN,NaN,NaN,NaN,NaN,NaN,0,0,0,0,4093.32,202,381,376,98.69,22,1986,1980,99.7,571.2,3851,61,1.58,3910,3896,99.64
09/27/2025,11,5GNR,Florida,143,Jacksonville,BOWDEN_HUB_BB_1,1437892,0,0,0,0,NaN,0,0,0,NaN,0,NaN,0,0,NaN,0,0,NaN,NaN,NaN,NaN,NaN,NaN,NaN,NaN,0,0,0,0,4093.32,202,381,376,98.69,22,1986,1980,99.7,571.2,3851,61,1.58,3910,3896,99.64
09/27/2025,11,5GNR,Florida,143,Jacksonville,BRANFORD,1439472,0,0,0,0,NaN,0,0,0,NaN,0,NaN,0,0,NaN,0,0,NaN,NaN,NaN,NaN,NaN,NaN,NaN,NaN,0,0,0,0,4093.32,202,381,376,98.69,22,1986,1980,99.7,571.2,3851,61,1.58,3910,3896,99.64
09/27/2025,11,5GNR,Florida,143,Jacksonville,BRAUN_HWY_100,1439977,0,0,0,0,NaN,0,0,0,NaN,0,NaN,0,0,NaN,0,0,NaN,NaN,NaN,NaN,NaN,NaN,NaN,NaN,0,0,0,0,4093.32,202,381,376,98.69,22,1986,1980,99.7,571.2,3851,61,1.58,3910,3896,99.64
09/27/2025,11,5GNR,Florida,143,Jacksonville,BRISTOL_SOUTH,1437228,0,0,0,0,NaN,0,0,0,NaN,0,NaN,0,0,NaN,0,0,NaN,NaN,NaN,NaN,NaN,NaN,NaN,NaN,0,0,0,0,4093.32,202,381,376,98.69,22,1986,1980,99.7,571.2,3851,61,1.58,3910,3896,99.64
09/27/2025,11,5GNR,Florida,143,Jacksonville,BUFORD,1439816,0,0,0,0,NaN,0,0,0,NaN,0,NaN,0,0,NaN,0,0,NaN,NaN,NaN,NaN,NaN,NaN,NaN,NaN,0,0,0,0,4093.32,202,381,376,98.69,22,1986,1980,99.7,571.2,3851,61,1.58,3910,3896,99.64
09/27/2025,11,5GNR,Florida,143,Jacksonville,BUSCH_LITE,1439040,0,0,0,0,NaN,0,0,0,NaN,0,NaN,0,0,NaN,0,0,NaN,NaN,NaN,NaN,NaN,NaN,NaN,NaN,0,0,0,0,4093.32,202,381,376,98.69,22,1986,1980,99.7,571.2,3851,61,1.58,3910,3896,99.64
09/27/2025,11,5GNR,Florida,143,Jacksonville,BUTLER_PLAZA,1439658,0,0,0,0,NaN,0,0,0,NaN,0,NaN,0,0,NaN,0,0,NaN,NaN,NaN,NaN,NaN,NaN,NaN,NaN,0,0,0,0,4093.32,202,381,376,98.69,22,1986,1980,99.7,571.2,3851,61,1.58,3910,3896,99.64
09/27/2025,11,5GNR,Florida,143,Jacksonville,BUTLER_W_001,1431215,0,0,0,0,NaN,0,0,0,NaN,0,NaN,0,0,NaN,0,0,NaN,NaN,NaN,NaN,NaN,NaN,NaN,NaN,0,0,0,0,4093.32,202,381,376,98.69,22,1986,1980,99.7,571.2,3851,61,1.58,3910,3896,99.64
09/27/2025,11,5GNR,Florida,143,Jacksonville,BUTLER_W_001,1431216,0,0,0,0,NaN,0,0,0,NaN,0,NaN,0,0,NaN,0,0,NaN,NaN,NaN,NaN,NaN,NaN,NaN,NaN,0,0,0,0,4093.32,202,381,376,98.69,22,1986,1980,99.7,571.2,3851,61,1.58,3910,3896,99.64
09/27/2025,11,5GNR,Florida,143,Jacksonville,BUTLER_W_001,1431217,0,0,0,0,NaN,0,0,0,NaN,0,NaN,0,0,NaN,0,0,NaN,NaN,NaN,NaN,NaN,NaN,NaN,NaN,0,0,0,0,4093.32,202,381,376,98.69,22,1986,1980,99.7,571.2,3851,61,1.58,3910,3896,99.64
09/27/2025,11,5GNR,Florida,143,Jacksonville,BUTLER_W_002,1431218,0,0,0,0,NaN,0,0,0,NaN,0,NaN,0,0,NaN,0,0,NaN,NaN,NaN,NaN,NaN,NaN,NaN,NaN,0,0,0,0,4093.32,202,381,376,98.69,22,1986,1980,99.7,571.2,3851,61,1.58,3910,3896,99.64
09/27/2025,11,5GNR,Florida,143,Jacksonville,BUTLER_W_002,1431219,0,0,0,0,NaN,0,0,0,NaN,0,NaN,0,0,NaN,0,0,NaN,NaN,NaN,NaN,NaN,NaN,NaN,NaN,0,0,0,0,4093.32,202,381,376,98.69,22,1986,1980,99.7,571.2,3851,61,1.58,3910,3896,99.64
09/27/2025,11,5GNR,Florida,143,Jacksonville,BUTLER_W_002,1431220,0,0,0,0,NaN,0,0,0,NaN,0,NaN,0,0,NaN,0,0,NaN,NaN,NaN,NaN,NaN,NaN,NaN,NaN,0,0,0,0,4093.32,202,381,376,98.69,22,1986,1980,99.7,571.2,3851,61,1.58,3910,3896,99.64
09/27/2025,11,5GNR,Florida,143,Jacksonville,BUTLER_W_003,1431221,0,0,0,0,NaN,0,0,0,NaN,0,NaN,0,0,NaN,0,0,NaN,NaN,NaN,NaN,NaN,NaN,NaN,NaN,0,0,0,0,4093.32,202,381,376,98.69,22,1986,1980,99.7,571.2,3851,61,1.58,3910,3896,99.64
09/27/2025,11,5GNR,Florida,143,Jacksonville,BUTLER_W_003,1431222,0,0,0,0,NaN,0,0,0,NaN,0,NaN,0,0,NaN,0,0,NaN,NaN,NaN,NaN,NaN,NaN,NaN,NaN,0,0,0,0,4093.32,202,381,376,98.69,22,1986,1980,99.7,571.2,3851,61,1.58,3910,3896,99.64
09/27/2025,11,5GNR,Florida,143,Jacksonville,BUTLER_W_003,1431223,0,0,0,0,NaN,0,0,0,NaN,0,NaN,0,0,NaN,0,0,NaN,NaN,NaN,NaN,NaN,NaN,NaN,NaN,0,0,0,0,4093.32,202,381,376,98.69,22,1986,1980,99.7,571.2,3851,61,1.58,3910,3896,99.64
09/27/2025,11,5GNR,Florida,143,Jacksonville,CALLAHAN_WT,1439064,0,0,0,0,NaN,0,0,0,NaN,0,NaN,0,0,NaN,0,0,NaN,NaN,NaN,NaN,NaN,NaN,NaN,NaN,0,0,0,0,4093.32,202,381,376,98.69,22,1986,1980,99.7,571.2,3851,61,1.58,3910,3896,99.64
09/27/2025,11,5GNR,Florida,143,Jacksonville,CAMPVILLE,1439887,0,0,0,0,NaN,0,0,0,NaN,0,NaN,0,0,NaN,0,0,NaN,NaN,NaN,NaN,NaN,NaN,NaN,NaN,0,0,0,0,4093.32,202,381,376,98.69,22,1986,1980,99.7,571.2,3851,61,1.58,3910,3896,99.64
09/27/2025,11,5GNR,Florida,143,Jacksonville,CAP_CIR_EAST_CCE001,1430407,0,0,0,0,NaN,0,0,0,NaN,0,NaN,0,0,NaN,0,0,NaN,NaN,NaN,NaN,NaN,NaN,NaN,NaN,0,0,0,0,4093.32,202,381,376,98.69,22,1986,1980,99.7,571.2,3851,61,1.58,3910,3896,99.64
09/27/2025,11,5GNR,Florida,143,Jacksonville,CAP_CIR_EAST_CCE001,1430408,0,0,0,0,NaN,0,0,0,NaN,0,NaN,0,0,NaN,0,0,NaN,NaN,NaN,NaN,NaN,NaN,NaN,NaN,0,0,0,0,4093.32,202,381,376,98.69,22,1986,1980,99.7,571.2,3851,61,1.58,3910,3896,99.64
09/27/2025,11,5GNR,Florida,143,Jacksonville,CAP_CIR_EAST_CCE002,1430409,0,0,0,0,NaN,0,0,0,NaN,0,NaN,0,0,NaN,0,0,NaN,NaN,NaN,NaN,NaN,NaN,NaN,NaN,0,0,0,0,4093.32,202,381,376,98.69,22,1986,1980,99.7,571.2,3851,61,1.58,3910,3896,99.64
09/27/2025,11,5GNR,Florida,143,Jacksonville,CAP_CIR_EAST_CCE002,1430410,0,0,0,0,NaN,0,0,0,NaN,0,NaN,0,0,NaN,0,0,NaN,NaN,NaN,NaN,NaN,NaN,NaN,NaN,0,0,0,0,4093.32,202,381,376,98.69,22,1986,1980,99.7,571.2,3851,61,1.58,3910,3896,99.64
09/27/2025,11,5GNR,Florida,143,Jacksonville,CAP_CIR_EAST_CCE002,1430411,0,0,0,0,NaN,0,0,0,NaN,0,NaN,0,0,NaN,0,0,NaN,NaN,NaN,NaN,NaN,NaN,NaN,NaN,0,0,0,0,4093.32,202,381,376,98.69,22,1986,1980,99.7,571.2,3851,61,1.58,3910,3896,99.64
09/27/2025,11,5GNR,Florida,143,Jacksonville,CAP_CIR_EAST_CCE003,1430412,0,0,0,0,NaN,0,0,0,NaN,0,NaN,0,0,NaN,0,0,NaN,NaN,NaN,NaN,NaN,NaN,NaN,NaN,0,0,0,0,4093.32,202,381,376,98.69,22,1986,1980,99.7,571.2,3851,61,1.58,3910,3896,99.64
09/27/2025,11,5GNR,Florida,143,Jacksonville,CAP_CIR_EAST_CCE003,1430413,0,0,0,0,NaN,0,0,0,NaN,0,NaN,0,0,NaN,0,0,NaN,NaN,NaN,NaN,NaN,NaN,NaN,NaN,0,0,0,0,4093.32,202,381,376,98.69,22,1986,1980,99.7,571.2,3851,61,1.58,3910,3896,99.64
09/27/2025,11,5GNR,Florida,143,Jacksonville,CAP_CIR_EAST_CCE004,1430414,0,0,0,0,NaN,0,0,0,NaN,0,NaN,0,0,NaN,0,0,NaN,NaN,NaN,NaN,NaN,NaN,NaN,NaN,0,0,0,0,4093.32,202,381,376,98.69,22,1986,1980,99.7,571.2,3851,61,1.58,3910,3896,99.64
09/27/2025,11,5GNR,Florida,143,Jacksonville,CAP_CIR_EAST_CCE004,1430415,0,0,0,0,NaN,0,0,0,NaN,0,NaN,0,0,NaN,0,0,NaN,NaN,NaN,NaN,NaN,NaN,NaN,NaN,0,0,0,0,4093.32,202,381,376,98.69,22,1986,1980,99.7,571.2,3851,61,1.58,3910,3896,99.64
09/27/2025,11,5GNR,Florida,143,Jacksonville,CAP_CIR_EAST_CCE005,1430416,0,0,0,0,NaN,0,0,0,NaN,0,NaN,0,0,NaN,0,0,NaN,NaN,NaN,NaN,NaN,NaN,NaN,NaN,0,0,0,0,4093.32,202,381,376,98.69,22,1986,1980,99.7,571.2,3851,61,1.58,3910,3896,99.64
09/27/2025,11,5GNR,Florida,143,Jacksonville,CAP_CIR_EAST_CCE005,1430417,0,0,0,0,NaN,0,0,0,NaN,0,NaN,0,0,NaN,0,0,NaN,NaN,NaN,NaN,NaN,NaN,NaN,NaN,0,0,0,0,4093.32,202,381,376,98.69,22,1986,1980,99.7,571.2,3851,61,1.58,3910,3896,99.64
09/27/2025,11,5GNR,Florida,143,Jacksonville,CAP_CIR_EAST_CCE005,1430418,0,0,0,0,NaN,0,0,0,NaN,0,NaN,0,0,NaN,0,0,NaN,NaN,NaN,NaN,NaN,NaN,NaN,NaN,0,0,0,0,4093.32,202,381,376,98.69,22,1986,1980,99.7,571.2,3851,61,1.58,3910,3896,99.64
09/27/2025,11,5GNR,Florida,143,Jacksonville,CAP_CIR_EAST_CCE006,1430419,0,0,0,0,NaN,0,0,0,NaN,0,NaN,0,0,NaN,0,0,NaN,NaN,NaN,NaN,NaN,NaN,NaN,NaN,0,0,0,0,4093.32,202,381,376,98.69,22,1986,1980,99.7,571.2,3851,61,1.58,3910,3896,99.64
09/27/2025,11,5GNR,Florida,143,Jacksonville,CAP_CIR_EAST_CCE006,1430420,0,0,0,0,NaN,0,0,0,NaN,0,NaN,0,0,NaN,0,0,NaN,NaN,NaN,NaN,NaN,NaN,NaN,NaN,0,0,0,0,4093.32,202,381,376,98.69,22,1986,1980,99.7,571.2,3851,61,1.58,3910,3896,99.64
09/27/2025,11,5GNR,Florida,143,Jacksonville,CAP_CIR_EAST_CCE006,1430421,0,0,0,0,NaN,0,0,0,NaN,0,NaN,0,0,NaN,0,0,NaN,NaN,NaN,NaN,NaN,NaN,NaN,NaN,0,0,0,0,4093.32,202,381,376,98.69,22,1986,1980,99.7,571.2,3851,61,1.58,3910,3896,99.64
09/27/2025,11,5GNR,Florida,143,Jacksonville,CAP_CIR_EAST_CCE007,1430422,0,0,0,0,NaN,0,0,0,NaN,0,NaN,0,0,NaN,0,0,NaN,NaN,NaN,NaN,NaN,NaN,NaN,NaN,0,0,0,0,4093.32,202,381,376,98.69,22,1986,1980,99.7,571.2,3851,61,1.58,3910,3896,99.64
09/27/2025,11,5GNR,Florida,143,Jacksonville,CAP_CIR_EAST_CCE007,1430423,0,0,0,0,NaN,0,0,0,NaN,0,NaN,0,0,NaN,0,0,NaN,NaN,NaN,NaN,NaN,NaN,NaN,NaN,0,0,0,0,4093.32,202,381,376,98.69,22,1986,1980,99.7,571.2,3851,61,1.58,3910,3896,99.64
09/27/2025,11,5GNR,Florida,143,Jacksonville,CAP_CIR_EAST_CCE007,1430424,0,0,0,0,NaN,0,0,0,NaN,0,NaN,0,0,NaN,0,0,NaN,NaN,NaN,NaN,NaN,NaN,NaN,NaN,0,0,0,0,4093.32,202,381,376,98.69,22,1986,1980,99.7,571.2,3851,61,1.58,3910,3896,99.64
09/27/2025,11,5GNR,Florida,143,Jacksonville,CAP_CIR_EAST_CCE008,1430425,0,0,0,0,NaN,0,0,0,NaN,0,NaN,0,0,NaN,0,0,NaN,NaN,NaN,NaN,NaN,NaN,NaN,NaN,0,0,0,0,4093.32,202,381,376,98.69,22,1986,1980,99.7,571.2,3851,61,1.58,3910,3896,99.64
09/27/2025,11,5GNR,Florida,143,Jacksonville,CAP_CIR_EAST_CCE008,1430426,0,0,0,0,NaN,0,0,0,NaN,0,NaN,0,0,NaN,0,0,NaN,NaN,NaN,NaN,NaN,NaN,NaN,NaN,0,0,0,0,4093.32,202,381,376,98.69,22,1986,1980,99.7,571.2,3851,61,1.58,3910,3896,99.64
09/27/2025,11,5GNR,Florida,143,Jacksonville,CAP_CIR_EAST_CCE009,1431248,0,0,0,0,NaN,0,0,0,NaN,0,NaN,0,0,NaN,0,0,NaN,NaN,NaN,NaN,NaN,NaN,NaN,NaN,0,0,0,0,4093.32,202,381,376,98.69,22,1986,1980,99.7,571.2,3851,61,1.58,3910,3896,99.64
09/27/2025,11,5GNR,Florida,143,Jacksonville,CAP_CIR_EAST_CCE009,1431249,0,0,0,0,NaN,0,0,0,NaN,0,NaN,0,0,NaN,0,0,NaN,NaN,NaN,NaN,NaN,NaN,NaN,NaN,0,0,0,0,4093.32,202,381,376,98.69,22,1986,1980,99.7,571.2,3851,61,1.58,3910,3896,99.64
09/27/2025,11,5GNR,Florida,143,Jacksonville,CAP_CIR_EAST_CCE011,1431353,0,0,0,0,NaN,0,0,0,NaN,0,NaN,0,0,NaN,0,0,NaN,NaN,NaN,NaN,NaN,NaN,NaN,NaN,0,0,0,0,4093.32,202,381,376,98.69,22,1986,1980,99.7,571.2,3851,61,1.58,3910,3896,99.64
09/27/2025,11,5GNR,Florida,143,Jacksonville,CAP_CIR_EAST_CCE011,1431354,0,0,0,0,NaN,0,0,0,NaN,0,NaN,0,0,NaN,0,0,NaN,NaN,NaN,NaN,NaN,NaN,NaN,NaN,0,0,0,0,4093.32,202,381,376,98.69,22,1986,1980,99.7,571.2,3851,61,1.58,3910,3896,99.64
09/27/2025,11,5GNR,Florida,143,Jacksonville,CAP_CIR_EAST_CCE011,1431355,0,0,0,0,NaN,0,0,0,NaN,0,NaN,0,0,NaN,0,0,NaN,NaN,NaN,NaN,NaN,NaN,NaN,NaN,0,0,0,0,4093.32,202,381,376,98.69,22,1986,1980,99.7,571.2,3851,61,1.58,3910,3896,99.64
09/27/2025,11,5GNR,Florida,143,Jacksonville,CAP_CIR_EAST_CCE012,1431404,0,0,0,0,NaN,0,0,0,NaN,0,NaN,0,0,NaN,0,0,NaN,NaN,NaN,NaN,NaN,NaN,NaN,NaN,0,0,0,0,4093.32,202,381,376,98.69,22,1986,1980,99.7,571.2,3851,61,1.58,3910,3896,99.64
09/27/2025,11,5GNR,Florida,143,Jacksonville,CAP_CIR_EAST_CCE012,1431405,0,0,0,0,NaN,0,0,0,NaN,0,NaN,0,0,NaN,0,0,NaN,NaN,NaN,NaN,NaN,NaN,NaN,NaN,0,0,0,0,4093.32,202,381,376,98.69,22,1986,1980,99.7,571.2,3851,61,1.58,3910,3896,99.64
09/27/2025,11,5GNR,Florida,143,Jacksonville,CAP_CIR_EAST_CCE012,1431406,0,0,0,0,NaN,0,0,0,NaN,0,NaN,0,0,NaN,0,0,NaN,NaN,NaN,NaN,NaN,NaN,NaN,NaN,0,0,0,0,4093.32,202,381,376,98.69,22,1986,1980,99.7,571.2,3851,61,1.58,3910,3896,99.64
09/27/2025,11,5GNR,Florida,143,Jacksonville,CAP_CIR_EAST_CCE013,1431407,0,0,0,0,NaN,0,0,0,NaN,0,NaN,0,0,NaN,0,0,NaN,NaN,NaN,NaN,NaN,NaN,NaN,NaN,0,0,0,0,4093.32,202,381,376,98.69,22,1986,1980,99.7,571.2,3851,61,1.58,3910,3896,99.64
09/27/2025,11,5GNR,Florida,143,Jacksonville,CAP_CIR_EAST_CCE013,1431408,0,0,0,0,NaN,0,0,0,NaN,0,NaN,0,0,NaN,0,0,NaN,NaN,NaN,NaN,NaN,NaN,NaN,NaN,0,0,0,0,4093.32,202,381,376,98.69,22,1986,1980,99.7,571.2,3851,61,1.58,3910,3896,99.64
09/27/2025,11,5GNR,Florida,143,Jacksonville,CAP_CIR_EAST_CCE013,1431409,0,0,0,0,NaN,0,0,0,NaN,0,NaN,0,0,NaN,0,0,NaN,NaN,NaN,NaN,NaN,NaN,NaN,NaN,0,0,0,0,4093.32,202,381,376,98.69,22,1986,1980,99.7,571.2,3851,61,1.58,3910,3896,99.64
09/27/2025,11,5GNR,Florida,143,Jacksonville,CARDINAL_HEALTH_JAX,1439340,0,0,0,0,NaN,0,0,0,NaN,0,NaN,0,0,NaN,0,0,NaN,NaN,NaN,NaN,NaN,NaN,NaN,NaN,0,0,0,0,4093.32,202,381,376,98.69,22,1986,1980,99.7,571.2,3851,61,1.58,3910,3896,99.64
09/27/2025,11,5GNR,Florida,143,Jacksonville,CC_CLARK_RD,1439992,0,0,0,0,NaN,0,0,0,NaN,0,NaN,0,0,NaN,0,0,NaN,NaN,NaN,NaN,NaN,NaN,NaN,NaN,0,0,0,0,4093.32,202,381,376,98.69,22,1986,1980,99.7,571.2,3851,61,1.58,3910,3896,99.64
09/27/2025,11,5GNR,Florida,143,Jacksonville,CENTERVILLE,1439806,0,0,0,0,NaN,0,0,0,NaN,0,NaN,0,0,NaN,0,0,NaN,NaN,NaN,NaN,NaN,NaN,NaN,NaN,0,0,0,0,4093.32,202,381,376,98.69,22,1986,1980,99.7,571.2,3851,61,1.58,3910,3896,99.64
09/27/2025,11,5GNR,Florida,143,Jacksonville,CERT_ENV_SER,4439097,0,0,0,0,NaN,0,0,0,NaN,0,NaN,0,0,NaN,0,0,NaN,NaN,NaN,NaN,NaN,NaN,NaN,NaN,0,0,0,0,4093.32,202,381,376,98.69,22,1986,1980,99.7,571.2,3851,61,1.58,3910,3896,99.64
09/27/2025,11,5GNR,Florida,143,Jacksonville,CHAFFEE_RD,1439486,0,0,0,0,NaN,0,0,0,NaN,0,NaN,0,0,NaN,0,0,NaN,NaN,NaN,NaN,NaN,NaN,NaN,NaN,0,0,0,0,4093.32,202,381,376,98.69,22,1986,1980,99.7,571.2,3851,61,1.58,3910,3896,99.64
09/27/2025,11,5GNR,Florida,143,Jacksonville,CHAFFEE_RD,4439486,0,0,0,0,NaN,0,0,0,NaN,0,NaN,0,0,NaN,0,0,NaN,NaN,NaN,NaN,NaN,NaN,NaN,NaN,0,0,0,0,4093.32,202,381,376,98.69,22,1986,1980,99.7,571.2,3851,61,1.58,3910,3896,99.64
09/27/2025,11,5GNR,Florida,143,Jacksonville,CHANNEL_25,1437083,0,0,0,0,NaN,0,0,0,NaN,0,NaN,0,0,NaN,0,0,NaN,NaN,NaN,NaN,NaN,NaN,NaN,NaN,0,0,0,0,4093.32,202,381,376,98.69,22,1986,1980,99.7,571.2,3851,61,1.58,3910,3896,99.64
09/27/2025,11,5GNR,Florida,143,Jacksonville,CHANNEL_25,1439083,0,0,0,0,NaN,0,0,0,NaN,0,NaN,0,0,NaN,0,0,NaN,NaN,NaN,NaN,NaN,NaN,NaN,NaN,0,0,0,0,4093.32,202,381,376,98.69,22,1986,1980,99.7,571.2,3851,61,1.58,3910,3896,99.64
09/27/2025,11,5GNR,Florida,143,Jacksonville,CHATTAHOOCHEE,1439761,0,0,0,0,NaN,0,0,0,NaN,0,NaN,0,0,NaN,0,0,NaN,NaN,NaN,NaN,NaN,NaN,NaN,NaN,0,0,0,0,4093.32,202,381,376,98.69,22,1986,1980,99.7,571.2,3851,61,1.58,3910,3896,99.64
09/27/2025,11,5GNR,Florida,143,Jacksonville,CINGULAR_HAMPTON_GLEN,1439256,0,0,0,0,NaN,0,0,0,NaN,0,NaN,0,0,NaN,0,0,NaN,NaN,NaN,NaN,NaN,NaN,NaN,NaN,0,0,0,0,4093.32,202,381,376,98.69,22,1986,1980,99.7,571.2,3851,61,1.58,3910,3896,99.64
09/27/2025,11,5GNR,Florida,143,Jacksonville,CINGULAR_HAMPTON_GLEN,4439256,0,0,0,0,NaN,0,0,0,NaN,0,NaN,0,0,NaN,0,0,NaN,NaN,NaN,NaN,NaN,NaN,NaN,NaN,0,0,0,0,4093.32,202,381,376,98.69,22,1986,1980,99.7,571.2,3851,61,1.58,3910,3896,99.64
09/27/2025,11,5GNR,Florida,143,Jacksonville,CINGULAR_JACKSONVILLE_AIRPORT,1439379,0,0,0,0,NaN,0,0,0,NaN,0,NaN,0,0,NaN,0,0,NaN,NaN,NaN,NaN,NaN,NaN,NaN,NaN,0,0,0,0,4093.32,202,381,376,98.69,22,1986,1980,99.7,571.2,3851,61,1.58,3910,3896,99.64
09/27/2025,11,5GNR,Florida,143,Jacksonville,CINGULAR_PECAN_PARK,1439530,0,0,0,0,NaN,0,0,0,NaN,0,NaN,0,0,NaN,0,0,NaN,NaN,NaN,NaN,NaN,NaN,NaN,NaN,0,0,0,0,4093.32,202,381,376,98.69,22,1986,1980,99.7,571.2,3851,61,1.58,3910,3896,99.64
09/27/2025,11,5GNR,Florida,143,Jacksonville,CITY_OF_JAX_BCH_WT_TEMP,1439492,0,0,0,0,NaN,0,0,0,NaN,0,NaN,0,0,NaN,0,0,NaN,NaN,NaN,NaN,NaN,NaN,NaN,NaN,0,0,0,0,4093.32,202,381,376,98.69,22,1986,1980,99.7,571.2,3851,61,1.58,3910,3896,99.64
09/27/2025,11,5GNR,Florida,143,Jacksonville,CLARK_WILLIAMS,1439645,0,0,0,0,NaN,0,0,0,NaN,0,NaN,0,0,NaN,0,0,NaN,NaN,NaN,NaN,NaN,NaN,NaN,NaN,0,0,0,0,4093.32,202,381,376,98.69,22,1986,1980,99.7,571.2,3851,61,1.58,3910,3896,99.64
09/27/2025,11,5GNR,Florida,143,Jacksonville,CLAY_CO_OP,1437043,0,0,0,0,NaN,0,0,0,NaN,0,NaN,0,0,NaN,0,0,NaN,NaN,NaN,NaN,NaN,NaN,NaN,NaN,0,0,0,0,4093.32,202,381,376,98.69,22,1986,1980,99.7,571.2,3851,61,1.58,3910,3896,99.64
09/27/2025,11,5GNR,Florida,143,Jacksonville,CLAY_CO_OP,1439043,0,0,0,0,NaN,0,0,0,NaN,0,NaN,0,0,NaN,0,0,NaN,NaN,NaN,NaN,NaN,NaN,NaN,NaN,0,0,0,0,4093.32,202,381,376,98.69,22,1986,1980,99.7,571.2,3851,61,1.58,3910,3896,99.64
09/27/2025,11,5GNR,Florida,143,Jacksonville,CLEARSHOT_NEWPORT_STATION,1439854,0,0,0,0,NaN,0,0,0,NaN,0,NaN,0,0,NaN,0,0,NaN,NaN,NaN,NaN,NaN,NaN,NaN,NaN,0,0,0,0,4093.32,202,381,376,98.69,22,1986,1980,99.7,571.2,3851,61,1.58,3910,3896,99.64
09/27/2025,11,5GNR,Florida,143,Jacksonville,CLEARSHOT_PONTE_VEDRA,1437524,0,0,0,0,NaN,0,0,0,NaN,0,NaN,0,0,NaN,0,0,NaN,NaN,NaN,NaN,NaN,NaN,NaN,NaN,0,0,0,0,4093.32,202,381,376,98.69,22,1986,1980,99.7,571.2,3851,61,1.58,3910,3896,99.64
09/27/2025,11,5GNR,Florida,143,Jacksonville,CLEARSHOT_PONTE_VEDRA,1439524,0,0,0,0,NaN,0,0,0,NaN,0,NaN,0,0,NaN,0,0,NaN,NaN,NaN,NaN,NaN,NaN,NaN,NaN,0,0,0,0,4093.32,202,381,376,98.69,22,1986,1980,99.7,571.2,3851,61,1.58,3910,3896,99.64
09/27/2025,11,5GNR,Florida,143,Jacksonville,CLEARSHOT_SOLANA,1437525,0,0,0,0,NaN,0,0,0,NaN,0,NaN,0,0,NaN,0,0,NaN,NaN,NaN,NaN,NaN,NaN,NaN,NaN,0,0,0,0,4093.32,202,381,376,98.69,22,1986,1980,99.7,571.2,3851,61,1.58,3910,3896,99.64
09/27/2025,11,5GNR,Florida,143,Jacksonville,CLEARSHOT_SOLANA,1439525,0,0,0,0,NaN,0,0,0,NaN,0,NaN,0,0,NaN,0,0,NaN,NaN,NaN,NaN,NaN,NaN,NaN,NaN,0,0,0,0,4093.32,202,381,376,98.69,22,1986,1980,99.7,571.2,3851,61,1.58,3910,3896,99.64
09/27/2025,11,5GNR,Florida,143,Jacksonville,CLEARTALK_KIMBO_DPAK_CHEVRON,1439575,0,0,0,0,NaN,0,0,0,NaN,0,NaN,0,0,NaN,0,0,NaN,NaN,NaN,NaN,NaN,NaN,NaN,NaN,0,0,0,0,4093.32,202,381,376,98.69,22,1986,1980,99.7,571.2,3851,61,1.58,3910,3896,99.64
09/27/2025,11,5GNR,Florida,143,Jacksonville,CLYDE_MIZELL,1437517,0,0,0,0,NaN,0,0,0,NaN,0,NaN,0,0,NaN,0,0,NaN,NaN,NaN,NaN,NaN,NaN,NaN,NaN,0,0,0,0,4093.32,202,381,376,98.69,22,1986,1980,99.7,571.2,3851,61,1.58,3910,3896,99.64
09/27/2025,11,5GNR,Florida,143,Jacksonville,CLYDE_MIZELL,1439517,0,0,0,0,NaN,0,0,0,NaN,0,NaN,0,0,NaN,0,0,NaN,NaN,NaN,NaN,NaN,NaN,NaN,NaN,0,0,0,0,4093.32,202,381,376,98.69,22,1986,1980,99.7,571.2,3851,61,1.58,3910,3896,99.64
09/27/2025,11,5GNR,Florida,143,Jacksonville,CLYDE_MIZELL,4439517,0,0,0,0,NaN,0,0,0,NaN,0,NaN,0,0,NaN,0,0,NaN,NaN,NaN,NaN,NaN,NaN,NaN,NaN,0,0,0,0,4093.32,202,381,376,98.69,22,1986,1980,99.7,571.2,3851,61,1.58,3910,3896,99.64
09/27/2025,11,5GNR,Florida,143,Jacksonville,COLLINS_RD,1439905,0,0,0,0,NaN,0,0,0,NaN,0,NaN,0,0,NaN,0,0,NaN,NaN,NaN,NaN,NaN,NaN,NaN,NaN,0,0,0,0,4093.32,202,381,376,98.69,22,1986,1980,99.7,571.2,3851,61,1.58,3910,3896,99.64
09/27/2025,11,5GNR,Florida,143,Jacksonville,COLQUIT_ARNOLD,1437509,0,0,0,0,NaN,0,0,0,NaN,0,NaN,0,0,NaN,0,0,NaN,NaN,NaN,NaN,NaN,NaN,NaN,NaN,0,0,0,0,4093.32,202,381,376,98.69,22,1986,1980,99.7,571.2,3851,61,1.58,3910,3896,99.64
09/27/2025,11,5GNR,Florida,143,Jacksonville,COLQUIT_ARNOLD,1439509,0,0,0,0,NaN,0,0,0,NaN,0,NaN,0,0,NaN,0,0,NaN,NaN,NaN,NaN,NaN,NaN,NaN,NaN,0,0,0,0,4093.32,202,381,376,98.69,22,1986,1980,99.7,571.2,3851,61,1.58,3910,3896,99.64
09/27/2025,11,5GNR,Florida,143,Jacksonville,COMMERCE,1439622,0,0,0,0,NaN,0,0,0,NaN,0,NaN,0,0,NaN,0,0,NaN,NaN,NaN,NaN,NaN,NaN,NaN,NaN,0,0,0,0,4093.32,202,381,376,98.69,22,1986,1980,99.7,571.2,3851,61,1.58,3910,3896,99.64
09/27/2025,11,5GNR,Florida,143,Jacksonville,COSMOS_NURSERY,1437220,0,0,0,0,NaN,0,0,0,NaN,0,NaN,0,0,NaN,0,0,NaN,NaN,NaN,NaN,NaN,NaN,NaN,NaN,0,0,0,0,4093.32,202,381,376,98.69,22,1986,1980,99.7,571.2,3851,61,1.58,3910,3896,99.64
09/27/2025,11,5GNR,Florida,143,Jacksonville,COSMOS_NURSERY,1439220,0,0,0,0,NaN,0,0,0,NaN,0,NaN,0,0,NaN,0,0,NaN,NaN,NaN,NaN,NaN,NaN,NaN,NaN,0,0,0,0,4093.32,202,381,376,98.69,22,1986,1980,99.7,571.2,3851,61,1.58,3910,3896,99.64
09/27/2025,11,5GNR,Florida,143,Jacksonville,CR218_PARISH,1439546,0,0,0,0,NaN,0,0,0,NaN,0,NaN,0,0,NaN,0,0,NaN,NaN,NaN,NaN,NaN,NaN,NaN,NaN,0,0,0,0,4093.32,202,381,376,98.69,22,1986,1980,99.7,571.2,3851,61,1.58,3910,3896,99.64
09/27/2025,11,5GNR,Florida,143,Jacksonville,CR220_ARENA,1439363,0,0,0,0,NaN,0,0,0,NaN,0,NaN,0,0,NaN,0,0,NaN,NaN,NaN,NaN,NaN,NaN,NaN,NaN,0,0,0,0,4093.32,202,381,376,98.69,22,1986,1980,99.7,571.2,3851,61,1.58,3910,3896,99.64
09/27/2025,11,5GNR,Florida,143,Jacksonville,CR535_WARRIOR_CREEK_RD,1439997,0,0,0,0,NaN,0,0,0,NaN,0,NaN,0,0,NaN,0,0,NaN,NaN,NaN,NaN,NaN,NaN,NaN,NaN,0,0,0,0,4093.32,202,381,376,98.69,22,1986,1980,99.7,571.2,3851,61,1.58,3910,3896,99.64
09/27/2025,11,5GNR,Florida,143,Jacksonville,CRAIG_CREEK_JAX,1439232,0,0,0,0,NaN,0,0,0,NaN,0,NaN,0,0,NaN,0,0,NaN,NaN,NaN,NaN,NaN,NaN,NaN,NaN,0,0,0,0,4093.32,202,381,376,98.69,22,1986,1980,99.7,571.2,3851,61,1.58,3910,3896,99.64
09/27/2025,11,5GNR,Florida,143,Jacksonville,CRAWFORDVILLE,1439855,0,0,0,0,NaN,0,0,0,NaN,0,NaN,0,0,NaN,0,0,NaN,NaN,NaN,NaN,NaN,NaN,NaN,NaN,0,0,0,0,4093.32,202,381,376,98.69,22,1986,1980,99.7,571.2,3851,61,1.58,3910,3896,99.64
09/27/2025,11,5GNR,Florida,143,Jacksonville,CRAWFORDVILLE_SOUTH,1439759,0,0,0,0,NaN,0,0,0,NaN,0,NaN,0,0,NaN,0,0,NaN,NaN,NaN,NaN,NaN,NaN,NaN,NaN,0,0,0,0,4093.32,202,381,376,98.69,22,1986,1980,99.7,571.2,3851,61,1.58,3910,3896,99.64
09/27/2025,11,5GNR,Florida,143,Jacksonville,CROWDERS,1439044,0,0,0,0,NaN,0,0,0,NaN,0,NaN,0,0,NaN,0,0,NaN,NaN,NaN,NaN,NaN,NaN,NaN,NaN,0,0,0,0,4093.32,202,381,376,98.69,22,1986,1980,99.7,571.2,3851,61,1.58,3910,3896,99.64
09/27/2025,11,5GNR,Florida,143,Jacksonville,CROWN_ALL_SAINTS_ST,1439874,0,0,0,0,NaN,0,0,0,NaN,0,NaN,0,0,NaN,0,0,NaN,NaN,NaN,NaN,NaN,NaN,NaN,NaN,0,0,0,0,4093.32,202,381,376,98.69,22,1986,1980,99.7,571.2,3851,61,1.58,3910,3896,99.64
09/27/2025,11,5GNR,Florida,143,Jacksonville,CROWN_ARGYLE_WEST,1437526,0,0,0,0,NaN,0,0,0,NaN,0,NaN,0,0,NaN,0,0,NaN,NaN,NaN,NaN,NaN,NaN,NaN,NaN,0,0,0,0,4093.32,202,381,376,98.69,22,1986,1980,99.7,571.2,3851,61,1.58,3910,3896,99.64
09/27/2025,11,5GNR,Florida,143,Jacksonville,CROWN_ARGYLE_WEST,1439526,0,0,0,0,NaN,0,0,0,NaN,0,NaN,0,0,NaN,0,0,NaN,NaN,NaN,NaN,NaN,NaN,NaN,NaN,0,0,0,0,4093.32,202,381,376,98.69,22,1986,1980,99.7,571.2,3851,61,1.58,3910,3896,99.64
09/27/2025,11,5GNR,Florida,143,Jacksonville,CROWN_ATLANTIC_SAN_PABLO,1439038,0,0,0,0,NaN,0,0,0,NaN,0,NaN,0,0,NaN,0,0,NaN,NaN,NaN,NaN,NaN,NaN,NaN,NaN,0,0,0,0,4093.32,202,381,376,98.69,22,1986,1980,99.7,571.2,3851,61,1.58,3910,3896,99.64
09/27/2025,11,5GNR,Florida,143,Jacksonville,CROWN_BUTLER_BLVD,1431046,0,0,0,0,NaN,0,0,0,NaN,0,NaN,0,0,NaN,0,0,NaN,NaN,NaN,NaN,NaN,NaN,NaN,NaN,0,0,0,0,4093.32,202,381,376,98.69,22,1986,1980,99.7,571.2,3851,61,1.58,3910,3896,99.64
09/27/2025,11,5GNR,Florida,143,Jacksonville,CROWN_BUTLER_BLVD,1431047,0,0,0,0,NaN,0,0,0,NaN,0,NaN,0,0,NaN,0,0,NaN,NaN,NaN,NaN,NaN,NaN,NaN,NaN,0,0,0,0,4093.32,202,381,376,98.69,22,1986,1980,99.7,571.2,3851,61,1.58,3910,3896,99.64
09/27/2025,11,5GNR,Florida,143,Jacksonville,CROWN_BUTLER_BLVD,1431048,0,0,0,0,NaN,0,0,0,NaN,0,NaN,0,0,NaN,0,0,NaN,NaN,NaN,NaN,NaN,NaN,NaN,NaN,0,0,0,0,4093.32,202,381,376,98.69,22,1986,1980,99.7,571.2,3851,61,1.58,3910,3896,99.64
09/27/2025,11,5GNR,Florida,143,Jacksonville,CROWN_BUTLER_BLVD,1437277,0,0,0,0,NaN,0,0,0,NaN,0,NaN,0,0,NaN,0,0,NaN,NaN,NaN,NaN,NaN,NaN,NaN,NaN,0,0,0,0,4093.32,202,381,376,98.69,22,1986,1980,99.7,571.2,3851,61,1.58,3910,3896,99.64
09/27/2025,11,5GNR,Florida,143,Jacksonville,CROWN_BUTLER_BLVD,1439277,0,0,0,0,NaN,0,0,0,NaN,0,NaN,0,0,NaN,0,0,NaN,NaN,NaN,NaN,NaN,NaN,NaN,NaN,0,0,0,0,4093.32,202,381,376,98.69,22,1986,1980,99.7,571.2,3851,61,1.58,3910,3896,99.64
09/27/2025,11,5GNR,Florida,143,Jacksonville,CROWN_CRESCENT_CITY,1437502,0,0,0,0,NaN,0,0,0,NaN,0,NaN,0,0,NaN,0,0,NaN,NaN,NaN,NaN,NaN,NaN,NaN,NaN,0,0,0,0,4093.32,202,381,376,98.69,22,1986,1980,99.7,571.2,3851,61,1.58,3910,3896,99.64
09/27/2025,11,5GNR,Florida,143,Jacksonville,CROWN_CRESCENT_CITY,1439502,0,0,0,0,NaN,0,0,0,NaN,0,NaN,0,0,NaN,0,0,NaN,NaN,NaN,NaN,NaN,NaN,NaN,NaN,0,0,0,0,4093.32,202,381,376,98.69,22,1986,1980,99.7,571.2,3851,61,1.58,3910,3896,99.64
09/27/2025,11,5GNR,Florida,143,Jacksonville,CROWN_DOCTORS_INLET,1437102,0,0,0,0,NaN,0,0,0,NaN,0,NaN,0,0,NaN,0,0,NaN,NaN,NaN,NaN,NaN,NaN,NaN,NaN,0,0,0,0,4093.32,202,381,376,98.69,22,1986,1980,99.7,571.2,3851,61,1.58,3910,3896,99.64
09/27/2025,11,5GNR,Florida,143,Jacksonville,CROWN_DOCTORS_INLET,1439102,0,0,0,0,NaN,0,0,0,NaN,0,NaN,0,0,NaN,0,0,NaN,NaN,NaN,NaN,NaN,NaN,NaN,NaN,0,0,0,0,4093.32,202,381,376,98.69,22,1986,1980,99.7,571.2,3851,61,1.58,3910,3896,99.64
09/27/2025,11,5GNR,Florida,143,Jacksonville,CROWN_DOCTORS_INLET,4439102,0,0,0,0,NaN,0,0,0,NaN,0,NaN,0,0,NaN,0,0,NaN,NaN,NaN,NaN,NaN,NaN,NaN,NaN,0,0,0,0,4093.32,202,381,376,98.69,22,1986,1980,99.7,571.2,3851,61,1.58,3910,3896,99.64
09/27/2025,11,5GNR,Florida,143,Jacksonville,CROWN_DURBIN,1437100,0,0,0,0,NaN,0,0,0,NaN,0,NaN,0,0,NaN,0,0,NaN,NaN,NaN,NaN,NaN,NaN,NaN,NaN,0,0,0,0,4093.32,202,381,376,98.69,22,1986,1980,99.7,571.2,3851,61,1.58,3910,3896,99.64
09/27/2025,11,5GNR,Florida,143,Jacksonville,CROWN_DURBIN,1439100,0,0,0,0,NaN,0,0,0,NaN,0,NaN,0,0,NaN,0,0,NaN,NaN,NaN,NaN,NaN,NaN,NaN,NaN,0,0,0,0,4093.32,202,381,376,98.69,22,1986,1980,99.7,571.2,3851,61,1.58,3910,3896,99.64
09/27/2025,11,5GNR,Florida,143,Jacksonville,CROWN_GAINESVILLE,1439665,0,0,0,0,NaN,0,0,0,NaN,0,NaN,0,0,NaN,0,0,NaN,NaN,NaN,NaN,NaN,NaN,NaN,NaN,0,0,0,0,4093.32,202,381,376,98.69,22,1986,1980,99.7,571.2,3851,61,1.58,3910,3896,99.64
09/27/2025,11,5GNR,Florida,143,Jacksonville,CROWN_HECKSHER,1439104,0,0,0,0,NaN,0,0,0,NaN,0,NaN,0,0,NaN,0,0,NaN,NaN,NaN,NaN,NaN,NaN,NaN,NaN,0,0,0,0,4093.32,202,381,376,98.69,22,1986,1980,99.7,571.2,3851,61,1.58,3910,3896,99.64
09/27/2025,11,5GNR,Florida,143,Jacksonville,CROWN_HOLLISTER_EAST,1439400,0,0,0,0,NaN,0,0,0,NaN,0,NaN,0,0,NaN,0,0,NaN,NaN,NaN,NaN,NaN,NaN,NaN,NaN,0,0,0,0,4093.32,202,381,376,98.69,22,1986,1980,99.7,571.2,3851,61,1.58,3910,3896,99.64
09/27/2025,11,5GNR,Florida,143,Jacksonville,CROWN_HOLLISTER_EAST,4439400,0,0,0,0,NaN,0,0,0,NaN,0,NaN,0,0,NaN,0,0,NaN,NaN,NaN,NaN,NaN,NaN,NaN,NaN,0,0,0,0,4093.32,202,381,376,98.69,22,1986,1980,99.7,571.2,3851,61,1.58,3910,3896,99.64
09/27/2025,11,5GNR,Florida,143,Jacksonville,CROWN_HWY_206,1437504,0,0,0,0,NaN,0,0,0,NaN,0,NaN,0,0,NaN,0,0,NaN,NaN,NaN,NaN,NaN,NaN,NaN,NaN,0,0,0,0,4093.32,202,381,376,98.69,22,1986,1980,99.7,571.2,3851,61,1.58,3910,3896,99.64
09/27/2025,11,5GNR,Florida,143,Jacksonville,CROWN_HWY_206,1439504,0,0,0,0,NaN,0,0,0,NaN,0,NaN,0,0,NaN,0,0,NaN,NaN,NaN,NaN,NaN,NaN,NaN,NaN,0,0,0,0,4093.32,202,381,376,98.69,22,1986,1980,99.7,571.2,3851,61,1.58,3910,3896,99.64
09/27/2025,11,5GNR,Florida,143,Jacksonville,CROWN_LAFAYETTE,1439883,0,0,0,0,NaN,0,0,0,NaN,0,NaN,0,0,NaN,0,0,NaN,NaN,NaN,NaN,NaN,NaN,NaN,NaN,0,0,0,0,4093.32,202,381,376,98.69,22,1986,1980,99.7,571.2,3851,61,1.58,3910,3896,99.64
09/27/2025,11,5GNR,Florida,143,Jacksonville,CROWN_LAKE_BUTLER_WEST,1439943,0,0,0,0,NaN,0,0,0,NaN,0,NaN,0,0,NaN,0,0,NaN,NaN,NaN,NaN,NaN,NaN,NaN,NaN,0,0,0,0,4093.32,202,381,376,98.69,22,1986,1980,99.7,571.2,3851,61,1.58,3910,3896,99.64
09/27/2025,11,5GNR,Florida,143,Jacksonville,CROWN_LIGHTHOUSE,1439812,0,0,0,0,NaN,0,0,0,NaN,0,NaN,0,0,NaN,0,0,NaN,NaN,NaN,NaN,NaN,NaN,NaN,NaN,0,0,0,0,4093.32,202,381,376,98.69,22,1986,1980,99.7,571.2,3851,61,1.58,3910,3896,99.64
09/27/2025,11,5GNR,Florida,143,Jacksonville,CROWN_LLOYD_CREEK_WEST,1439243,0,0,0,0,NaN,0,0,0,NaN,0,NaN,0,0,NaN,0,0,NaN,NaN,NaN,NaN,NaN,NaN,NaN,NaN,0,0,0,0,4093.32,202,381,376,98.69,22,1986,1980,99.7,571.2,3851,61,1.58,3910,3896,99.64
09/27/2025,11,5GNR,Florida,143,Jacksonville,CROWN_MANDARIN_WOODS,1439032,0,0,0,0,NaN,0,0,0,NaN,0,NaN,0,0,NaN,0,0,NaN,NaN,NaN,NaN,NaN,NaN,NaN,NaN,0,0,0,0,4093.32,202,381,376,98.69,22,1986,1980,99.7,571.2,3851,61,1.58,3910,3896,99.64
09/27/2025,11,5GNR,Florida,143,Jacksonville,CROWN_MANDARIN_WOODS,4439032,0,0,0,0,NaN,0,0,0,NaN,0,NaN,0,0,NaN,0,0,NaN,NaN,NaN,NaN,NaN,NaN,NaN,NaN,0,0,0,0,4093.32,202,381,376,98.69,22,1986,1980,99.7,571.2,3851,61,1.58,3910,3896,99.64
09/27/2025,11,5GNR,Florida,143,Jacksonville,CROWN_MARIETTA,1437126,0,0,0,0,NaN,0,0,0,NaN,0,NaN,0,0,NaN,0,0,NaN,NaN,NaN,NaN,NaN,NaN,NaN,NaN,0,0,0,0,4093.32,202,381,376,98.69,22,1986,1980,99.7,571.2,3851,61,1.58,3910,3896,99.64
09/27/2025,11,5GNR,Florida,143,Jacksonville,CROWN_MARIETTA,1439126,0,0,0,0,NaN,0,0,0,NaN,0,NaN,0,0,NaN,0,0,NaN,NaN,NaN,NaN,NaN,NaN,NaN,NaN,0,0,0,0,4093.32,202,381,376,98.69,22,1986,1980,99.7,571.2,3851,61,1.58,3910,3896,99.64
09/27/2025,11,5GNR,Florida,143,Jacksonville,CROWN_MAYPORT,1439222,0,0,0,0,NaN,0,0,0,NaN,0,NaN,0,0,NaN,0,0,NaN,NaN,NaN,NaN,NaN,NaN,NaN,NaN,0,0,0,0,4093.32,202,381,376,98.69,22,1986,1980,99.7,571.2,3851,61,1.58,3910,3896,99.64
09/27/2025,11,5GNR,Florida,143,Jacksonville,CROWN_MIDDLEBURG,1437069,0,0,0,0,NaN,0,0,0,NaN,0,NaN,0,0,NaN,0,0,NaN,NaN,NaN,NaN,NaN,NaN,NaN,NaN,0,0,0,0,4093.32,202,381,376,98.69,22,1986,1980,99.7,571.2,3851,61,1.58,3910,3896,99.64
09/27/2025,11,5GNR,Florida,143,Jacksonville,CROWN_MIDDLEBURG,1437255,0,0,0,0,NaN,0,0,0,NaN,0,NaN,0,0,NaN,0,0,NaN,NaN,NaN,NaN,NaN,NaN,NaN,NaN,0,0,0,0,4093.32,202,381,376,98.69,22,1986,1980,99.7,571.2,3851,61,1.58,3910,3896,99.64
09/27/2025,11,5GNR,Florida,143,Jacksonville,CROWN_MIDDLEBURG,1439069,0,0,0,0,NaN,0,0,0,NaN,0,NaN,0,0,NaN,0,0,NaN,NaN,NaN,NaN,NaN,NaN,NaN,NaN,0,0,0,0,4093.32,202,381,376,98.69,22,1986,1980,99.7,571.2,3851,61,1.58,3910,3896,99.64
09/27/2025,11,5GNR,Florida,143,Jacksonville,CROWN_MIDDLEBURG,1439255,0,0,0,0,NaN,0,0,0,NaN,0,NaN,0,0,NaN,0,0,NaN,NaN,NaN,NaN,NaN,NaN,NaN,NaN,0,0,0,0,4093.32,202,381,376,98.69,22,1986,1980,99.7,571.2,3851,61,1.58,3910,3896,99.64
09/27/2025,11,5GNR,Florida,143,Jacksonville,CROWN_NAS_JAX,1439593,0,0,0,0,NaN,0,0,0,NaN,0,NaN,0,0,NaN,0,0,NaN,NaN,NaN,NaN,NaN,NaN,NaN,NaN,0,0,0,0,4093.32,202,381,376,98.69,22,1986,1980,99.7,571.2,3851,61,1.58,3910,3896,99.64
09/27/2025,11,5GNR,Florida,143,Jacksonville,CROWN_N_GCS,1437107,0,0,0,0,NaN,0,0,0,NaN,0,NaN,0,0,NaN,0,0,NaN,NaN,NaN,NaN,NaN,NaN,NaN,NaN,0,0,0,0,4093.32,202,381,376,98.69,22,1986,1980,99.7,571.2,3851,61,1.58,3910,3896,99.64
09/27/2025,11,5GNR,Florida,143,Jacksonville,CROWN_N_GCS,1439107,0,0,0,0,NaN,0,0,0,NaN,0,NaN,0,0,NaN,0,0,NaN,NaN,NaN,NaN,NaN,NaN,NaN,NaN,0,0,0,0,4093.32,202,381,376,98.69,22,1986,1980,99.7,571.2,3851,61,1.58,3910,3896,99.64
09/27/2025,11,5GNR,Florida,143,Jacksonville,CROWN_OCHLOCKNEE,1439825,0,0,0,0,NaN,0,0,0,NaN,0,NaN,0,0,NaN,0,0,NaN,NaN,NaN,NaN,NaN,NaN,NaN,NaN,0,0,0,0,4093.32,202,381,376,98.69,22,1986,1980,99.7,571.2,3851,61,1.58,3910,3896,99.64
09/27/2025,11,5GNR,Florida,143,Jacksonville,CROWN_ORANGEDALE,1437197,0,0,0,0,NaN,0,0,0,NaN,0,NaN,0,0,NaN,0,0,NaN,NaN,NaN,NaN,NaN,NaN,NaN,NaN,0,0,0,0,4093.32,202,381,376,98.69,22,1986,1980,99.7,571.2,3851,61,1.58,3910,3896,99.64
09/27/2025,11,5GNR,Florida,143,Jacksonville,CROWN_ORANGEDALE,1439197,0,0,0,0,NaN,0,0,0,NaN,0,NaN,0,0,NaN,0,0,NaN,NaN,NaN,NaN,NaN,NaN,NaN,NaN,0,0,0,0,4093.32,202,381,376,98.69,22,1986,1980,99.7,571.2,3851,61,1.58,3910,3896,99.64
09/27/2025,11,5GNR,Florida,143,Jacksonville,CROWN_ORANGE_PARK,1437258,0,0,0,0,NaN,0,0,0,NaN,0,NaN,0,0,NaN,0,0,NaN,NaN,NaN,NaN,NaN,NaN,NaN,NaN,0,0,0,0,4093.32,202,381,376,98.69,22,1986,1980,99.7,571.2,3851,61,1.58,3910,3896,99.64
09/27/2025,11,5GNR,Florida,143,Jacksonville,CROWN_ORANGE_PARK,1439258,0,0,0,0,NaN,0,0,0,NaN,0,NaN,0,0,NaN,0,0,NaN,NaN,NaN,NaN,NaN,NaN,NaN,NaN,0,0,0,0,4093.32,202,381,376,98.69,22,1986,1980,99.7,571.2,3851,61,1.58,3910,3896,99.64
09/27/2025,11,5GNR,Florida,143,Jacksonville,CROWN_PALM_VALLEY,1437535,0,0,0,0,NaN,0,0,0,NaN,0,NaN,0,0,NaN,0,0,NaN,NaN,NaN,NaN,NaN,NaN,NaN,NaN,0,0,0,0,4093.32,202,381,376,98.69,22,1986,1980,99.7,571.2,3851,61,1.58,3910,3896,99.64
09/27/2025,11,5GNR,Florida,143,Jacksonville,CROWN_PALM_VALLEY,1439535,0,0,0,0,NaN,0,0,0,NaN,0,NaN,0,0,NaN,0,0,NaN,NaN,NaN,NaN,NaN,NaN,NaN,NaN,0,0,0,0,4093.32,202,381,376,98.69,22,1986,1980,99.7,571.2,3851,61,1.58,3910,3896,99.64
09/27/2025,11,5GNR,Florida,143,Jacksonville,CROWN_PINETTA,1439443,0,0,0,0,NaN,0,0,0,NaN,0,NaN,0,0,NaN,0,0,NaN,NaN,NaN,NaN,NaN,NaN,NaN,NaN,0,0,0,0,4093.32,202,381,376,98.69,22,1986,1980,99.7,571.2,3851,61,1.58,3910,3896,99.64
09/27/2025,11,5GNR,Florida,143,Jacksonville,CROWN_POWERTEL_SYNAGOGUE,1439831,0,0,0,0,NaN,0,0,0,NaN,0,NaN,0,0,NaN,0,0,NaN,NaN,NaN,NaN,NaN,NaN,NaN,NaN,0,0,0,0,4093.32,202,381,376,98.69,22,1986,1980,99.7,571.2,3851,61,1.58,3910,3896,99.64
09/27/2025,11,5GNR,Florida,143,Jacksonville,CROWN_RIDGEWOOD,1437099,0,0,0,0,NaN,0,0,0,NaN,0,NaN,0,0,NaN,0,0,NaN,NaN,NaN,NaN,NaN,NaN,NaN,NaN,0,0,0,0,4093.32,202,381,376,98.69,22,1986,1980,99.7,571.2,3851,61,1.58,3910,3896,99.64
09/27/2025,11,5GNR,Florida,143,Jacksonville,CROWN_RIDGEWOOD,1439099,0,0,0,0,NaN,0,0,0,NaN,0,NaN,0,0,NaN,0,0,NaN,NaN,NaN,NaN,NaN,NaN,NaN,NaN,0,0,0,0,4093.32,202,381,376,98.69,22,1986,1980,99.7,571.2,3851,61,1.58,3910,3896,99.64
09/27/2025,11,5GNR,Florida,143,Jacksonville,CROWN_RIDGEWOOD,4439099,0,0,0,0,NaN,0,0,0,NaN,0,NaN,0,0,NaN,0,0,NaN,NaN,NaN,NaN,NaN,NaN,NaN,NaN,0,0,0,0,4093.32,202,381,376,98.69,22,1986,1980,99.7,571.2,3851,61,1.58,3910,3896,99.64
09/27/2025,11,5GNR,Florida,143,Jacksonville,CROWN_ROBERTS_ROAD,1439807,0,0,0,0,NaN,0,0,0,NaN,0,NaN,0,0,NaN,0,0,NaN,NaN,NaN,NaN,NaN,NaN,NaN,NaN,0,0,0,0,4093.32,202,381,376,98.69,22,1986,1980,99.7,571.2,3851,61,1.58,3910,3896,99.64
09/27/2025,11,5GNR,Florida,143,Jacksonville,CROWN_SATSUMA,1437501,0,0,0,0,NaN,0,0,0,NaN,0,NaN,0,0,NaN,0,0,NaN,NaN,NaN,NaN,NaN,NaN,NaN,NaN,0,0,0,0,4093.32,202,381,376,98.69,22,1986,1980,99.7,571.2,3851,61,1.58,3910,3896,99.64
09/27/2025,11,5GNR,Florida,143,Jacksonville,CROWN_SATSUMA,1439501,0,0,0,0,NaN,0,0,0,NaN,0,NaN,0,0,NaN,0,0,NaN,NaN,NaN,NaN,NaN,NaN,NaN,NaN,0,0,0,0,4093.32,202,381,376,98.69,22,1986,1980,99.7,571.2,3851,61,1.58,3910,3896,99.64
09/27/2025,11,5GNR,Florida,143,Jacksonville,CROWN_SHANNON_WOOD,1439651,0,0,0,0,NaN,0,0,0,NaN,0,NaN,0,0,NaN,0,0,NaN,NaN,NaN,NaN,NaN,NaN,NaN,NaN,0,0,0,0,4093.32,202,381,376,98.69,22,1986,1980,99.7,571.2,3851,61,1.58,3910,3896,99.64
09/27/2025,11,5GNR,Florida,143,Jacksonville,CROWN_ST_AUGUSTINE_SOUTH,1437109,0,0,0,0,NaN,0,0,0,NaN,0,NaN,0,0,NaN,0,0,NaN,NaN,NaN,NaN,NaN,NaN,NaN,NaN,0,0,0,0,4093.32,202,381,376,98.69,22,1986,1980,99.7,571.2,3851,61,1.58,3910,3896,99.64
09/27/2025,11,5GNR,Florida,143,Jacksonville,CROWN_ST_AUGUSTINE_SOUTH,1439109,0,0,0,0,NaN,0,0,0,NaN,0,NaN,0,0,NaN,0,0,NaN,NaN,NaN,NaN,NaN,NaN,NaN,NaN,0,0,0,0,4093.32,202,381,376,98.69,22,1986,1980,99.7,571.2,3851,61,1.58,3910,3896,99.64
09/27/2025,11,5GNR,Florida,143,Jacksonville,CROWN_TROUT_RIVER,1439103,0,0,0,0,NaN,0,0,0,NaN,0,NaN,0,0,NaN,0,0,NaN,NaN,NaN,NaN,NaN,NaN,NaN,NaN,0,0,0,0,4093.32,202,381,376,98.69,22,1986,1980,99.7,571.2,3851,61,1.58,3910,3896,99.64
09/27/2025,11,5GNR,Florida,143,Jacksonville,CROWN_TROUT_RIVER,4439103,0,0,0,0,NaN,0,0,0,NaN,0,NaN,0,0,NaN,0,0,NaN,NaN,NaN,NaN,NaN,NaN,NaN,NaN,0,0,0,0,4093.32,202,381,376,98.69,22,1986,1980,99.7,571.2,3851,61,1.58,3910,3896,99.64
09/27/2025,11,5GNR,Florida,143,Jacksonville,CR_232,1439649,0,0,0,0,NaN,0,0,0,NaN,0,NaN,0,0,NaN,0,0,NaN,NaN,NaN,NaN,NaN,NaN,NaN,NaN,0,0,0,0,4093.32,202,381,376,98.69,22,1986,1980,99.7,571.2,3851,61,1.58,3910,3896,99.64
09/27/2025,11,5GNR,Florida,143,Jacksonville,DAIRY,1439627,0,0,0,0,NaN,0,0,0,NaN,0,NaN,0,0,NaN,0,0,NaN,NaN,NaN,NaN,NaN,NaN,NaN,NaN,0,0,0,0,4093.32,202,381,376,98.69,22,1986,1980,99.7,571.2,3851,61,1.58,3910,3896,99.64
09/27/2025,11,5GNR,Florida,143,Jacksonville,DALE_THOMAS,1439879,0,0,0,0,NaN,0,0,0,NaN,0,NaN,0,0,NaN,0,0,NaN,NaN,NaN,NaN,NaN,NaN,NaN,NaN,0,0,0,0,4093.32,202,381,376,98.69,22,1986,1980,99.7,571.2,3851,61,1.58,3910,3896,99.64
09/27/2025,11,5GNR,Florida,143,Jacksonville,DINDMORE,1439700,0,0,0,0,NaN,0,0,0,NaN,0,NaN,0,0,NaN,0,0,NaN,NaN,NaN,NaN,NaN,NaN,NaN,NaN,0,0,0,0,4093.32,202,381,376,98.69,22,1986,1980,99.7,571.2,3851,61,1.58,3910,3896,99.64
09/27/2025,11,5GNR,Florida,143,Jacksonville,DOWLING_PARK,1439610,0,0,0,0,NaN,0,0,0,NaN,0,NaN,0,0,NaN,0,0,NaN,NaN,NaN,NaN,NaN,NaN,NaN,NaN,0,0,0,0,4093.32,202,381,376,98.69,22,1986,1980,99.7,571.2,3851,61,1.58,3910,3896,99.64
09/27/2025,11,5GNR,Florida,143,Jacksonville,DOWNTOWN_OBRIEN,1439886,0,0,0,0,NaN,0,0,0,NaN,0,NaN,0,0,NaN,0,0,NaN,NaN,NaN,NaN,NaN,NaN,NaN,NaN,0,0,0,0,4093.32,202,381,376,98.69,22,1986,1980,99.7,571.2,3851,61,1.58,3910,3896,99.64
09/27/2025,11,5GNR,Florida,143,Jacksonville,DRIFTON_RELHR,1439168,0,0,0,0,NaN,0,0,0,NaN,0,NaN,0,0,NaN,0,0,NaN,NaN,NaN,NaN,NaN,NaN,NaN,NaN,0,0,0,0,4093.32,202,381,376,98.69,22,1986,1980,99.7,571.2,3851,61,1.58,3910,3896,99.64
09/27/2025,11,5GNR,Florida,143,Jacksonville,DT031_NDT001_NDT055_LKJS011,1437933,0,0,0,0,NaN,0,0,0,NaN,0,NaN,0,0,NaN,0,0,NaN,NaN,NaN,NaN,NaN,NaN,NaN,NaN,0,0,0,0,4093.32,202,381,376,98.69,22,1986,1980,99.7,571.2,3851,61,1.58,3910,3896,99.64
09/27/2025,11,5GNR,Florida,143,Jacksonville,DT_NEWBERRY,1439929,0,0,0,0,NaN,0,0,0,NaN,0,NaN,0,0,NaN,0,0,NaN,NaN,NaN,NaN,NaN,NaN,NaN,NaN,0,0,0,0,4093.32,202,381,376,98.69,22,1986,1980,99.7,571.2,3851,61,1.58,3910,3896,99.64
09/27/2025,11,5GNR,Florida,143,Jacksonville,DT_NORTH_JAX,1430007,0,0,0,0,NaN,0,0,0,NaN,0,NaN,0,0,NaN,0,0,NaN,NaN,NaN,NaN,NaN,NaN,NaN,NaN,0,0,0,0,4093.32,202,381,376,98.69,22,1986,1980,99.7,571.2,3851,61,1.58,3910,3896,99.64
09/27/2025,11,5GNR,Florida,143,Jacksonville,DT_NORTH_JAX,1430008,0,0,0,0,NaN,0,0,0,NaN,0,NaN,0,0,NaN,0,0,NaN,NaN,NaN,NaN,NaN,NaN,NaN,NaN,0,0,0,0,4093.32,202,381,376,98.69,22,1986,1980,99.7,571.2,3851,61,1.58,3910,3896,99.64
09/27/2025,11,5GNR,Florida,143,Jacksonville,DT_NORTH_JAX,1430009,0,0,0,0,NaN,0,0,0,NaN,0,NaN,0,0,NaN,0,0,NaN,NaN,NaN,NaN,NaN,NaN,NaN,NaN,0,0,0,0,4093.32,202,381,376,98.69,22,1986,1980,99.7,571.2,3851,61,1.58,3910,3896,99.64
09/27/2025,11,5GNR,Florida,143,Jacksonville,DT_NORTH_JAX,1437344,0,0,0,0,NaN,0,0,0,NaN,0,NaN,0,0,NaN,0,0,NaN,NaN,NaN,NaN,NaN,NaN,NaN,NaN,0,0,0,0,4093.32,202,381,376,98.69,22,1986,1980,99.7,571.2,3851,61,1.58,3910,3896,99.64
09/27/2025,11,5GNR,Florida,143,Jacksonville,DT_NORTH_JAX,1439344,0,0,0,0,NaN,0,0,0,NaN,0,NaN,0,0,NaN,0,0,NaN,NaN,NaN,NaN,NaN,NaN,NaN,NaN,0,0,0,0,4093.32,202,381,376,98.69,22,1986,1980,99.7,571.2,3851,61,1.58,3910,3896,99.64
09/27/2025,11,5GNR,Florida,143,Jacksonville,DT_NORTH_JAX,4439344,0,0,0,0,NaN,0,0,0,NaN,0,NaN,0,0,NaN,0,0,NaN,NaN,NaN,NaN,NaN,NaN,NaN,NaN,0,0,0,0,4093.32,202,381,376,98.69,22,1986,1980,99.7,571.2,3851,61,1.58,3910,3896,99.64
09/27/2025,11,5GNR,Florida,143,Jacksonville,DT_TALL_DT001,1430614,0,0,0,0,NaN,0,0,0,NaN,0,NaN,0,0,NaN,0,0,NaN,NaN,NaN,NaN,NaN,NaN,NaN,NaN,0,0,0,0,4093.32,202,381,376,98.69,22,1986,1980,99.7,571.2,3851,61,1.58,3910,3896,99.64
09/27/2025,11,5GNR,Florida,143,Jacksonville,DT_TALL_DT001,1430615,0,0,0,0,NaN,0,0,0,NaN,0,NaN,0,0,NaN,0,0,NaN,NaN,NaN,NaN,NaN,NaN,NaN,NaN,0,0,0,0,4093.32,202,381,376,98.69,22,1986,1980,99.7,571.2,3851,61,1.58,3910,3896,99.64
09/27/2025,11,5GNR,Florida,143,Jacksonville,DT_TALL_DT001,1430616,0,0,0,0,NaN,0,0,0,NaN,0,NaN,0,0,NaN,0,0,NaN,NaN,NaN,NaN,NaN,NaN,NaN,NaN,0,0,0,0,4093.32,202,381,376,98.69,22,1986,1980,99.7,571.2,3851,61,1.58,3910,3896,99.64
09/27/2025,11,5GNR,Florida,143,Jacksonville,DT_TALL_DT002,1430587,0,0,0,0,NaN,0,0,0,NaN,0,NaN,0,0,NaN,0,0,NaN,NaN,NaN,NaN,NaN,NaN,NaN,NaN,0,0,0,0,4093.32,202,381,376,98.69,22,1986,1980,99.7,571.2,3851,61,1.58,3910,3896,99.64
09/27/2025,11,5GNR,Florida,143,Jacksonville,DT_TALL_DT002,1430588,0,0,0,0,NaN,0,0,0,NaN,0,NaN,0,0,NaN,0,0,NaN,NaN,NaN,NaN,NaN,NaN,NaN,NaN,0,0,0,0,4093.32,202,381,376,98.69,22,1986,1980,99.7,571.2,3851,61,1.58,3910,3896,99.64
09/27/2025,11,5GNR,Florida,143,Jacksonville,DT_TALL_DT002,1430589,0,0,0,0,NaN,0,0,0,NaN,0,NaN,0,0,NaN,0,0,NaN,NaN,NaN,NaN,NaN,NaN,NaN,NaN,0,0,0,0,4093.32,202,381,376,98.69,22,1986,1980,99.7,571.2,3851,61,1.58,3910,3896,99.64
09/27/2025,11,5GNR,Florida,143,Jacksonville,DT_TALL_DT003,1430590,0,0,0,0,NaN,0,0,0,NaN,0,NaN,0,0,NaN,0,0,NaN,NaN,NaN,NaN,NaN,NaN,NaN,NaN,0,0,0,0,4093.32,202,381,376,98.69,22,1986,1980,99.7,571.2,3851,61,1.58,3910,3896,99.64
09/27/2025,11,5GNR,Florida,143,Jacksonville,DT_TALL_DT003,1430591,0,0,0,0,NaN,0,0,0,NaN,0,NaN,0,0,NaN,0,0,NaN,NaN,NaN,NaN,NaN,NaN,NaN,NaN,0,0,0,0,4093.32,202,381,376,98.69,22,1986,1980,99.7,571.2,3851,61,1.58,3910,3896,99.64
09/27/2025,11,5GNR,Florida,143,Jacksonville,DT_TALL_DT003,1430592,0,0,0,0,NaN,0,0,0,NaN,0,NaN,0,0,NaN,0,0,NaN,NaN,NaN,NaN,NaN,NaN,NaN,NaN,0,0,0,0,4093.32,202,381,376,98.69,22,1986,1980,99.7,571.2,3851,61,1.58,3910,3896,99.64
09/27/2025,11,5GNR,Florida,143,Jacksonville,DT_TALL_DT004,1430593,0,0,0,0,NaN,0,0,0,NaN,0,NaN,0,0,NaN,0,0,NaN,NaN,NaN,NaN,NaN,NaN,NaN,NaN,0,0,0,0,4093.32,202,381,376,98.69,22,1986,1980,99.7,571.2,3851,61,1.58,3910,3896,99.64
09/27/2025,11,5GNR,Florida,143,Jacksonville,DT_TALL_DT004,1430594,0,0,0,0,NaN,0,0,0,NaN,0,NaN,0,0,NaN,0,0,NaN,NaN,NaN,NaN,NaN,NaN,NaN,NaN,0,0,0,0,4093.32,202,381,376,98.69,22,1986,1980,99.7,571.2,3851,61,1.58,3910,3896,99.64
09/27/2025,11,5GNR,Florida,143,Jacksonville,DT_TALL_DT004,1430595,0,0,0,0,NaN,0,0,0,NaN,0,NaN,0,0,NaN,0,0,NaN,NaN,NaN,NaN,NaN,NaN,NaN,NaN,0,0,0,0,4093.32,202,381,376,98.69,22,1986,1980,99.7,571.2,3851,61,1.58,3910,3896,99.64
09/27/2025,11,5GNR,Florida,143,Jacksonville,DT_TALL_DT005,1430596,0,0,0,0,NaN,0,0,0,NaN,0,NaN,0,0,NaN,0,0,NaN,NaN,NaN,NaN,NaN,NaN,NaN,NaN,0,0,0,0,4093.32,202,381,376,98.69,22,1986,1980,99.7,571.2,3851,61,1.58,3910,3896,99.64
09/27/2025,11,5GNR,Florida,143,Jacksonville,DT_TALL_DT005,1430597,0,0,0,0,NaN,0,0,0,NaN,0,NaN,0,0,NaN,0,0,NaN,NaN,NaN,NaN,NaN,NaN,NaN,NaN,0,0,0,0,4093.32,202,381,376,98.69,22,1986,1980,99.7,571.2,3851,61,1.58,3910,3896,99.64
09/27/2025,11,5GNR,Florida,143,Jacksonville,DT_TALL_DT005,1430598,0,0,0,0,NaN,0,0,0,NaN,0,NaN,0,0,NaN,0,0,NaN,NaN,NaN,NaN,NaN,NaN,NaN,NaN,0,0,0,0,4093.32,202,381,376,98.69,22,1986,1980,99.7,571.2,3851,61,1.58,3910,3896,99.64
09/27/2025,11,5GNR,Florida,143,Jacksonville,DT_TALL_DT006,1430617,0,0,0,0,NaN,0,0,0,NaN,0,NaN,0,0,NaN,0,0,NaN,NaN,NaN,NaN,NaN,NaN,NaN,NaN,0,0,0,0,4093.32,202,381,376,98.69,22,1986,1980,99.7,571.2,3851,61,1.58,3910,3896,99.64
09/27/2025,11,5GNR,Florida,143,Jacksonville,DT_TALL_DT006,1430618,0,0,0,0,NaN,0,0,0,NaN,0,NaN,0,0,NaN,0,0,NaN,NaN,NaN,NaN,NaN,NaN,NaN,NaN,0,0,0,0,4093.32,202,381,376,98.69,22,1986,1980,99.7,571.2,3851,61,1.58,3910,3896,99.64
09/27/2025,11,5GNR,Florida,143,Jacksonville,DT_TALL_DT006,1430619,0,0,0,0,NaN,0,0,0,NaN,0,NaN,0,0,NaN,0,0,NaN,NaN,NaN,NaN,NaN,NaN,NaN,NaN,0,0,0,0,4093.32,202,381,376,98.69,22,1986,1980,99.7,571.2,3851,61,1.58,3910,3896,99.64
09/27/2025,11,5GNR,Florida,143,Jacksonville,DT_TALL_DT007,1430677,0,0,0,0,NaN,0,0,0,NaN,0,NaN,0,0,NaN,0,0,NaN,NaN,NaN,NaN,NaN,NaN,NaN,NaN,0,0,0,0,4093.32,202,381,376,98.69,22,1986,1980,99.7,571.2,3851,61,1.58,3910,3896,99.64
09/27/2025,11,5GNR,Florida,143,Jacksonville,DT_TALL_DT007,1430678,0,0,0,0,NaN,0,0,0,NaN,0,NaN,0,0,NaN,0,0,NaN,NaN,NaN,NaN,NaN,NaN,NaN,NaN,0,0,0,0,4093.32,202,381,376,98.69,22,1986,1980,99.7,571.2,3851,61,1.58,3910,3896,99.64
09/27/2025,11,5GNR,Florida,143,Jacksonville,DT_TALL_DT007,1430679,0,0,0,0,NaN,0,0,0,NaN,0,NaN,0,0,NaN,0,0,NaN,NaN,NaN,NaN,NaN,NaN,NaN,NaN,0,0,0,0,4093.32,202,381,376,98.69,22,1986,1980,99.7,571.2,3851,61,1.58,3910,3896,99.64
09/27/2025,11,5GNR,Florida,143,Jacksonville,DT_TALL_DT008,1430680,0,0,0,0,NaN,0,0,0,NaN,0,NaN,0,0,NaN,0,0,NaN,NaN,NaN,NaN,NaN,NaN,NaN,NaN,0,0,0,0,4093.32,202,381,376,98.69,22,1986,1980,99.7,571.2,3851,61,1.58,3910,3896,99.64
09/27/2025,11,5GNR,Florida,143,Jacksonville,DT_TALL_DT008,1430681,0,0,0,0,NaN,0,0,0,NaN,0,NaN,0,0,NaN,0,0,NaN,NaN,NaN,NaN,NaN,NaN,NaN,NaN,0,0,0,0,4093.32,202,381,376,98.69,22,1986,1980,99.7,571.2,3851,61,1.58,3910,3896,99.64
09/27/2025,11,5GNR,Florida,143,Jacksonville,DT_TALL_DT008,1430682,0,0,0,0,NaN,0,0,0,NaN,0,NaN,0,0,NaN,0,0,NaN,NaN,NaN,NaN,NaN,NaN,NaN,NaN,0,0,0,0,4093.32,202,381,376,98.69,22,1986,1980,99.7,571.2,3851,61,1.58,3910,3896,99.64
09/27/2025,11,5GNR,Florida,143,Jacksonville,DT_TALL_DT009,1430683,0,0,0,0,NaN,0,0,0,NaN,0,NaN,0,0,NaN,0,0,NaN,NaN,NaN,NaN,NaN,NaN,NaN,NaN,0,0,0,0,4093.32,202,381,376,98.69,22,1986,1980,99.7,571.2,3851,61,1.58,3910,3896,99.64
09/27/2025,11,5GNR,Florida,143,Jacksonville,DT_TALL_DT009,1430684,0,0,0,0,NaN,0,0,0,NaN,0,NaN,0,0,NaN,0,0,NaN,NaN,NaN,NaN,NaN,NaN,NaN,NaN,0,0,0,0,4093.32,202,381,376,98.69,22,1986,1980,99.7,571.2,3851,61,1.58,3910,3896,99.64
09/27/2025,11,5GNR,Florida,143,Jacksonville,DT_TALL_DT009,1430685,0,0,0,0,NaN,0,0,0,NaN,0,NaN,0,0,NaN,0,0,NaN,NaN,NaN,NaN,NaN,NaN,NaN,NaN,0,0,0,0,4093.32,202,381,376,98.69,22,1986,1980,99.7,571.2,3851,61,1.58,3910,3896,99.64
09/27/2025,11,5GNR,Florida,143,Jacksonville,DT_TALL_DT010,1430599,0,0,0,0,NaN,0,0,0,NaN,0,NaN,0,0,NaN,0,0,NaN,NaN,NaN,NaN,NaN,NaN,NaN,NaN,0,0,0,0,4093.32,202,381,376,98.69,22,1986,1980,99.7,571.2,3851,61,1.58,3910,3896,99.64
09/27/2025,11,5GNR,Florida,143,Jacksonville,DT_TALL_DT010,1430600,0,0,0,0,NaN,0,0,0,NaN,0,NaN,0,0,NaN,0,0,NaN,NaN,NaN,NaN,NaN,NaN,NaN,NaN,0,0,0,0,4093.32,202,381,376,98.69,22,1986,1980,99.7,571.2,3851,61,1.58,3910,3896,99.64
09/27/2025,11,5GNR,Florida,143,Jacksonville,DT_TALL_DT010,1430601,0,0,0,0,NaN,0,0,0,NaN,0,NaN,0,0,NaN,0,0,NaN,NaN,NaN,NaN,NaN,NaN,NaN,NaN,0,0,0,0,4093.32,202,381,376,98.69,22,1986,1980,99.7,571.2,3851,61,1.58,3910,3896,99.64
09/27/2025,11,5GNR,Florida,143,Jacksonville,DT_TALL_DT011,1430602,0,0,0,0,NaN,0,0,0,NaN,0,NaN,0,0,NaN,0,0,NaN,NaN,NaN,NaN,NaN,NaN,NaN,NaN,0,0,0,0,4093.32,202,381,376,98.69,22,1986,1980,99.7,571.2,3851,61,1.58,3910,3896,99.64
09/27/2025,11,5GNR,Florida,143,Jacksonville,DT_TALL_DT011,1430603,0,0,0,0,NaN,0,0,0,NaN,0,NaN,0,0,NaN,0,0,NaN,NaN,NaN,NaN,NaN,NaN,NaN,NaN,0,0,0,0,4093.32,202,381,376,98.69,22,1986,1980,99.7,571.2,3851,61,1.58,3910,3896,99.64
09/27/2025,11,5GNR,Florida,143,Jacksonville,DT_TALL_DT011,1430604,0,0,0,0,NaN,0,0,0,NaN,0,NaN,0,0,NaN,0,0,NaN,NaN,NaN,NaN,NaN,NaN,NaN,NaN,0,0,0,0,4093.32,202,381,376,98.69,22,1986,1980,99.7,571.2,3851,61,1.58,3910,3896,99.64
09/27/2025,11,5GNR,Florida,143,Jacksonville,DT_TALL_DT017,1430578,0,0,0,0,NaN,0,0,0,NaN,0,NaN,0,0,NaN,0,0,NaN,NaN,NaN,NaN,NaN,NaN,NaN,NaN,0,0,0,0,4093.32,202,381,376,98.69,22,1986,1980,99.7,571.2,3851,61,1.58,3910,3896,99.64
09/27/2025,11,5GNR,Florida,143,Jacksonville,DT_TALL_DT017,1430579,0,0,0,0,NaN,0,0,0,NaN,0,NaN,0,0,NaN,0,0,NaN,NaN,NaN,NaN,NaN,NaN,NaN,NaN,0,0,0,0,4093.32,202,381,376,98.69,22,1986,1980,99.7,571.2,3851,61,1.58,3910,3896,99.64
09/27/2025,11,5GNR,Florida,143,Jacksonville,DT_TALL_DT017,1430580,0,0,0,0,NaN,0,0,0,NaN,0,NaN,0,0,NaN,0,0,NaN,NaN,NaN,NaN,NaN,NaN,NaN,NaN,0,0,0,0,4093.32,202,381,376,98.69,22,1986,1980,99.7,571.2,3851,61,1.58,3910,3896,99.64
09/27/2025,11,5GNR,Florida,143,Jacksonville,DT_TALL_DT018,1431338,0,0,0,0,NaN,0,0,0,NaN,0,NaN,0,0,NaN,0,0,NaN,NaN,NaN,NaN,NaN,NaN,NaN,NaN,0,0,0,0,4093.32,202,381,376,98.69,22,1986,1980,99.7,571.2,3851,61,1.58,3910,3896,99.64
09/27/2025,11,5GNR,Florida,143,Jacksonville,DT_TALL_DT018,1431339,0,0,0,0,NaN,0,0,0,NaN,0,NaN,0,0,NaN,0,0,NaN,NaN,NaN,NaN,NaN,NaN,NaN,NaN,0,0,0,0,4093.32,202,381,376,98.69,22,1986,1980,99.7,571.2,3851,61,1.58,3910,3896,99.64
09/27/2025,11,5GNR,Florida,143,Jacksonville,DT_TALL_DT018,1431340,0,0,0,0,NaN,0,0,0,NaN,0,NaN,0,0,NaN,0,0,NaN,NaN,NaN,NaN,NaN,NaN,NaN,NaN,0,0,0,0,4093.32,202,381,376,98.69,22,1986,1980,99.7,571.2,3851,61,1.58,3910,3896,99.64
09/27/2025,11,5GNR,Florida,143,Jacksonville,DT_TALL_DT020,1431385,0,0,0,0,NaN,0,0,0,NaN,0,NaN,0,0,NaN,0,0,NaN,NaN,NaN,NaN,NaN,NaN,NaN,NaN,0,0,0,0,4093.32,202,381,376,98.69,22,1986,1980,99.7,571.2,3851,61,1.58,3910,3896,99.64
09/27/2025,11,5GNR,Florida,143,Jacksonville,DT_TALL_DT020,1431386,0,0,0,0,NaN,0,0,0,NaN,0,NaN,0,0,NaN,0,0,NaN,NaN,NaN,NaN,NaN,NaN,NaN,NaN,0,0,0,0,4093.32,202,381,376,98.69,22,1986,1980,99.7,571.2,3851,61,1.58,3910,3896,99.64
09/27/2025,11,5GNR,Florida,143,Jacksonville,DT_TALL_DT020,1431387,0,0,0,0,NaN,0,0,0,NaN,0,NaN,0,0,NaN,0,0,NaN,NaN,NaN,NaN,NaN,NaN,NaN,NaN,0,0,0,0,4093.32,202,381,376,98.69,22,1986,1980,99.7,571.2,3851,61,1.58,3910,3896,99.64
09/27/2025,11,5GNR,Florida,143,Jacksonville,DT_TALL_DT021,1431388,0,0,0,0,NaN,0,0,0,NaN,0,NaN,0,0,NaN,0,0,NaN,NaN,NaN,NaN,NaN,NaN,NaN,NaN,0,0,0,0,4093.32,202,381,376,98.69,22,1986,1980,99.7,571.2,3851,61,1.58,3910,3896,99.64
09/27/2025,11,5GNR,Florida,143,Jacksonville,DT_TALL_DT021,1431389,0,0,0,0,NaN,0,0,0,NaN,0,NaN,0,0,NaN,0,0,NaN,NaN,NaN,NaN,NaN,NaN,NaN,NaN,0,0,0,0,4093.32,202,381,376,98.69,22,1986,1980,99.7,571.2,3851,61,1.58,3910,3896,99.64
09/27/2025,11,5GNR,Florida,143,Jacksonville,DT_TALL_DT021,1431390,0,0,0,0,NaN,0,0,0,NaN,0,NaN,0,0,NaN,0,0,NaN,NaN,NaN,NaN,NaN,NaN,NaN,NaN,0,0,0,0,4093.32,202,381,376,98.69,22,1986,1980,99.7,571.2,3851,61,1.58,3910,3896,99.64
09/27/2025,11,5GNR,Florida,143,Jacksonville,DT_TALL_DT025,1431341,0,0,0,0,NaN,0,0,0,NaN,0,NaN,0,0,NaN,0,0,NaN,NaN,NaN,NaN,NaN,NaN,NaN,NaN,0,0,0,0,4093.32,202,381,376,98.69,22,1986,1980,99.7,571.2,3851,61,1.58,3910,3896,99.64
09/27/2025,11,5GNR,Florida,143,Jacksonville,DT_TALL_DT025,1431342,0,0,0,0,NaN,0,0,0,NaN,0,NaN,0,0,NaN,0,0,NaN,NaN,NaN,NaN,NaN,NaN,NaN,NaN,0,0,0,0,4093.32,202,381,376,98.69,22,1986,1980,99.7,571.2,3851,61,1.58,3910,3896,99.64
09/27/2025,11,5GNR,Florida,143,Jacksonville,DT_TALL_DT025,1431343,0,0,0,0,NaN,0,0,0,NaN,0,NaN,0,0,NaN,0,0,NaN,NaN,NaN,NaN,NaN,NaN,NaN,NaN,0,0,0,0,4093.32,202,381,376,98.69,22,1986,1980,99.7,571.2,3851,61,1.58,3910,3896,99.64
09/27/2025,11,5GNR,Florida,143,Jacksonville,DT_TALL_DT026,1430605,0,0,0,0,NaN,0,0,0,NaN,0,NaN,0,0,NaN,0,0,NaN,NaN,NaN,NaN,NaN,NaN,NaN,NaN,0,0,0,0,4093.32,202,381,376,98.69,22,1986,1980,99.7,571.2,3851,61,1.58,3910,3896,99.64
09/27/2025,11,5GNR,Florida,143,Jacksonville,DT_TALL_DT026,1430606,0,0,0,0,NaN,0,0,0,NaN,0,NaN,0,0,NaN,0,0,NaN,NaN,NaN,NaN,NaN,NaN,NaN,NaN,0,0,0,0,4093.32,202,381,376,98.69,22,1986,1980,99.7,571.2,3851,61,1.58,3910,3896,99.64
09/27/2025,11,5GNR,Florida,143,Jacksonville,DT_TALL_DT026,1430607,0,0,0,0,NaN,0,0,0,NaN,0,NaN,0,0,NaN,0,0,NaN,NaN,NaN,NaN,NaN,NaN,NaN,NaN,0,0,0,0,4093.32,202,381,376,98.69,22,1986,1980,99.7,571.2,3851,61,1.58,3910,3896,99.64
09/27/2025,11,5GNR,Florida,143,Jacksonville,DT_TALL_DT027,1430608,0,0,0,0,NaN,0,0,0,NaN,0,NaN,0,0,NaN,0,0,NaN,NaN,NaN,NaN,NaN,NaN,NaN,NaN,0,0,0,0,4093.32,202,381,376,98.69,22,1986,1980,99.7,571.2,3851,61,1.58,3910,3896,99.64
09/27/2025,11,5GNR,Florida,143,Jacksonville,DT_TALL_DT027,1430609,0,0,0,0,NaN,0,0,0,NaN,0,NaN,0,0,NaN,0,0,NaN,NaN,NaN,NaN,NaN,NaN,NaN,NaN,0,0,0,0,4093.32,202,381,376,98.69,22,1986,1980,99.7,571.2,3851,61,1.58,3910,3896,99.64
09/27/2025,11,5GNR,Florida,143,Jacksonville,DT_TALL_DT027,1430610,0,0,0,0,NaN,0,0,0,NaN,0,NaN,0,0,NaN,0,0,NaN,NaN,NaN,NaN,NaN,NaN,NaN,NaN,0,0,0,0,4093.32,202,381,376,98.69,22,1986,1980,99.7,571.2,3851,61,1.58,3910,3896,99.64
09/27/2025,11,5GNR,Florida,143,Jacksonville,DT_TALL_DT028,1430611,0,0,0,0,NaN,0,0,0,NaN,0,NaN,0,0,NaN,0,0,NaN,NaN,NaN,NaN,NaN,NaN,NaN,NaN,0,0,0,0,4093.32,202,381,376,98.69,22,1986,1980,99.7,571.2,3851,61,1.58,3910,3896,99.64
09/27/2025,11,5GNR,Florida,143,Jacksonville,DT_TALL_DT028,1430612,0,0,0,0,NaN,0,0,0,NaN,0,NaN,0,0,NaN,0,0,NaN,NaN,NaN,NaN,NaN,NaN,NaN,NaN,0,0,0,0,4093.32,202,381,376,98.69,22,1986,1980,99.7,571.2,3851,61,1.58,3910,3896,99.64
09/27/2025,11,5GNR,Florida,143,Jacksonville,DT_TALL_DT028,1430613,0,0,0,0,NaN,0,0,0,NaN,0,NaN,0,0,NaN,0,0,NaN,NaN,NaN,NaN,NaN,NaN,NaN,NaN,0,0,0,0,4093.32,202,381,376,98.69,22,1986,1980,99.7,571.2,3851,61,1.58,3910,3896,99.64
09/27/2025,11,5GNR,Florida,143,Jacksonville,DT_TALL_DT029,1430581,0,0,0,0,NaN,0,0,0,NaN,0,NaN,0,0,NaN,0,0,NaN,NaN,NaN,NaN,NaN,NaN,NaN,NaN,0,0,0,0,4093.32,202,381,376,98.69,22,1986,1980,99.7,571.2,3851,61,1.58,3910,3896,99.64
09/27/2025,11,5GNR,Florida,143,Jacksonville,DT_TALL_DT029,1430582,0,0,0,0,NaN,0,0,0,NaN,0,NaN,0,0,NaN,0,0,NaN,NaN,NaN,NaN,NaN,NaN,NaN,NaN,0,0,0,0,4093.32,202,381,376,98.69,22,1986,1980,99.7,571.2,3851,61,1.58,3910,3896,99.64
09/27/2025,11,5GNR,Florida,143,Jacksonville,DT_TALL_DT029,1430583,0,0,0,0,NaN,0,0,0,NaN,0,NaN,0,0,NaN,0,0,NaN,NaN,NaN,NaN,NaN,NaN,NaN,NaN,0,0,0,0,4093.32,202,381,376,98.69,22,1986,1980,99.7,571.2,3851,61,1.58,3910,3896,99.64
09/27/2025,11,5GNR,Florida,143,Jacksonville,DT_TALL_DT030,1430584,0,0,0,0,NaN,0,0,0,NaN,0,NaN,0,0,NaN,0,0,NaN,NaN,NaN,NaN,NaN,NaN,NaN,NaN,0,0,0,0,4093.32,202,381,376,98.69,22,1986,1980,99.7,571.2,3851,61,1.58,3910,3896,99.64
09/27/2025,11,5GNR,Florida,143,Jacksonville,DT_TALL_DT030,1430585,0,0,0,0,NaN,0,0,0,NaN,0,NaN,0,0,NaN,0,0,NaN,NaN,NaN,NaN,NaN,NaN,NaN,NaN,0,0,0,0,4093.32,202,381,376,98.69,22,1986,1980,99.7,571.2,3851,61,1.58,3910,3896,99.64
09/27/2025,11,5GNR,Florida,143,Jacksonville,DT_TALL_DT030,1430586,0,0,0,0,NaN,0,0,0,NaN,0,NaN,0,0,NaN,0,0,NaN,NaN,NaN,NaN,NaN,NaN,NaN,NaN,0,0,0,0,4093.32,202,381,376,98.69,22,1986,1980,99.7,571.2,3851,61,1.58,3910,3896,99.64
09/27/2025,11,5GNR,Florida,143,Jacksonville,DT_TALL_DT031,1431295,0,0,0,0,NaN,0,0,0,NaN,0,NaN,0,0,NaN,0,0,NaN,NaN,NaN,NaN,NaN,NaN,NaN,NaN,0,0,0,0,4093.32,202,381,376,98.69,22,1986,1980,99.7,571.2,3851,61,1.58,3910,3896,99.64
09/27/2025,11,5GNR,Florida,143,Jacksonville,DT_TALL_DT031,1431296,0,0,0,0,NaN,0,0,0,NaN,0,NaN,0,0,NaN,0,0,NaN,NaN,NaN,NaN,NaN,NaN,NaN,NaN,0,0,0,0,4093.32,202,381,376,98.69,22,1986,1980,99.7,571.2,3851,61,1.58,3910,3896,99.64
09/27/2025,11,5GNR,Florida,143,Jacksonville,DT_TALL_DT031,1431297,0,0,0,0,NaN,0,0,0,NaN,0,NaN,0,0,NaN,0,0,NaN,NaN,NaN,NaN,NaN,NaN,NaN,NaN,0,0,0,0,4093.32,202,381,376,98.69,22,1986,1980,99.7,571.2,3851,61,1.58,3910,3896,99.64
09/27/2025,11,5GNR,Florida,143,Jacksonville,DT_TALL_DT032,1431347,0,0,0,0,NaN,0,0,0,NaN,0,NaN,0,0,NaN,0,0,NaN,NaN,NaN,NaN,NaN,NaN,NaN,NaN,0,0,0,0,4093.32,202,381,376,98.69,22,1986,1980,99.7,571.2,3851,61,1.58,3910,3896,99.64
09/27/2025,11,5GNR,Florida,143,Jacksonville,DT_TALL_DT032,1431348,0,0,0,0,NaN,0,0,0,NaN,0,NaN,0,0,NaN,0,0,NaN,NaN,NaN,NaN,NaN,NaN,NaN,NaN,0,0,0,0,4093.32,202,381,376,98.69,22,1986,1980,99.7,571.2,3851,61,1.58,3910,3896,99.64
09/27/2025,11,5GNR,Florida,143,Jacksonville,DT_TALL_DT032,1431349,0,0,0,0,NaN,0,0,0,NaN,0,NaN,0,0,NaN,0,0,NaN,NaN,NaN,NaN,NaN,NaN,NaN,NaN,0,0,0,0,4093.32,202,381,376,98.69,22,1986,1980,99.7,571.2,3851,61,1.58,3910,3896,99.64
09/27/2025,11,5GNR,Florida,143,Jacksonville,DT_TALL_DT034,1430620,0,0,0,0,NaN,0,0,0,NaN,0,NaN,0,0,NaN,0,0,NaN,NaN,NaN,NaN,NaN,NaN,NaN,NaN,0,0,0,0,4093.32,202,381,376,98.69,22,1986,1980,99.7,571.2,3851,61,1.58,3910,3896,99.64
09/27/2025,11,5GNR,Florida,143,Jacksonville,DT_TALL_DT034,1430621,0,0,0,0,NaN,0,0,0,NaN,0,NaN,0,0,NaN,0,0,NaN,NaN,NaN,NaN,NaN,NaN,NaN,NaN,0,0,0,0,4093.32,202,381,376,98.69,22,1986,1980,99.7,571.2,3851,61,1.58,3910,3896,99.64
09/27/2025,11,5GNR,Florida,143,Jacksonville,DT_TALL_DT034,1430622,0,0,0,0,NaN,0,0,0,NaN,0,NaN,0,0,NaN,0,0,NaN,NaN,NaN,NaN,NaN,NaN,NaN,NaN,0,0,0,0,4093.32,202,381,376,98.69,22,1986,1980,99.7,571.2,3851,61,1.58,3910,3896,99.64
09/27/2025,11,5GNR,Florida,143,Jacksonville,DT_TALL_DT035,1431375,0,0,0,0,NaN,0,0,0,NaN,0,NaN,0,0,NaN,0,0,NaN,NaN,NaN,NaN,NaN,NaN,NaN,NaN,0,0,0,0,4093.32,202,381,376,98.69,22,1986,1980,99.7,571.2,3851,61,1.58,3910,3896,99.64
09/27/2025,11,5GNR,Florida,143,Jacksonville,DT_TALL_DT035,1431376,0,0,0,0,NaN,0,0,0,NaN,0,NaN,0,0,NaN,0,0,NaN,NaN,NaN,NaN,NaN,NaN,NaN,NaN,0,0,0,0,4093.32,202,381,376,98.69,22,1986,1980,99.7,571.2,3851,61,1.58,3910,3896,99.64
09/27/2025,11,5GNR,Florida,143,Jacksonville,DT_TALL_DT035,1431377,0,0,0,0,NaN,0,0,0,NaN,0,NaN,0,0,NaN,0,0,NaN,NaN,NaN,NaN,NaN,NaN,NaN,NaN,0,0,0,0,4093.32,202,381,376,98.69,22,1986,1980,99.7,571.2,3851,61,1.58,3910,3896,99.64
09/27/2025,11,5GNR,Florida,143,Jacksonville,DT_TALL_DT036,1431363,0,0,0,0,NaN,0,0,0,NaN,0,NaN,0,0,NaN,0,0,NaN,NaN,NaN,NaN,NaN,NaN,NaN,NaN,0,0,0,0,4093.32,202,381,376,98.69,22,1986,1980,99.7,571.2,3851,61,1.58,3910,3896,99.64
09/27/2025,11,5GNR,Florida,143,Jacksonville,DT_TALL_DT036,1431364,0,0,0,0,NaN,0,0,0,NaN,0,NaN,0,0,NaN,0,0,NaN,NaN,NaN,NaN,NaN,NaN,NaN,NaN,0,0,0,0,4093.32,202,381,376,98.69,22,1986,1980,99.7,571.2,3851,61,1.58,3910,3896,99.64
09/27/2025,11,5GNR,Florida,143,Jacksonville,DT_TALL_DT036,1431365,0,0,0,0,NaN,0,0,0,NaN,0,NaN,0,0,NaN,0,0,NaN,NaN,NaN,NaN,NaN,NaN,NaN,NaN,0,0,0,0,4093.32,202,381,376,98.69,22,1986,1980,99.7,571.2,3851,61,1.58,3910,3896,99.64
09/27/2025,11,5GNR,Florida,143,Jacksonville,DT_TALL_DT037,1431369,0,0,0,0,NaN,0,0,0,NaN,0,NaN,0,0,NaN,0,0,NaN,NaN,NaN,NaN,NaN,NaN,NaN,NaN,0,0,0,0,4093.32,202,381,376,98.69,22,1986,1980,99.7,571.2,3851,61,1.58,3910,3896,99.64
09/27/2025,11,5GNR,Florida,143,Jacksonville,DT_TALL_DT037,1431370,0,0,0,0,NaN,0,0,0,NaN,0,NaN,0,0,NaN,0,0,NaN,NaN,NaN,NaN,NaN,NaN,NaN,NaN,0,0,0,0,4093.32,202,381,376,98.69,22,1986,1980,99.7,571.2,3851,61,1.58,3910,3896,99.64
09/27/2025,11,5GNR,Florida,143,Jacksonville,DT_TALL_DT037,1431371,0,0,0,0,NaN,0,0,0,NaN,0,NaN,0,0,NaN,0,0,NaN,NaN,NaN,NaN,NaN,NaN,NaN,NaN,0,0,0,0,4093.32,202,381,376,98.69,22,1986,1980,99.7,571.2,3851,61,1.58,3910,3896,99.64
09/27/2025,11,5GNR,Florida,143,Jacksonville,DT_TALL_DT038,1431372,0,0,0,0,NaN,0,0,0,NaN,0,NaN,0,0,NaN,0,0,NaN,NaN,NaN,NaN,NaN,NaN,NaN,NaN,0,0,0,0,4093.32,202,381,376,98.69,22,1986,1980,99.7,571.2,3851,61,1.58,3910,3896,99.64
09/27/2025,11,5GNR,Florida,143,Jacksonville,DT_TALL_DT038,1431373,0,0,0,0,NaN,0,0,0,NaN,0,NaN,0,0,NaN,0,0,NaN,NaN,NaN,NaN,NaN,NaN,NaN,NaN,0,0,0,0,4093.32,202,381,376,98.69,22,1986,1980,99.7,571.2,3851,61,1.58,3910,3896,99.64
09/27/2025,11,5GNR,Florida,143,Jacksonville,DT_TALL_DT038,1431374,0,0,0,0,NaN,0,0,0,NaN,0,NaN,0,0,NaN,0,0,NaN,NaN,NaN,NaN,NaN,NaN,NaN,NaN,0,0,0,0,4093.32,202,381,376,98.69,22,1986,1980,99.7,571.2,3851,61,1.58,3910,3896,99.64
09/27/2025,11,5GNR,Florida,143,Jacksonville,DT_TALL_DT041,1431344,0,0,0,0,NaN,0,0,0,NaN,0,NaN,0,0,NaN,0,0,NaN,NaN,NaN,NaN,NaN,NaN,NaN,NaN,0,0,0,0,4093.32,202,381,376,98.69,22,1986,1980,99.7,571.2,3851,61,1.58,3910,3896,99.64
09/27/2025,11,5GNR,Florida,143,Jacksonville,DT_TALL_DT041,1431345,0,0,0,0,NaN,0,0,0,NaN,0,NaN,0,0,NaN,0,0,NaN,NaN,NaN,NaN,NaN,NaN,NaN,NaN,0,0,0,0,4093.32,202,381,376,98.69,22,1986,1980,99.7,571.2,3851,61,1.58,3910,3896,99.64
09/27/2025,11,5GNR,Florida,143,Jacksonville,DT_TALL_DT041,1431346,0,0,0,0,NaN,0,0,0,NaN,0,NaN,0,0,NaN,0,0,NaN,NaN,NaN,NaN,NaN,NaN,NaN,NaN,0,0,0,0,4093.32,202,381,376,98.69,22,1986,1980,99.7,571.2,3851,61,1.58,3910,3896,99.64
09/27/2025,11,5GNR,Florida,143,Jacksonville,DUNN_AVE_AND_I295,1437590,0,0,0,0,NaN,0,0,0,NaN,0,NaN,0,0,NaN,0,0,NaN,NaN,NaN,NaN,NaN,NaN,NaN,NaN,0,0,0,0,4093.32,202,381,376,98.69,22,1986,1980,99.7,571.2,3851,61,1.58,3910,3896,99.64
09/27/2025,11,5GNR,Florida,143,Jacksonville,DUNN_AVE_AND_I295,1439590,0,0,0,0,NaN,0,0,0,NaN,0,NaN,0,0,NaN,0,0,NaN,NaN,NaN,NaN,NaN,NaN,NaN,NaN,0,0,0,0,4093.32,202,381,376,98.69,22,1986,1980,99.7,571.2,3851,61,1.58,3910,3896,99.64
09/27/2025,11,5GNR,Florida,143,Jacksonville,EAGLES_NEST,1437494,0,0,0,0,NaN,0,0,0,NaN,0,NaN,0,0,NaN,0,0,NaN,NaN,NaN,NaN,NaN,NaN,NaN,NaN,0,0,0,0,4093.32,202,381,376,98.69,22,1986,1980,99.7,571.2,3851,61,1.58,3910,3896,99.64
09/27/2025,11,5GNR,Florida,143,Jacksonville,EAGLES_NEST,1439494,0,0,0,0,NaN,0,0,0,NaN,0,NaN,0,0,NaN,0,0,NaN,NaN,NaN,NaN,NaN,NaN,NaN,NaN,0,0,0,0,4093.32,202,381,376,98.69,22,1986,1980,99.7,571.2,3851,61,1.58,3910,3896,99.64
09/27/2025,11,5GNR,Florida,143,Jacksonville,EAGLES_NEST,4439494,0,0,0,0,NaN,0,0,0,NaN,0,NaN,0,0,NaN,0,0,NaN,NaN,NaN,NaN,NaN,NaN,NaN,NaN,0,0,0,0,4093.32,202,381,376,98.69,22,1986,1980,99.7,571.2,3851,61,1.58,3910,3896,99.64
09/27/2025,11,5GNR,Florida,143,Jacksonville,EARLETON,1439637,0,0,0,0,NaN,0,0,0,NaN,0,NaN,0,0,NaN,0,0,NaN,NaN,NaN,NaN,NaN,NaN,NaN,NaN,0,0,0,0,4093.32,202,381,376,98.69,22,1986,1980,99.7,571.2,3851,61,1.58,3910,3896,99.64
09/27/2025,11,5GNR,Florida,143,Jacksonville,EAST_JAX_DWTN_STORE,1431250,0,0,0,0,NaN,0,0,0,NaN,0,NaN,0,0,NaN,0,0,NaN,NaN,NaN,NaN,NaN,NaN,NaN,NaN,0,0,0,0,4093.32,202,381,376,98.69,22,1986,1980,99.7,571.2,3851,61,1.58,3910,3896,99.64
09/27/2025,11,5GNR,Florida,143,Jacksonville,EAST_JAX_DWTN_STORE,1431251,0,0,0,0,NaN,0,0,0,NaN,0,NaN,0,0,NaN,0,0,NaN,NaN,NaN,NaN,NaN,NaN,NaN,NaN,0,0,0,0,4093.32,202,381,376,98.69,22,1986,1980,99.7,571.2,3851,61,1.58,3910,3896,99.64
09/27/2025,11,5GNR,Florida,143,Jacksonville,EAST_JAX_DWTN_STORE,1431252,0,0,0,0,NaN,0,0,0,NaN,0,NaN,0,0,NaN,0,0,NaN,NaN,NaN,NaN,NaN,NaN,NaN,NaN,0,0,0,0,4093.32,202,381,376,98.69,22,1986,1980,99.7,571.2,3851,61,1.58,3910,3896,99.64
09/27/2025,11,5GNR,Florida,143,Jacksonville,EFI_INC,1439288,0,0,0,0,NaN,0,0,0,NaN,0,NaN,0,0,NaN,0,0,NaN,NaN,NaN,NaN,NaN,NaN,NaN,NaN,0,0,0,0,4093.32,202,381,376,98.69,22,1986,1980,99.7,571.2,3851,61,1.58,3910,3896,99.64
09/27/2025,11,5GNR,Florida,143,Jacksonville,EFI_INC,4439288,0,0,0,0,NaN,0,0,0,NaN,0,NaN,0,0,NaN,0,0,NaN,NaN,NaN,NaN,NaN,NaN,NaN,NaN,0,0,0,0,4093.32,202,381,376,98.69,22,1986,1980,99.7,571.2,3851,61,1.58,3910,3896,99.64
09/27/2025,11,5GNR,Florida,143,Jacksonville,EI_BEACH_BLVD,1437292,0,0,0,0,NaN,0,0,0,NaN,0,NaN,0,0,NaN,0,0,NaN,NaN,NaN,NaN,NaN,NaN,NaN,NaN,0,0,0,0,4093.32,202,381,376,98.69,22,1986,1980,99.7,571.2,3851,61,1.58,3910,3896,99.64
09/27/2025,11,5GNR,Florida,143,Jacksonville,EVERBANK_STADIUM,1431261,0,0,0,0,NaN,0,0,0,NaN,0,NaN,0,0,NaN,0,0,NaN,NaN,NaN,NaN,NaN,NaN,NaN,NaN,0,0,0,0,4093.32,202,381,376,98.69,22,1986,1980,99.7,571.2,3851,61,1.58,3910,3896,99.64
09/27/2025,11,5GNR,Florida,143,Jacksonville,EVERBANK_STADIUM,1431262,0,0,0,0,NaN,0,0,0,NaN,0,NaN,0,0,NaN,0,0,NaN,NaN,NaN,NaN,NaN,NaN,NaN,NaN,0,0,0,0,4093.32,202,381,376,98.69,22,1986,1980,99.7,571.2,3851,61,1.58,3910,3896,99.64
09/27/2025,11,5GNR,Florida,143,Jacksonville,EVERBANK_STADIUM,1431263,0,0,0,0,NaN,0,0,0,NaN,0,NaN,0,0,NaN,0,0,NaN,NaN,NaN,NaN,NaN,NaN,NaN,NaN,0,0,0,0,4093.32,202,381,376,98.69,22,1986,1980,99.7,571.2,3851,61,1.58,3910,3896,99.64
09/27/2025,11,5GNR,Florida,143,Jacksonville,EVERBANK_STADIUM,1431264,0,0,0,0,NaN,0,0,0,NaN,0,NaN,0,0,NaN,0,0,NaN,NaN,NaN,NaN,NaN,NaN,NaN,NaN,0,0,0,0,4093.32,202,381,376,98.69,22,1986,1980,99.7,571.2,3851,61,1.58,3910,3896,99.64
09/27/2025,11,5GNR,Florida,143,Jacksonville,EVERBANK_STADIUM,1431265,0,0,0,0,NaN,0,0,0,NaN,0,NaN,0,0,NaN,0,0,NaN,NaN,NaN,NaN,NaN,NaN,NaN,NaN,0,0,0,0,4093.32,202,381,376,98.69,22,1986,1980,99.7,571.2,3851,61,1.58,3910,3896,99.64
09/27/2025,11,5GNR,Florida,143,Jacksonville,EVERBANK_STADIUM,1431266,0,0,0,0,NaN,0,0,0,NaN,0,NaN,0,0,NaN,0,0,NaN,NaN,NaN,NaN,NaN,NaN,NaN,NaN,0,0,0,0,4093.32,202,381,376,98.69,22,1986,1980,99.7,571.2,3851,61,1.58,3910,3896,99.64
09/27/2025,11,5GNR,Florida,143,Jacksonville,EVERBANK_STADIUM,1431267,0,0,0,0,NaN,0,0,0,NaN,0,NaN,0,0,NaN,0,0,NaN,NaN,NaN,NaN,NaN,NaN,NaN,NaN,0,0,0,0,4093.32,202,381,376,98.69,22,1986,1980,99.7,571.2,3851,61,1.58,3910,3896,99.64
09/27/2025,11,5GNR,Florida,143,Jacksonville,EVERBANK_STADIUM,1431268,0,0,0,0,NaN,0,0,0,NaN,0,NaN,0,0,NaN,0,0,NaN,NaN,NaN,NaN,NaN,NaN,NaN,NaN,0,0,0,0,4093.32,202,381,376,98.69,22,1986,1980,99.7,571.2,3851,61,1.58,3910,3896,99.64
09/27/2025,11,5GNR,Florida,143,Jacksonville,EVERBANK_STADIUM,1431269,0,0,0,0,NaN,0,0,0,NaN,0,NaN,0,0,NaN,0,0,NaN,NaN,NaN,NaN,NaN,NaN,NaN,NaN,0,0,0,0,4093.32,202,381,376,98.69,22,1986,1980,99.7,571.2,3851,61,1.58,3910,3896,99.64
09/27/2025,11,5GNR,Florida,143,Jacksonville,EVERBANK_STADIUM,1431270,0,0,0,0,NaN,0,0,0,NaN,0,NaN,0,0,NaN,0,0,NaN,NaN,NaN,NaN,NaN,NaN,NaN,NaN,0,0,0,0,4093.32,202,381,376,98.69,22,1986,1980,99.7,571.2,3851,61,1.58,3910,3896,99.64
09/27/2025,11,5GNR,Florida,143,Jacksonville,EVERBANK_STADIUM,1431271,0,0,0,0,NaN,0,0,0,NaN,0,NaN,0,0,NaN,0,0,NaN,NaN,NaN,NaN,NaN,NaN,NaN,NaN,0,0,0,0,4093.32,202,381,376,98.69,22,1986,1980,99.7,571.2,3851,61,1.58,3910,3896,99.64
09/27/2025,11,5GNR,Florida,143,Jacksonville,EVERBANK_STADIUM,1431272,0,0,0,0,NaN,0,0,0,NaN,0,NaN,0,0,NaN,0,0,NaN,NaN,NaN,NaN,NaN,NaN,NaN,NaN,0,0,0,0,4093.32,202,381,376,98.69,22,1986,1980,99.7,571.2,3851,61,1.58,3910,3896,99.64
09/27/2025,11,5GNR,Florida,143,Jacksonville,EVERBANK_STADIUM,1431273,0,0,0,0,NaN,0,0,0,NaN,0,NaN,0,0,NaN,0,0,NaN,NaN,NaN,NaN,NaN,NaN,NaN,NaN,0,0,0,0,4093.32,202,381,376,98.69,22,1986,1980,99.7,571.2,3851,61,1.58,3910,3896,99.64
09/27/2025,11,5GNR,Florida,143,Jacksonville,EVERBANK_STADIUM,1431274,0,0,0,0,NaN,0,0,0,NaN,0,NaN,0,0,NaN,0,0,NaN,NaN,NaN,NaN,NaN,NaN,NaN,NaN,0,0,0,0,4093.32,202,381,376,98.69,22,1986,1980,99.7,571.2,3851,61,1.58,3910,3896,99.64
09/27/2025,11,5GNR,Florida,143,Jacksonville,EVERBANK_STADIUM,1431275,0,0,0,0,NaN,0,0,0,NaN,0,NaN,0,0,NaN,0,0,NaN,NaN,NaN,NaN,NaN,NaN,NaN,NaN,0,0,0,0,4093.32,202,381,376,98.69,22,1986,1980,99.7,571.2,3851,61,1.58,3910,3896,99.64
09/27/2025,11,5GNR,Florida,143,Jacksonville,EVERBANK_STADIUM,1431276,0,0,0,0,NaN,0,0,0,NaN,0,NaN,0,0,NaN,0,0,NaN,NaN,NaN,NaN,NaN,NaN,NaN,NaN,0,0,0,0,4093.32,202,381,376,98.69,22,1986,1980,99.7,571.2,3851,61,1.58,3910,3896,99.64
09/27/2025,11,5GNR,Florida,143,Jacksonville,EVERBANK_STADIUM,1431277,0,0,0,0,NaN,0,0,0,NaN,0,NaN,0,0,NaN,0,0,NaN,NaN,NaN,NaN,NaN,NaN,NaN,NaN,0,0,0,0,4093.32,202,381,376,98.69,22,1986,1980,99.7,571.2,3851,61,1.58,3910,3896,99.64
09/27/2025,11,5GNR,Florida,143,Jacksonville,EVERBANK_STADIUM,1431278,0,0,0,0,NaN,0,0,0,NaN,0,NaN,0,0,NaN,0,0,NaN,NaN,NaN,NaN,NaN,NaN,NaN,NaN,0,0,0,0,4093.32,202,381,376,98.69,22,1986,1980,99.7,571.2,3851,61,1.58,3910,3896,99.64
09/27/2025,11,5GNR,Florida,143,Jacksonville,EVERBANK_STADIUM,1431279,0,0,0,0,NaN,0,0,0,NaN,0,NaN,0,0,NaN,0,0,NaN,NaN,NaN,NaN,NaN,NaN,NaN,NaN,0,0,0,0,4093.32,202,381,376,98.69,22,1986,1980,99.7,571.2,3851,61,1.58,3910,3896,99.64
09/27/2025,11,5GNR,Florida,143,Jacksonville,EVERBANK_STADIUM,1431280,0,0,0,0,NaN,0,0,0,NaN,0,NaN,0,0,NaN,0,0,NaN,NaN,NaN,NaN,NaN,NaN,NaN,NaN,0,0,0,0,4093.32,202,381,376,98.69,22,1986,1980,99.7,571.2,3851,61,1.58,3910,3896,99.64
09/27/2025,11,5GNR,Florida,143,Jacksonville,EVERBANK_STADIUM,1431281,0,0,0,0,NaN,0,0,0,NaN,0,NaN,0,0,NaN,0,0,NaN,NaN,NaN,NaN,NaN,NaN,NaN,NaN,0,0,0,0,4093.32,202,381,376,98.69,22,1986,1980,99.7,571.2,3851,61,1.58,3910,3896,99.64
09/27/2025,11,5GNR,Florida,143,Jacksonville,EVERBANK_STADIUM,1431282,0,0,0,0,NaN,0,0,0,NaN,0,NaN,0,0,NaN,0,0,NaN,NaN,NaN,NaN,NaN,NaN,NaN,NaN,0,0,0,0,4093.32,202,381,376,98.69,22,1986,1980,99.7,571.2,3851,61,1.58,3910,3896,99.64
09/27/2025,11,5GNR,Florida,143,Jacksonville,EVERBANK_STADIUM,1431283,0,0,0,0,NaN,0,0,0,NaN,0,NaN,0,0,NaN,0,0,NaN,NaN,NaN,NaN,NaN,NaN,NaN,NaN,0,0,0,0,4093.32,202,381,376,98.69,22,1986,1980,99.7,571.2,3851,61,1.58,3910,3896,99.64
09/27/2025,11,5GNR,Florida,143,Jacksonville,EVERBANK_STADIUM,1431284,0,0,0,0,NaN,0,0,0,NaN,0,NaN,0,0,NaN,0,0,NaN,NaN,NaN,NaN,NaN,NaN,NaN,NaN,0,0,0,0,4093.32,202,381,376,98.69,22,1986,1980,99.7,571.2,3851,61,1.58,3910,3896,99.64
09/27/2025,11,5GNR,Florida,143,Jacksonville,EVERBANK_STADIUM,1431285,0,0,0,0,NaN,0,0,0,NaN,0,NaN,0,0,NaN,0,0,NaN,NaN,NaN,NaN,NaN,NaN,NaN,NaN,0,0,0,0,4093.32,202,381,376,98.69,22,1986,1980,99.7,571.2,3851,61,1.58,3910,3896,99.64
09/27/2025,11,5GNR,Florida,143,Jacksonville,EVERBANK_STADIUM,1431286,0,0,0,0,NaN,0,0,0,NaN,0,NaN,0,0,NaN,0,0,NaN,NaN,NaN,NaN,NaN,NaN,NaN,NaN,0,0,0,0,4093.32,202,381,376,98.69,22,1986,1980,99.7,571.2,3851,61,1.58,3910,3896,99.64
09/27/2025,11,5GNR,Florida,143,Jacksonville,EVERBANK_STADIUM,1431287,0,0,0,0,NaN,0,0,0,NaN,0,NaN,0,0,NaN,0,0,NaN,NaN,NaN,NaN,NaN,NaN,NaN,NaN,0,0,0,0,4093.32,202,381,376,98.69,22,1986,1980,99.7,571.2,3851,61,1.58,3910,3896,99.64
09/27/2025,11,5GNR,Florida,143,Jacksonville,EVERBANK_STADIUM,1439741,0,0,0,0,NaN,0,0,0,NaN,0,NaN,0,0,NaN,0,0,NaN,NaN,NaN,NaN,NaN,NaN,NaN,NaN,0,0,0,0,4093.32,202,381,376,98.69,22,1986,1980,99.7,571.2,3851,61,1.58,3910,3896,99.64
09/27/2025,11,5GNR,Florida,143,Jacksonville,EVERBANK_STADIUM,1439742,0,0,0,0,NaN,0,0,0,NaN,0,NaN,0,0,NaN,0,0,NaN,NaN,NaN,NaN,NaN,NaN,NaN,NaN,0,0,0,0,4093.32,202,381,376,98.69,22,1986,1980,99.7,571.2,3851,61,1.58,3910,3896,99.64
09/27/2025,11,5GNR,Florida,143,Jacksonville,EVERBANK_STADIUM,1439743,0,0,0,0,NaN,0,0,0,NaN,0,NaN,0,0,NaN,0,0,NaN,NaN,NaN,NaN,NaN,NaN,NaN,NaN,0,0,0,0,4093.32,202,381,376,98.69,22,1986,1980,99.7,571.2,3851,61,1.58,3910,3896,99.64
09/27/2025,11,5GNR,Florida,143,Jacksonville,EVERBANK_STADIUM,1439744,0,0,0,0,NaN,0,0,0,NaN,0,NaN,0,0,NaN,0,0,NaN,NaN,NaN,NaN,NaN,NaN,NaN,NaN,0,0,0,0,4093.32,202,381,376,98.69,22,1986,1980,99.7,571.2,3851,61,1.58,3910,3896,99.64
09/27/2025,11,5GNR,Florida,143,Jacksonville,EVERBANK_STADIUM,1439745,0,0,0,0,NaN,0,0,0,NaN,0,NaN,0,0,NaN,0,0,NaN,NaN,NaN,NaN,NaN,NaN,NaN,NaN,0,0,0,0,4093.32,202,381,376,98.69,22,1986,1980,99.7,571.2,3851,61,1.58,3910,3896,99.64
09/27/2025,11,5GNR,Florida,143,Jacksonville,EVERBANK_STADIUM,1439746,0,0,0,0,NaN,0,0,0,NaN,0,NaN,0,0,NaN,0,0,NaN,NaN,NaN,NaN,NaN,NaN,NaN,NaN,0,0,0,0,4093.32,202,381,376,98.69,22,1986,1980,99.7,571.2,3851,61,1.58,3910,3896,99.64
09/27/2025,11,5GNR,Florida,143,Jacksonville,EVERBANK_STADIUM,1439990,0,0,0,0,NaN,0,0,0,NaN,0,NaN,0,0,NaN,0,0,NaN,NaN,NaN,NaN,NaN,NaN,NaN,NaN,0,0,0,0,4093.32,202,381,376,98.69,22,1986,1980,99.7,571.2,3851,61,1.58,3910,3896,99.64
09/27/2025,11,5GNR,Florida,143,Jacksonville,EVERBANK_STADIUM,1439991,0,0,0,0,NaN,0,0,0,NaN,0,NaN,0,0,NaN,0,0,NaN,NaN,NaN,NaN,NaN,NaN,NaN,NaN,0,0,0,0,4093.32,202,381,376,98.69,22,1986,1980,99.7,571.2,3851,61,1.58,3910,3896,99.64
09/27/2025,11,5GNR,Florida,143,Jacksonville,EVERBANK_STADIUM,7439741,0,0,0,0,NaN,0,0,0,NaN,0,NaN,0,0,NaN,0,0,NaN,NaN,NaN,NaN,NaN,NaN,NaN,NaN,0,0,0,0,4093.32,202,381,376,98.69,22,1986,1980,99.7,571.2,3851,61,1.58,3910,3896,99.64
09/27/2025,11,5GNR,Florida,143,Jacksonville,EVERBANK_STADIUM,7439742,0,0,0,0,NaN,0,0,0,NaN,0,NaN,0,0,NaN,0,0,NaN,NaN,NaN,NaN,NaN,NaN,NaN,NaN,0,0,0,0,4093.32,202,381,376,98.69,22,1986,1980,99.7,571.2,3851,61,1.58,3910,3896,99.64
09/27/2025,11,5GNR,Florida,143,Jacksonville,EVERBANK_STADIUM,7439743,0,0,0,0,NaN,0,0,0,NaN,0,NaN,0,0,NaN,0,0,NaN,NaN,NaN,NaN,NaN,NaN,NaN,NaN,0,0,0,0,4093.32,202,381,376,98.69,22,1986,1980,99.7,571.2,3851,61,1.58,3910,3896,99.64
09/27/2025,11,5GNR,Florida,143,Jacksonville,EVERBANK_STADIUM,7439744,0,0,0,0,NaN,0,0,0,NaN,0,NaN,0,0,NaN,0,0,NaN,NaN,NaN,NaN,NaN,NaN,NaN,NaN,0,0,0,0,4093.32,202,381,376,98.69,22,1986,1980,99.7,571.2,3851,61,1.58,3910,3896,99.64
09/27/2025,11,5GNR,Florida,143,Jacksonville,EVERBANK_STADIUM,7439745,0,0,0,0,NaN,0,0,0,NaN,0,NaN,0,0,NaN,0,0,NaN,NaN,NaN,NaN,NaN,NaN,NaN,NaN,0,0,0,0,4093.32,202,381,376,98.69,22,1986,1980,99.7,571.2,3851,61,1.58,3910,3896,99.64
09/27/2025,11,5GNR,Florida,143,Jacksonville,FAIRBANKS,1439681,0,0,0,0,NaN,0,0,0,NaN,0,NaN,0,0,NaN,0,0,NaN,NaN,NaN,NaN,NaN,NaN,NaN,NaN,0,0,0,0,4093.32,202,381,376,98.69,22,1986,1980,99.7,571.2,3851,61,1.58,3910,3896,99.64
09/27/2025,11,5GNR,Florida,143,Jacksonville,FAMU_VICINITY_FV005,1430302,0,0,0,0,NaN,0,0,0,NaN,0,NaN,0,0,NaN,0,0,NaN,NaN,NaN,NaN,NaN,NaN,NaN,NaN,0,0,0,0,4093.32,202,381,376,98.69,22,1986,1980,99.7,571.2,3851,61,1.58,3910,3896,99.64
09/27/2025,11,5GNR,Florida,143,Jacksonville,FAMU_VICINITY_FV005,1430303,0,0,0,0,NaN,0,0,0,NaN,0,NaN,0,0,NaN,0,0,NaN,NaN,NaN,NaN,NaN,NaN,NaN,NaN,0,0,0,0,4093.32,202,381,376,98.69,22,1986,1980,99.7,571.2,3851,61,1.58,3910,3896,99.64
09/27/2025,11,5GNR,Florida,143,Jacksonville,FAMU_VICINITY_FV005,1430304,0,0,0,0,NaN,0,0,0,NaN,0,NaN,0,0,NaN,0,0,NaN,NaN,NaN,NaN,NaN,NaN,NaN,NaN,0,0,0,0,4093.32,202,381,376,98.69,22,1986,1980,99.7,571.2,3851,61,1.58,3910,3896,99.64
09/27/2025,11,5GNR,Florida,143,Jacksonville,FAMU_VICINITY_FV011,1430278,0,0,0,0,NaN,0,0,0,NaN,0,NaN,0,0,NaN,0,0,NaN,NaN,NaN,NaN,NaN,NaN,NaN,NaN,0,0,0,0,4093.32,202,381,376,98.69,22,1986,1980,99.7,571.2,3851,61,1.58,3910,3896,99.64
09/27/2025,11,5GNR,Florida,143,Jacksonville,FAMU_VICINITY_FV011,1430279,0,0,0,0,NaN,0,0,0,NaN,0,NaN,0,0,NaN,0,0,NaN,NaN,NaN,NaN,NaN,NaN,NaN,NaN,0,0,0,0,4093.32,202,381,376,98.69,22,1986,1980,99.7,571.2,3851,61,1.58,3910,3896,99.64
09/27/2025,11,5GNR,Florida,143,Jacksonville,FAMU_VICINITY_FV011,1430280,0,0,0,0,NaN,0,0,0,NaN,0,NaN,0,0,NaN,0,0,NaN,NaN,NaN,NaN,NaN,NaN,NaN,NaN,0,0,0,0,4093.32,202,381,376,98.69,22,1986,1980,99.7,571.2,3851,61,1.58,3910,3896,99.64
09/27/2025,11,5GNR,Florida,143,Jacksonville,FAMU_VICINITY_FV012,1430281,0,0,0,0,NaN,0,0,0,NaN,0,NaN,0,0,NaN,0,0,NaN,NaN,NaN,NaN,NaN,NaN,NaN,NaN,0,0,0,0,4093.32,202,381,376,98.69,22,1986,1980,99.7,571.2,3851,61,1.58,3910,3896,99.64
09/27/2025,11,5GNR,Florida,143,Jacksonville,FAMU_VICINITY_FV012,1430282,0,0,0,0,NaN,0,0,0,NaN,0,NaN,0,0,NaN,0,0,NaN,NaN,NaN,NaN,NaN,NaN,NaN,NaN,0,0,0,0,4093.32,202,381,376,98.69,22,1986,1980,99.7,571.2,3851,61,1.58,3910,3896,99.64
09/27/2025,11,5GNR,Florida,143,Jacksonville,FAMU_VICINITY_FV012,1430283,0,0,0,0,NaN,0,0,0,NaN,0,NaN,0,0,NaN,0,0,NaN,NaN,NaN,NaN,NaN,NaN,NaN,NaN,0,0,0,0,4093.32,202,381,376,98.69,22,1986,1980,99.7,571.2,3851,61,1.58,3910,3896,99.64
09/27/2025,11,5GNR,Florida,143,Jacksonville,FAMU_VICINITY_FV013,1430284,0,0,0,0,NaN,0,0,0,NaN,0,NaN,0,0,NaN,0,0,NaN,NaN,NaN,NaN,NaN,NaN,NaN,NaN,0,0,0,0,4093.32,202,381,376,98.69,22,1986,1980,99.7,571.2,3851,61,1.58,3910,3896,99.64
09/27/2025,11,5GNR,Florida,143,Jacksonville,FAMU_VICINITY_FV013,1430285,0,0,0,0,NaN,0,0,0,NaN,0,NaN,0,0,NaN,0,0,NaN,NaN,NaN,NaN,NaN,NaN,NaN,NaN,0,0,0,0,4093.32,202,381,376,98.69,22,1986,1980,99.7,571.2,3851,61,1.58,3910,3896,99.64
09/27/2025,11,5GNR,Florida,143,Jacksonville,FAMU_VICINITY_FV013,1430286,0,0,0,0,NaN,0,0,0,NaN,0,NaN,0,0,NaN,0,0,NaN,NaN,NaN,NaN,NaN,NaN,NaN,NaN,0,0,0,0,4093.32,202,381,376,98.69,22,1986,1980,99.7,571.2,3851,61,1.58,3910,3896,99.64
09/27/2025,11,5GNR,Florida,143,Jacksonville,FLORIDA_ROCK,1439253,0,0,0,0,NaN,0,0,0,NaN,0,NaN,0,0,NaN,0,0,NaN,NaN,NaN,NaN,NaN,NaN,NaN,NaN,0,0,0,0,4093.32,202,381,376,98.69,22,1986,1980,99.7,571.2,3851,61,1.58,3910,3896,99.64
09/27/2025,11,5GNR,Florida,143,Jacksonville,FLORIDA_ROCK,4439253,0,0,0,0,NaN,0,0,0,NaN,0,NaN,0,0,NaN,0,0,NaN,NaN,NaN,NaN,NaN,NaN,NaN,NaN,0,0,0,0,4093.32,202,381,376,98.69,22,1986,1980,99.7,571.2,3851,61,1.58,3910,3896,99.64
09/27/2025,11,5GNR,Florida,143,Jacksonville,FOREST_TRAIL_INV,1439208,0,0,0,0,NaN,0,0,0,NaN,0,NaN,0,0,NaN,0,0,NaN,NaN,NaN,NaN,NaN,NaN,NaN,NaN,0,0,0,0,4093.32,202,381,376,98.69,22,1986,1980,99.7,571.2,3851,61,1.58,3910,3896,99.64
09/27/2025,11,5GNR,Florida,143,Jacksonville,FORT_CAROLINE,1439011,0,0,0,0,NaN,0,0,0,NaN,0,NaN,0,0,NaN,0,0,NaN,NaN,NaN,NaN,NaN,NaN,NaN,NaN,0,0,0,0,4093.32,202,381,376,98.69,22,1986,1980,99.7,571.2,3851,61,1.58,3910,3896,99.64
09/27/2025,11,5GNR,Florida,143,Jacksonville,FORT_CAROLINE,4439011,0,0,0,0,NaN,0,0,0,NaN,0,NaN,0,0,NaN,0,0,NaN,NaN,NaN,NaN,NaN,NaN,NaN,NaN,0,0,0,0,4093.32,202,381,376,98.69,22,1986,1980,99.7,571.2,3851,61,1.58,3910,3896,99.64
09/27/2025,11,5GNR,Florida,143,Jacksonville,FORT_UNION,1439973,0,0,0,0,NaN,0,0,0,NaN,0,NaN,0,0,NaN,0,0,NaN,NaN,NaN,NaN,NaN,NaN,NaN,NaN,0,0,0,0,4093.32,202,381,376,98.69,22,1986,1980,99.7,571.2,3851,61,1.58,3910,3896,99.64
09/27/2025,11,5GNR,Florida,143,Jacksonville,FORT_WHITE,1439628,0,0,0,0,NaN,0,0,0,NaN,0,NaN,0,0,NaN,0,0,NaN,NaN,NaN,NaN,NaN,NaN,NaN,NaN,0,0,0,0,4093.32,202,381,376,98.69,22,1986,1980,99.7,571.2,3851,61,1.58,3910,3896,99.64
09/27/2025,11,5GNR,Florida,143,Jacksonville,FOUR_POINTS_JAX_BCH,1437364,0,0,0,0,NaN,0,0,0,NaN,0,NaN,0,0,NaN,0,0,NaN,NaN,NaN,NaN,NaN,NaN,NaN,NaN,0,0,0,0,4093.32,202,381,376,98.69,22,1986,1980,99.7,571.2,3851,61,1.58,3910,3896,99.64
09/27/2025,11,5GNR,Florida,143,Jacksonville,FOUR_POINTS_JAX_BCH,1439364,0,0,0,0,NaN,0,0,0,NaN,0,NaN,0,0,NaN,0,0,NaN,NaN,NaN,NaN,NaN,NaN,NaN,NaN,0,0,0,0,4093.32,202,381,376,98.69,22,1986,1980,99.7,571.2,3851,61,1.58,3910,3896,99.64
09/27/2025,11,5GNR,Florida,143,Jacksonville,FSU,1430662,0,0,0,0,NaN,0,0,0,NaN,0,NaN,0,0,NaN,0,0,NaN,NaN,NaN,NaN,NaN,NaN,NaN,NaN,0,0,0,0,4093.32,202,381,376,98.69,22,1986,1980,99.7,571.2,3851,61,1.58,3910,3896,99.64
09/27/2025,11,5GNR,Florida,143,Jacksonville,FSU,1430663,0,0,0,0,NaN,0,0,0,NaN,0,NaN,0,0,NaN,0,0,NaN,NaN,NaN,NaN,NaN,NaN,NaN,NaN,0,0,0,0,4093.32,202,381,376,98.69,22,1986,1980,99.7,571.2,3851,61,1.58,3910,3896,99.64
09/27/2025,11,5GNR,Florida,143,Jacksonville,FSU,1430664,0,0,0,0,NaN,0,0,0,NaN,0,NaN,0,0,NaN,0,0,NaN,NaN,NaN,NaN,NaN,NaN,NaN,NaN,0,0,0,0,4093.32,202,381,376,98.69,22,1986,1980,99.7,571.2,3851,61,1.58,3910,3896,99.64
09/27/2025,11,5GNR,Florida,143,Jacksonville,FSU_STADIUM,1431413,0,0,0,0,NaN,0,0,0,NaN,0,NaN,0,0,NaN,0,0,NaN,NaN,NaN,NaN,NaN,NaN,NaN,NaN,0,0,0,0,4093.32,202,381,376,98.69,22,1986,1980,99.7,571.2,3851,61,1.58,3910,3896,99.64
09/27/2025,11,5GNR,Florida,143,Jacksonville,FSU_STADIUM,1431414,0,0,0,0,NaN,0,0,0,NaN,0,NaN,0,0,NaN,0,0,NaN,NaN,NaN,NaN,NaN,NaN,NaN,NaN,0,0,0,0,4093.32,202,381,376,98.69,22,1986,1980,99.7,571.2,3851,61,1.58,3910,3896,99.64
09/27/2025,11,5GNR,Florida,143,Jacksonville,FSU_STADIUM,1431415,0,0,0,0,NaN,0,0,0,NaN,0,NaN,0,0,NaN,0,0,NaN,NaN,NaN,NaN,NaN,NaN,NaN,NaN,0,0,0,0,4093.32,202,381,376,98.69,22,1986,1980,99.7,571.2,3851,61,1.58,3910,3896,99.64
09/27/2025,11,5GNR,Florida,143,Jacksonville,FSU_STADIUM,1431416,0,0,0,0,NaN,0,0,0,NaN,0,NaN,0,0,NaN,0,0,NaN,NaN,NaN,NaN,NaN,NaN,NaN,NaN,0,0,0,0,4093.32,202,381,376,98.69,22,1986,1980,99.7,571.2,3851,61,1.58,3910,3896,99.64
09/27/2025,11,5GNR,Florida,143,Jacksonville,FSU_STADIUM,1431417,0,0,0,0,NaN,0,0,0,NaN,0,NaN,0,0,NaN,0,0,NaN,NaN,NaN,NaN,NaN,NaN,NaN,NaN,0,0,0,0,4093.32,202,381,376,98.69,22,1986,1980,99.7,571.2,3851,61,1.58,3910,3896,99.64
09/27/2025,11,5GNR,Florida,143,Jacksonville,FSU_STADIUM,1437177,0,0,0,0,NaN,0,0,0,NaN,0,NaN,0,0,NaN,0,0,NaN,NaN,NaN,NaN,NaN,NaN,NaN,NaN,0,0,0,0,4093.32,202,381,376,98.69,22,1986,1980,99.7,571.2,3851,61,1.58,3910,3896,99.64
09/27/2025,11,5GNR,Florida,143,Jacksonville,FSU_STADIUM,1437178,0,0,0,0,NaN,0,0,0,NaN,0,NaN,0,0,NaN,0,0,NaN,NaN,NaN,NaN,NaN,NaN,NaN,NaN,0,0,0,0,4093.32,202,381,376,98.69,22,1986,1980,99.7,571.2,3851,61,1.58,3910,3896,99.64
09/27/2025,11,5GNR,Florida,143,Jacksonville,FSU_STADIUM_E_FSE001,1430632,0,0,0,0,NaN,0,0,0,NaN,0,NaN,0,0,NaN,0,0,NaN,NaN,NaN,NaN,NaN,NaN,NaN,NaN,0,0,0,0,4093.32,202,381,376,98.69,22,1986,1980,99.7,571.2,3851,61,1.58,3910,3896,99.64
09/27/2025,11,5GNR,Florida,143,Jacksonville,FSU_STADIUM_E_FSE001,1430633,0,0,0,0,NaN,0,0,0,NaN,0,NaN,0,0,NaN,0,0,NaN,NaN,NaN,NaN,NaN,NaN,NaN,NaN,0,0,0,0,4093.32,202,381,376,98.69,22,1986,1980,99.7,571.2,3851,61,1.58,3910,3896,99.64
09/27/2025,11,5GNR,Florida,143,Jacksonville,FSU_STADIUM_E_FSE001,1430634,0,0,0,0,NaN,0,0,0,NaN,0,NaN,0,0,NaN,0,0,NaN,NaN,NaN,NaN,NaN,NaN,NaN,NaN,0,0,0,0,4093.32,202,381,376,98.69,22,1986,1980,99.7,571.2,3851,61,1.58,3910,3896,99.64
09/27/2025,11,5GNR,Florida,143,Jacksonville,FSU_STADIUM_E_FSE002,1430635,0,0,0,0,NaN,0,0,0,NaN,0,NaN,0,0,NaN,0,0,NaN,NaN,NaN,NaN,NaN,NaN,NaN,NaN,0,0,0,0,4093.32,202,381,376,98.69,22,1986,1980,99.7,571.2,3851,61,1.58,3910,3896,99.64
09/27/2025,11,5GNR,Florida,143,Jacksonville,FSU_STADIUM_E_FSE002,1430636,0,0,0,0,NaN,0,0,0,NaN,0,NaN,0,0,NaN,0,0,NaN,NaN,NaN,NaN,NaN,NaN,NaN,NaN,0,0,0,0,4093.32,202,381,376,98.69,22,1986,1980,99.7,571.2,3851,61,1.58,3910,3896,99.64
09/27/2025,11,5GNR,Florida,143,Jacksonville,FSU_STADIUM_E_FSE002,1430637,0,0,0,0,NaN,0,0,0,NaN,0,NaN,0,0,NaN,0,0,NaN,NaN,NaN,NaN,NaN,NaN,NaN,NaN,0,0,0,0,4093.32,202,381,376,98.69,22,1986,1980,99.7,571.2,3851,61,1.58,3910,3896,99.64
09/27/2025,11,5GNR,Florida,143,Jacksonville,FSU_STADIUM_E_FSE003,1430638,0,0,0,0,NaN,0,0,0,NaN,0,NaN,0,0,NaN,0,0,NaN,NaN,NaN,NaN,NaN,NaN,NaN,NaN,0,0,0,0,4093.32,202,381,376,98.69,22,1986,1980,99.7,571.2,3851,61,1.58,3910,3896,99.64
09/27/2025,11,5GNR,Florida,143,Jacksonville,FSU_STADIUM_E_FSE003,1430639,0,0,0,0,NaN,0,0,0,NaN,0,NaN,0,0,NaN,0,0,NaN,NaN,NaN,NaN,NaN,NaN,NaN,NaN,0,0,0,0,4093.32,202,381,376,98.69,22,1986,1980,99.7,571.2,3851,61,1.58,3910,3896,99.64
09/27/2025,11,5GNR,Florida,143,Jacksonville,FSU_STADIUM_E_FSE003,1430640,0,0,0,0,NaN,0,0,0,NaN,0,NaN,0,0,NaN,0,0,NaN,NaN,NaN,NaN,NaN,NaN,NaN,NaN,0,0,0,0,4093.32,202,381,376,98.69,22,1986,1980,99.7,571.2,3851,61,1.58,3910,3896,99.64
09/27/2025,11,5GNR,Florida,143,Jacksonville,FSU_STADIUM_E_FSE004,1430641,0,0,0,0,NaN,0,0,0,NaN,0,NaN,0,0,NaN,0,0,NaN,NaN,NaN,NaN,NaN,NaN,NaN,NaN,0,0,0,0,4093.32,202,381,376,98.69,22,1986,1980,99.7,571.2,3851,61,1.58,3910,3896,99.64
09/27/2025,11,5GNR,Florida,143,Jacksonville,FSU_STADIUM_E_FSE004,1430642,0,0,0,0,NaN,0,0,0,NaN,0,NaN,0,0,NaN,0,0,NaN,NaN,NaN,NaN,NaN,NaN,NaN,NaN,0,0,0,0,4093.32,202,381,376,98.69,22,1986,1980,99.7,571.2,3851,61,1.58,3910,3896,99.64
09/27/2025,11,5GNR,Florida,143,Jacksonville,FSU_STADIUM_E_FSE004,1430643,0,0,0,0,NaN,0,0,0,NaN,0,NaN,0,0,NaN,0,0,NaN,NaN,NaN,NaN,NaN,NaN,NaN,NaN,0,0,0,0,4093.32,202,381,376,98.69,22,1986,1980,99.7,571.2,3851,61,1.58,3910,3896,99.64
09/27/2025,11,5GNR,Florida,143,Jacksonville,FSU_STADIUM_E_FSE006,1430647,0,0,0,0,NaN,0,0,0,NaN,0,NaN,0,0,NaN,0,0,NaN,NaN,NaN,NaN,NaN,NaN,NaN,NaN,0,0,0,0,4093.32,202,381,376,98.69,22,1986,1980,99.7,571.2,3851,61,1.58,3910,3896,99.64
09/27/2025,11,5GNR,Florida,143,Jacksonville,FSU_STADIUM_E_FSE006,1430648,0,0,0,0,NaN,0,0,0,NaN,0,NaN,0,0,NaN,0,0,NaN,NaN,NaN,NaN,NaN,NaN,NaN,NaN,0,0,0,0,4093.32,202,381,376,98.69,22,1986,1980,99.7,571.2,3851,61,1.58,3910,3896,99.64
09/27/2025,11,5GNR,Florida,143,Jacksonville,FSU_STADIUM_E_FSE006,1430649,0,0,0,0,NaN,0,0,0,NaN,0,NaN,0,0,NaN,0,0,NaN,NaN,NaN,NaN,NaN,NaN,NaN,NaN,0,0,0,0,4093.32,202,381,376,98.69,22,1986,1980,99.7,571.2,3851,61,1.58,3910,3896,99.64
09/27/2025,11,5GNR,Florida,143,Jacksonville,FSU_STADIUM_E_FSE010,1430293,0,0,0,0,NaN,0,0,0,NaN,0,NaN,0,0,NaN,0,0,NaN,NaN,NaN,NaN,NaN,NaN,NaN,NaN,0,0,0,0,4093.32,202,381,376,98.69,22,1986,1980,99.7,571.2,3851,61,1.58,3910,3896,99.64
09/27/2025,11,5GNR,Florida,143,Jacksonville,FSU_STADIUM_E_FSE010,1430294,0,0,0,0,NaN,0,0,0,NaN,0,NaN,0,0,NaN,0,0,NaN,NaN,NaN,NaN,NaN,NaN,NaN,NaN,0,0,0,0,4093.32,202,381,376,98.69,22,1986,1980,99.7,571.2,3851,61,1.58,3910,3896,99.64
09/27/2025,11,5GNR,Florida,143,Jacksonville,FSU_STADIUM_E_FSE010,1430295,0,0,0,0,NaN,0,0,0,NaN,0,NaN,0,0,NaN,0,0,NaN,NaN,NaN,NaN,NaN,NaN,NaN,NaN,0,0,0,0,4093.32,202,381,376,98.69,22,1986,1980,99.7,571.2,3851,61,1.58,3910,3896,99.64
09/27/2025,11,5GNR,Florida,143,Jacksonville,FSU_STADIUM_E_FSE016,1431289,0,0,0,0,NaN,0,0,0,NaN,0,NaN,0,0,NaN,0,0,NaN,NaN,NaN,NaN,NaN,NaN,NaN,NaN,0,0,0,0,4093.32,202,381,376,98.69,22,1986,1980,99.7,571.2,3851,61,1.58,3910,3896,99.64
09/27/2025,11,5GNR,Florida,143,Jacksonville,FSU_STADIUM_E_FSE016,1431290,0,0,0,0,NaN,0,0,0,NaN,0,NaN,0,0,NaN,0,0,NaN,NaN,NaN,NaN,NaN,NaN,NaN,NaN,0,0,0,0,4093.32,202,381,376,98.69,22,1986,1980,99.7,571.2,3851,61,1.58,3910,3896,99.64
09/27/2025,11,5GNR,Florida,143,Jacksonville,FSU_STADIUM_E_FSE016,1431291,0,0,0,0,NaN,0,0,0,NaN,0,NaN,0,0,NaN,0,0,NaN,NaN,NaN,NaN,NaN,NaN,NaN,NaN,0,0,0,0,4093.32,202,381,376,98.69,22,1986,1980,99.7,571.2,3851,61,1.58,3910,3896,99.64
09/27/2025,11,5GNR,Florida,143,Jacksonville,FSU_STADIUM_E_FSE018,1431307,0,0,0,0,NaN,0,0,0,NaN,0,NaN,0,0,NaN,0,0,NaN,NaN,NaN,NaN,NaN,NaN,NaN,NaN,0,0,0,0,4093.32,202,381,376,98.69,22,1986,1980,99.7,571.2,3851,61,1.58,3910,3896,99.64
09/27/2025,11,5GNR,Florida,143,Jacksonville,FSU_STADIUM_E_FSE018,1431308,0,0,0,0,NaN,0,0,0,NaN,0,NaN,0,0,NaN,0,0,NaN,NaN,NaN,NaN,NaN,NaN,NaN,NaN,0,0,0,0,4093.32,202,381,376,98.69,22,1986,1980,99.7,571.2,3851,61,1.58,3910,3896,99.64
09/27/2025,11,5GNR,Florida,143,Jacksonville,FSU_STADIUM_E_FSE018,1431309,0,0,0,0,NaN,0,0,0,NaN,0,NaN,0,0,NaN,0,0,NaN,NaN,NaN,NaN,NaN,NaN,NaN,NaN,0,0,0,0,4093.32,202,381,376,98.69,22,1986,1980,99.7,571.2,3851,61,1.58,3910,3896,99.64
09/27/2025,11,5GNR,Florida,143,Jacksonville,FSU_STADIUM_W_FSW026,1430623,0,0,0,0,NaN,0,0,0,NaN,0,NaN,0,0,NaN,0,0,NaN,NaN,NaN,NaN,NaN,NaN,NaN,NaN,0,0,0,0,4093.32,202,381,376,98.69,22,1986,1980,99.7,571.2,3851,61,1.58,3910,3896,99.64
09/27/2025,11,5GNR,Florida,143,Jacksonville,FSU_STADIUM_W_FSW026,1430624,0,0,0,0,NaN,0,0,0,NaN,0,NaN,0,0,NaN,0,0,NaN,NaN,NaN,NaN,NaN,NaN,NaN,NaN,0,0,0,0,4093.32,202,381,376,98.69,22,1986,1980,99.7,571.2,3851,61,1.58,3910,3896,99.64
09/27/2025,11,5GNR,Florida,143,Jacksonville,FSU_STADIUM_W_FSW026,1430625,0,0,0,0,NaN,0,0,0,NaN,0,NaN,0,0,NaN,0,0,NaN,NaN,NaN,NaN,NaN,NaN,NaN,NaN,0,0,0,0,4093.32,202,381,376,98.69,22,1986,1980,99.7,571.2,3851,61,1.58,3910,3896,99.64
09/27/2025,11,5GNR,Florida,143,Jacksonville,FSU_STADIUM_W_FSW028,1430626,0,0,0,0,NaN,0,0,0,NaN,0,NaN,0,0,NaN,0,0,NaN,NaN,NaN,NaN,NaN,NaN,NaN,NaN,0,0,0,0,4093.32,202,381,376,98.69,22,1986,1980,99.7,571.2,3851,61,1.58,3910,3896,99.64
09/27/2025,11,5GNR,Florida,143,Jacksonville,FSU_STADIUM_W_FSW028,1430627,0,0,0,0,NaN,0,0,0,NaN,0,NaN,0,0,NaN,0,0,NaN,NaN,NaN,NaN,NaN,NaN,NaN,NaN,0,0,0,0,4093.32,202,381,376,98.69,22,1986,1980,99.7,571.2,3851,61,1.58,3910,3896,99.64
09/27/2025,11,5GNR,Florida,143,Jacksonville,FSU_STADIUM_W_FSW028,1430628,0,0,0,0,NaN,0,0,0,NaN,0,NaN,0,0,NaN,0,0,NaN,NaN,NaN,NaN,NaN,NaN,NaN,NaN,0,0,0,0,4093.32,202,381,376,98.69,22,1986,1980,99.7,571.2,3851,61,1.58,3910,3896,99.64
09/27/2025,11,5GNR,Florida,143,Jacksonville,FSU_STADIUM_W_FSW029,1430629,0,0,0,0,NaN,0,0,0,NaN,0,NaN,0,0,NaN,0,0,NaN,NaN,NaN,NaN,NaN,NaN,NaN,NaN,0,0,0,0,4093.32,202,381,376,98.69,22,1986,1980,99.7,571.2,3851,61,1.58,3910,3896,99.64
09/27/2025,11,5GNR,Florida,143,Jacksonville,FSU_STADIUM_W_FSW029,1430630,0,0,0,0,NaN,0,0,0,NaN,0,NaN,0,0,NaN,0,0,NaN,NaN,NaN,NaN,NaN,NaN,NaN,NaN,0,0,0,0,4093.32,202,381,376,98.69,22,1986,1980,99.7,571.2,3851,61,1.58,3910,3896,99.64
09/27/2025,11,5GNR,Florida,143,Jacksonville,FSU_STADIUM_W_FSW029,1430631,0,0,0,0,NaN,0,0,0,NaN,0,NaN,0,0,NaN,0,0,NaN,NaN,NaN,NaN,NaN,NaN,NaN,NaN,0,0,0,0,4093.32,202,381,376,98.69,22,1986,1980,99.7,571.2,3851,61,1.58,3910,3896,99.64
09/27/2025,11,5GNR,Florida,143,Jacksonville,FSU_STADIUM_W_FSW031,1430650,0,0,0,0,NaN,0,0,0,NaN,0,NaN,0,0,NaN,0,0,NaN,NaN,NaN,NaN,NaN,NaN,NaN,NaN,0,0,0,0,4093.32,202,381,376,98.69,22,1986,1980,99.7,571.2,3851,61,1.58,3910,3896,99.64
09/27/2025,11,5GNR,Florida,143,Jacksonville,FSU_STADIUM_W_FSW031,1430651,0,0,0,0,NaN,0,0,0,NaN,0,NaN,0,0,NaN,0,0,NaN,NaN,NaN,NaN,NaN,NaN,NaN,NaN,0,0,0,0,4093.32,202,381,376,98.69,22,1986,1980,99.7,571.2,3851,61,1.58,3910,3896,99.64
09/27/2025,11,5GNR,Florida,143,Jacksonville,FSU_STADIUM_W_FSW031,1430652,0,0,0,0,NaN,0,0,0,NaN,0,NaN,0,0,NaN,0,0,NaN,NaN,NaN,NaN,NaN,NaN,NaN,NaN,0,0,0,0,4093.32,202,381,376,98.69,22,1986,1980,99.7,571.2,3851,61,1.58,3910,3896,99.64
09/27/2025,11,5GNR,Florida,143,Jacksonville,FSU_STADIUM_W_FSW032,1430653,0,0,0,0,NaN,0,0,0,NaN,0,NaN,0,0,NaN,0,0,NaN,NaN,NaN,NaN,NaN,NaN,NaN,NaN,0,0,0,0,4093.32,202,381,376,98.69,22,1986,1980,99.7,571.2,3851,61,1.58,3910,3896,99.64
09/27/2025,11,5GNR,Florida,143,Jacksonville,FSU_STADIUM_W_FSW032,1430654,0,0,0,0,NaN,0,0,0,NaN,0,NaN,0,0,NaN,0,0,NaN,NaN,NaN,NaN,NaN,NaN,NaN,NaN,0,0,0,0,4093.32,202,381,376,98.69,22,1986,1980,99.7,571.2,3851,61,1.58,3910,3896,99.64
09/27/2025,11,5GNR,Florida,143,Jacksonville,FSU_STADIUM_W_FSW032,1430655,0,0,0,0,NaN,0,0,0,NaN,0,NaN,0,0,NaN,0,0,NaN,NaN,NaN,NaN,NaN,NaN,NaN,NaN,0,0,0,0,4093.32,202,381,376,98.69,22,1986,1980,99.7,571.2,3851,61,1.58,3910,3896,99.64
09/27/2025,11,5GNR,Florida,143,Jacksonville,FSU_STADIUM_W_FSW034,1431329,0,0,0,0,NaN,0,0,0,NaN,0,NaN,0,0,NaN,0,0,NaN,NaN,NaN,NaN,NaN,NaN,NaN,NaN,0,0,0,0,4093.32,202,381,376,98.69,22,1986,1980,99.7,571.2,3851,61,1.58,3910,3896,99.64
09/27/2025,11,5GNR,Florida,143,Jacksonville,FSU_STADIUM_W_FSW034,1431330,0,0,0,0,NaN,0,0,0,NaN,0,NaN,0,0,NaN,0,0,NaN,NaN,NaN,NaN,NaN,NaN,NaN,NaN,0,0,0,0,4093.32,202,381,376,98.69,22,1986,1980,99.7,571.2,3851,61,1.58,3910,3896,99.64
09/27/2025,11,5GNR,Florida,143,Jacksonville,FSU_STADIUM_W_FSW034,1431331,0,0,0,0,NaN,0,0,0,NaN,0,NaN,0,0,NaN,0,0,NaN,NaN,NaN,NaN,NaN,NaN,NaN,NaN,0,0,0,0,4093.32,202,381,376,98.69,22,1986,1980,99.7,571.2,3851,61,1.58,3910,3896,99.64
09/27/2025,11,5GNR,Florida,143,Jacksonville,FSU_STADIUM_W_FSW035,1431326,0,0,0,0,NaN,0,0,0,NaN,0,NaN,0,0,NaN,0,0,NaN,NaN,NaN,NaN,NaN,NaN,NaN,NaN,0,0,0,0,4093.32,202,381,376,98.69,22,1986,1980,99.7,571.2,3851,61,1.58,3910,3896,99.64
09/27/2025,11,5GNR,Florida,143,Jacksonville,FSU_STADIUM_W_FSW035,1431327,0,0,0,0,NaN,0,0,0,NaN,0,NaN,0,0,NaN,0,0,NaN,NaN,NaN,NaN,NaN,NaN,NaN,NaN,0,0,0,0,4093.32,202,381,376,98.69,22,1986,1980,99.7,571.2,3851,61,1.58,3910,3896,99.64
09/27/2025,11,5GNR,Florida,143,Jacksonville,FSU_STADIUM_W_FSW035,1431328,0,0,0,0,NaN,0,0,0,NaN,0,NaN,0,0,NaN,0,0,NaN,NaN,NaN,NaN,NaN,NaN,NaN,NaN,0,0,0,0,4093.32,202,381,376,98.69,22,1986,1980,99.7,571.2,3851,61,1.58,3910,3896,99.64
09/27/2025,11,5GNR,Florida,143,Jacksonville,FSU_STADIUM_W_FSW037,1431323,0,0,0,0,NaN,0,0,0,NaN,0,NaN,0,0,NaN,0,0,NaN,NaN,NaN,NaN,NaN,NaN,NaN,NaN,0,0,0,0,4093.32,202,381,376,98.69,22,1986,1980,99.7,571.2,3851,61,1.58,3910,3896,99.64
09/27/2025,11,5GNR,Florida,143,Jacksonville,FSU_STADIUM_W_FSW037,1431324,0,0,0,0,NaN,0,0,0,NaN,0,NaN,0,0,NaN,0,0,NaN,NaN,NaN,NaN,NaN,NaN,NaN,NaN,0,0,0,0,4093.32,202,381,376,98.69,22,1986,1980,99.7,571.2,3851,61,1.58,3910,3896,99.64
09/27/2025,11,5GNR,Florida,143,Jacksonville,FSU_STADIUM_W_FSW037,1431325,0,0,0,0,NaN,0,0,0,NaN,0,NaN,0,0,NaN,0,0,NaN,NaN,NaN,NaN,NaN,NaN,NaN,NaN,0,0,0,0,4093.32,202,381,376,98.69,22,1986,1980,99.7,571.2,3851,61,1.58,3910,3896,99.64
09/27/2025,11,5GNR,Florida,143,Jacksonville,FSU_STADIUM_W_FSW039,1431301,0,0,0,0,NaN,0,0,0,NaN,0,NaN,0,0,NaN,0,0,NaN,NaN,NaN,NaN,NaN,NaN,NaN,NaN,0,0,0,0,4093.32,202,381,376,98.69,22,1986,1980,99.7,571.2,3851,61,1.58,3910,3896,99.64
09/27/2025,11,5GNR,Florida,143,Jacksonville,FSU_STADIUM_W_FSW039,1431302,0,0,0,0,NaN,0,0,0,NaN,0,NaN,0,0,NaN,0,0,NaN,NaN,NaN,NaN,NaN,NaN,NaN,NaN,0,0,0,0,4093.32,202,381,376,98.69,22,1986,1980,99.7,571.2,3851,61,1.58,3910,3896,99.64
09/27/2025,11,5GNR,Florida,143,Jacksonville,FSU_STADIUM_W_FSW039,1431303,0,0,0,0,NaN,0,0,0,NaN,0,NaN,0,0,NaN,0,0,NaN,NaN,NaN,NaN,NaN,NaN,NaN,NaN,0,0,0,0,4093.32,202,381,376,98.69,22,1986,1980,99.7,571.2,3851,61,1.58,3910,3896,99.64
09/27/2025,11,5GNR,Florida,143,Jacksonville,FSU_STADIUM_W_FSW040,1431304,0,0,0,0,NaN,0,0,0,NaN,0,NaN,0,0,NaN,0,0,NaN,NaN,NaN,NaN,NaN,NaN,NaN,NaN,0,0,0,0,4093.32,202,381,376,98.69,22,1986,1980,99.7,571.2,3851,61,1.58,3910,3896,99.64
09/27/2025,11,5GNR,Florida,143,Jacksonville,FSU_STADIUM_W_FSW040,1431305,0,0,0,0,NaN,0,0,0,NaN,0,NaN,0,0,NaN,0,0,NaN,NaN,NaN,NaN,NaN,NaN,NaN,NaN,0,0,0,0,4093.32,202,381,376,98.69,22,1986,1980,99.7,571.2,3851,61,1.58,3910,3896,99.64
09/27/2025,11,5GNR,Florida,143,Jacksonville,FSU_STADIUM_W_FSW040,1431306,0,0,0,0,NaN,0,0,0,NaN,0,NaN,0,0,NaN,0,0,NaN,NaN,NaN,NaN,NaN,NaN,NaN,NaN,0,0,0,0,4093.32,202,381,376,98.69,22,1986,1980,99.7,571.2,3851,61,1.58,3910,3896,99.64
09/27/2025,11,5GNR,Florida,143,Jacksonville,FSU_STADIUM_W_FSW041,1431394,0,0,0,0,NaN,0,0,0,NaN,0,NaN,0,0,NaN,0,0,NaN,NaN,NaN,NaN,NaN,NaN,NaN,NaN,0,0,0,0,4093.32,202,381,376,98.69,22,1986,1980,99.7,571.2,3851,61,1.58,3910,3896,99.64
09/27/2025,11,5GNR,Florida,143,Jacksonville,FSU_STADIUM_W_FSW041,1431395,0,0,0,0,NaN,0,0,0,NaN,0,NaN,0,0,NaN,0,0,NaN,NaN,NaN,NaN,NaN,NaN,NaN,NaN,0,0,0,0,4093.32,202,381,376,98.69,22,1986,1980,99.7,571.2,3851,61,1.58,3910,3896,99.64
09/27/2025,11,5GNR,Florida,143,Jacksonville,FSU_STADIUM_W_FSW041,1431396,0,0,0,0,NaN,0,0,0,NaN,0,NaN,0,0,NaN,0,0,NaN,NaN,NaN,NaN,NaN,NaN,NaN,NaN,0,0,0,0,4093.32,202,381,376,98.69,22,1986,1980,99.7,571.2,3851,61,1.58,3910,3896,99.64
09/27/2025,11,5GNR,Florida,143,Jacksonville,FSU_STADIUM_W_FSW043,1431317,0,0,0,0,NaN,0,0,0,NaN,0,NaN,0,0,NaN,0,0,NaN,NaN,NaN,NaN,NaN,NaN,NaN,NaN,0,0,0,0,4093.32,202,381,376,98.69,22,1986,1980,99.7,571.2,3851,61,1.58,3910,3896,99.64
09/27/2025,11,5GNR,Florida,143,Jacksonville,FSU_STADIUM_W_FSW043,1431318,0,0,0,0,NaN,0,0,0,NaN,0,NaN,0,0,NaN,0,0,NaN,NaN,NaN,NaN,NaN,NaN,NaN,NaN,0,0,0,0,4093.32,202,381,376,98.69,22,1986,1980,99.7,571.2,3851,61,1.58,3910,3896,99.64
09/27/2025,11,5GNR,Florida,143,Jacksonville,FSU_STADIUM_W_FSW043,1431319,0,0,0,0,NaN,0,0,0,NaN,0,NaN,0,0,NaN,0,0,NaN,NaN,NaN,NaN,NaN,NaN,NaN,NaN,0,0,0,0,4093.32,202,381,376,98.69,22,1986,1980,99.7,571.2,3851,61,1.58,3910,3896,99.64
09/27/2025,11,5GNR,Florida,143,Jacksonville,FTP_NEASE_HIGH_SCHOOL,1437569,0,0,0,0,NaN,0,0,0,NaN,0,NaN,0,0,NaN,0,0,NaN,NaN,NaN,NaN,NaN,NaN,NaN,NaN,0,0,0,0,4093.32,202,381,376,98.69,22,1986,1980,99.7,571.2,3851,61,1.58,3910,3896,99.64
09/27/2025,11,5GNR,Florida,143,Jacksonville,FTP_NEASE_HIGH_SCHOOL,1439569,0,0,0,0,NaN,0,0,0,NaN,0,NaN,0,0,NaN,0,0,NaN,NaN,NaN,NaN,NaN,NaN,NaN,NaN,0,0,0,0,4093.32,202,381,376,98.69,22,1986,1980,99.7,571.2,3851,61,1.58,3910,3896,99.64
09/27/2025,11,5GNR,Florida,143,Jacksonville,FT_WHITE_WEST,1439958,0,0,0,0,NaN,0,0,0,NaN,0,NaN,0,0,NaN,0,0,NaN,NaN,NaN,NaN,NaN,NaN,NaN,NaN,0,0,0,0,4093.32,202,381,376,98.69,22,1986,1980,99.7,571.2,3851,61,1.58,3910,3896,99.64
09/27/2025,11,5GNR,Florida,143,Jacksonville,GAINESVILLE_LODGE,1439939,0,0,0,0,NaN,0,0,0,NaN,0,NaN,0,0,NaN,0,0,NaN,NaN,NaN,NaN,NaN,NaN,NaN,NaN,0,0,0,0,4093.32,202,381,376,98.69,22,1986,1980,99.7,571.2,3851,61,1.58,3910,3896,99.64
09/27/2025,11,5GNR,Florida,143,Jacksonville,GAINESVILLE_WEST,1439655,0,0,0,0,NaN,0,0,0,NaN,0,NaN,0,0,NaN,0,0,NaN,NaN,NaN,NaN,NaN,NaN,NaN,NaN,0,0,0,0,4093.32,202,381,376,98.69,22,1986,1980,99.7,571.2,3851,61,1.58,3910,3896,99.64
09/27/2025,11,5GNR,Florida,143,Jacksonville,GAINESVILLE_WEST_A,1439731,0,0,0,0,NaN,0,0,0,NaN,0,NaN,0,0,NaN,0,0,NaN,NaN,NaN,NaN,NaN,NaN,NaN,NaN,0,0,0,0,4093.32,202,381,376,98.69,22,1986,1980,99.7,571.2,3851,61,1.58,3910,3896,99.64
09/27/2025,11,5GNR,Florida,143,Jacksonville,GAINESVILLE_WEST_B,1439732,0,0,0,0,NaN,0,0,0,NaN,0,NaN,0,0,NaN,0,0,NaN,NaN,NaN,NaN,NaN,NaN,NaN,NaN,0,0,0,0,4093.32,202,381,376,98.69,22,1986,1980,99.7,571.2,3851,61,1.58,3910,3896,99.64
09/27/2025,11,5GNR,Florida,143,Jacksonville,GILCHRIST_COUNTY_HWY_129,1439445,0,0,0,0,NaN,0,0,0,NaN,0,NaN,0,0,NaN,0,0,NaN,NaN,NaN,NaN,NaN,NaN,NaN,NaN,0,0,0,0,4093.32,202,381,376,98.69,22,1986,1980,99.7,571.2,3851,61,1.58,3910,3896,99.64
09/27/2025,11,5GNR,Florida,143,Jacksonville,GILLY_FERNANDINA,1439403,0,0,0,0,NaN,0,0,0,NaN,0,NaN,0,0,NaN,0,0,NaN,NaN,NaN,NaN,NaN,NaN,NaN,NaN,0,0,0,0,4093.32,202,381,376,98.69,22,1986,1980,99.7,571.2,3851,61,1.58,3910,3896,99.64
09/27/2025,11,5GNR,Florida,143,Jacksonville,GLOBAL_SIGNAL_WAKULLA,1439853,0,0,0,0,NaN,0,0,0,NaN,0,NaN,0,0,NaN,0,0,NaN,NaN,NaN,NaN,NaN,NaN,NaN,NaN,0,0,0,0,4093.32,202,381,376,98.69,22,1986,1980,99.7,571.2,3851,61,1.58,3910,3896,99.64
09/27/2025,11,5GNR,Florida,143,Jacksonville,GOLDEN_EAGLE_GE008,1437703,0,0,0,0,NaN,0,0,0,NaN,0,NaN,0,0,NaN,0,0,NaN,NaN,NaN,NaN,NaN,NaN,NaN,NaN,0,0,0,0,4093.32,202,381,376,98.69,22,1986,1980,99.7,571.2,3851,61,1.58,3910,3896,99.64
09/27/2025,11,5GNR,Florida,143,Jacksonville,GOODWIN,1437239,0,0,0,0,NaN,0,0,0,NaN,0,NaN,0,0,NaN,0,0,NaN,NaN,NaN,NaN,NaN,NaN,NaN,NaN,0,0,0,0,4093.32,202,381,376,98.69,22,1986,1980,99.7,571.2,3851,61,1.58,3910,3896,99.64
09/27/2025,11,5GNR,Florida,143,Jacksonville,GOODWIN,1439239,0,0,0,0,NaN,0,0,0,NaN,0,NaN,0,0,NaN,0,0,NaN,NaN,NaN,NaN,NaN,NaN,NaN,NaN,0,0,0,0,4093.32,202,381,376,98.69,22,1986,1980,99.7,571.2,3851,61,1.58,3910,3896,99.64
09/27/2025,11,5GNR,Florida,143,Jacksonville,GRETNA_SOUTH,1439425,0,0,0,0,NaN,0,0,0,NaN,0,NaN,0,0,NaN,0,0,NaN,NaN,NaN,NaN,NaN,NaN,NaN,NaN,0,0,0,0,4093.32,202,381,376,98.69,22,1986,1980,99.7,571.2,3851,61,1.58,3910,3896,99.64
09/27/2025,11,5GNR,Florida,143,Jacksonville,GRU_GPD,1439674,0,0,0,0,NaN,0,0,0,NaN,0,NaN,0,0,NaN,0,0,NaN,NaN,NaN,NaN,NaN,NaN,NaN,NaN,0,0,0,0,4093.32,202,381,376,98.69,22,1986,1980,99.7,571.2,3851,61,1.58,3910,3896,99.64
09/27/2025,11,5GNR,Florida,143,Jacksonville,GRU_MILLHOPPER,1439661,0,0,0,0,NaN,0,0,0,NaN,0,NaN,0,0,NaN,0,0,NaN,NaN,NaN,NaN,NaN,NaN,NaN,NaN,0,0,0,0,4093.32,202,381,376,98.69,22,1986,1980,99.7,571.2,3851,61,1.58,3910,3896,99.64
09/27/2025,11,5GNR,Florida,143,Jacksonville,GRU_SPRINGHILL,1439653,0,0,0,0,NaN,0,0,0,NaN,0,NaN,0,0,NaN,0,0,NaN,NaN,NaN,NaN,NaN,NaN,NaN,NaN,0,0,0,0,4093.32,202,381,376,98.69,22,1986,1980,99.7,571.2,3851,61,1.58,3910,3896,99.64
09/27/2025,11,5GNR,Florida,143,Jacksonville,GRU_SUGARFOOT,1439459,0,0,0,0,NaN,0,0,0,NaN,0,NaN,0,0,NaN,0,0,NaN,NaN,NaN,NaN,NaN,NaN,NaN,NaN,0,0,0,0,4093.32,202,381,376,98.69,22,1986,1980,99.7,571.2,3851,61,1.58,3910,3896,99.64
09/27/2025,11,5GNR,Florida,143,Jacksonville,GRU_T20,1439675,0,0,0,0,NaN,0,0,0,NaN,0,NaN,0,0,NaN,0,0,NaN,NaN,NaN,NaN,NaN,NaN,NaN,NaN,0,0,0,0,4093.32,202,381,376,98.69,22,1986,1980,99.7,571.2,3851,61,1.58,3910,3896,99.64
09/27/2025,11,5GNR,Florida,143,Jacksonville,GRU_WATER_TANK,1439667,0,0,0,0,NaN,0,0,0,NaN,0,NaN,0,0,NaN,0,0,NaN,NaN,NaN,NaN,NaN,NaN,NaN,NaN,0,0,0,0,4093.32,202,381,376,98.69,22,1986,1980,99.7,571.2,3851,61,1.58,3910,3896,99.64
09/27/2025,11,5GNR,Florida,143,Jacksonville,GSM_TALL_GSM001,1430392,0,0,0,0,NaN,0,0,0,NaN,0,NaN,0,0,NaN,0,0,NaN,NaN,NaN,NaN,NaN,NaN,NaN,NaN,0,0,0,0,4093.32,202,381,376,98.69,22,1986,1980,99.7,571.2,3851,61,1.58,3910,3896,99.64
09/27/2025,11,5GNR,Florida,143,Jacksonville,GSM_TALL_GSM001,1430393,0,0,0,0,NaN,0,0,0,NaN,0,NaN,0,0,NaN,0,0,NaN,NaN,NaN,NaN,NaN,NaN,NaN,NaN,0,0,0,0,4093.32,202,381,376,98.69,22,1986,1980,99.7,571.2,3851,61,1.58,3910,3896,99.64
09/27/2025,11,5GNR,Florida,143,Jacksonville,GSM_TALL_GSM001,1430394,0,0,0,0,NaN,0,0,0,NaN,0,NaN,0,0,NaN,0,0,NaN,NaN,NaN,NaN,NaN,NaN,NaN,NaN,0,0,0,0,4093.32,202,381,376,98.69,22,1986,1980,99.7,571.2,3851,61,1.58,3910,3896,99.64
09/27/2025,11,5GNR,Florida,143,Jacksonville,GSM_TALL_GSM002,1430395,0,0,0,0,NaN,0,0,0,NaN,0,NaN,0,0,NaN,0,0,NaN,NaN,NaN,NaN,NaN,NaN,NaN,NaN,0,0,0,0,4093.32,202,381,376,98.69,22,1986,1980,99.7,571.2,3851,61,1.58,3910,3896,99.64
09/27/2025,11,5GNR,Florida,143,Jacksonville,GSM_TALL_GSM002,1430396,0,0,0,0,NaN,0,0,0,NaN,0,NaN,0,0,NaN,0,0,NaN,NaN,NaN,NaN,NaN,NaN,NaN,NaN,0,0,0,0,4093.32,202,381,376,98.69,22,1986,1980,99.7,571.2,3851,61,1.58,3910,3896,99.64
09/27/2025,11,5GNR,Florida,143,Jacksonville,GSM_TALL_GSM002,1430397,0,0,0,0,NaN,0,0,0,NaN,0,NaN,0,0,NaN,0,0,NaN,NaN,NaN,NaN,NaN,NaN,NaN,NaN,0,0,0,0,4093.32,202,381,376,98.69,22,1986,1980,99.7,571.2,3851,61,1.58,3910,3896,99.64
09/27/2025,11,5GNR,Florida,143,Jacksonville,GSM_TALL_GSM004,1430398,0,0,0,0,NaN,0,0,0,NaN,0,NaN,0,0,NaN,0,0,NaN,NaN,NaN,NaN,NaN,NaN,NaN,NaN,0,0,0,0,4093.32,202,381,376,98.69,22,1986,1980,99.7,571.2,3851,61,1.58,3910,3896,99.64
09/27/2025,11,5GNR,Florida,143,Jacksonville,GSM_TALL_GSM004,1430399,0,0,0,0,NaN,0,0,0,NaN,0,NaN,0,0,NaN,0,0,NaN,NaN,NaN,NaN,NaN,NaN,NaN,NaN,0,0,0,0,4093.32,202,381,376,98.69,22,1986,1980,99.7,571.2,3851,61,1.58,3910,3896,99.64
09/27/2025,11,5GNR,Florida,143,Jacksonville,GSM_TALL_GSM004,1430400,0,0,0,0,NaN,0,0,0,NaN,0,NaN,0,0,NaN,0,0,NaN,NaN,NaN,NaN,NaN,NaN,NaN,NaN,0,0,0,0,4093.32,202,381,376,98.69,22,1986,1980,99.7,571.2,3851,61,1.58,3910,3896,99.64
09/27/2025,11,5GNR,Florida,143,Jacksonville,GSM_TALL_GSM005,1430401,0,0,0,0,NaN,0,0,0,NaN,0,NaN,0,0,NaN,0,0,NaN,NaN,NaN,NaN,NaN,NaN,NaN,NaN,0,0,0,0,4093.32,202,381,376,98.69,22,1986,1980,99.7,571.2,3851,61,1.58,3910,3896,99.64
09/27/2025,11,5GNR,Florida,143,Jacksonville,GSM_TALL_GSM005,1430402,0,0,0,0,NaN,0,0,0,NaN,0,NaN,0,0,NaN,0,0,NaN,NaN,NaN,NaN,NaN,NaN,NaN,NaN,0,0,0,0,4093.32,202,381,376,98.69,22,1986,1980,99.7,571.2,3851,61,1.58,3910,3896,99.64
09/27/2025,11,5GNR,Florida,143,Jacksonville,GSM_TALL_GSM005,1430403,0,0,0,0,NaN,0,0,0,NaN,0,NaN,0,0,NaN,0,0,NaN,NaN,NaN,NaN,NaN,NaN,NaN,NaN,0,0,0,0,4093.32,202,381,376,98.69,22,1986,1980,99.7,571.2,3851,61,1.58,3910,3896,99.64
09/27/2025,11,5GNR,Florida,143,Jacksonville,GSM_TALL_GSM006,1430404,0,0,0,0,NaN,0,0,0,NaN,0,NaN,0,0,NaN,0,0,NaN,NaN,NaN,NaN,NaN,NaN,NaN,NaN,0,0,0,0,4093.32,202,381,376,98.69,22,1986,1980,99.7,571.2,3851,61,1.58,3910,3896,99.64
09/27/2025,11,5GNR,Florida,143,Jacksonville,GSM_TALL_GSM006,1430405,0,0,0,0,NaN,0,0,0,NaN,0,NaN,0,0,NaN,0,0,NaN,NaN,NaN,NaN,NaN,NaN,NaN,NaN,0,0,0,0,4093.32,202,381,376,98.69,22,1986,1980,99.7,571.2,3851,61,1.58,3910,3896,99.64
09/27/2025,11,5GNR,Florida,143,Jacksonville,GSM_TALL_GSM006,1430406,0,0,0,0,NaN,0,0,0,NaN,0,NaN,0,0,NaN,0,0,NaN,NaN,NaN,NaN,NaN,NaN,NaN,NaN,0,0,0,0,4093.32,202,381,376,98.69,22,1986,1980,99.7,571.2,3851,61,1.58,3910,3896,99.64
09/27/2025,11,5GNR,Florida,143,Jacksonville,GSM_TALL_GSM008,1431410,0,0,0,0,NaN,0,0,0,NaN,0,NaN,0,0,NaN,0,0,NaN,NaN,NaN,NaN,NaN,NaN,NaN,NaN,0,0,0,0,4093.32,202,381,376,98.69,22,1986,1980,99.7,571.2,3851,61,1.58,3910,3896,99.64
09/27/2025,11,5GNR,Florida,143,Jacksonville,GSM_TALL_GSM008,1431411,0,0,0,0,NaN,0,0,0,NaN,0,NaN,0,0,NaN,0,0,NaN,NaN,NaN,NaN,NaN,NaN,NaN,NaN,0,0,0,0,4093.32,202,381,376,98.69,22,1986,1980,99.7,571.2,3851,61,1.58,3910,3896,99.64
09/27/2025,11,5GNR,Florida,143,Jacksonville,GSM_TALL_GSM008,1431412,0,0,0,0,NaN,0,0,0,NaN,0,NaN,0,0,NaN,0,0,NaN,NaN,NaN,NaN,NaN,NaN,NaN,NaN,0,0,0,0,4093.32,202,381,376,98.69,22,1986,1980,99.7,571.2,3851,61,1.58,3910,3896,99.64
09/27/2025,11,5GNR,Florida,143,Jacksonville,GTP_EMERSON,1439001,0,0,0,0,NaN,0,0,0,NaN,0,NaN,0,0,NaN,0,0,NaN,NaN,NaN,NaN,NaN,NaN,NaN,NaN,0,0,0,0,4093.32,202,381,376,98.69,22,1986,1980,99.7,571.2,3851,61,1.58,3910,3896,99.64
09/27/2025,11,5GNR,Florida,143,Jacksonville,HAILE,1439652,0,0,0,0,NaN,0,0,0,NaN,0,NaN,0,0,NaN,0,0,NaN,NaN,NaN,NaN,NaN,NaN,NaN,NaN,0,0,0,0,4093.32,202,381,376,98.69,22,1986,1980,99.7,571.2,3851,61,1.58,3910,3896,99.64
09/27/2025,11,5GNR,Florida,143,Jacksonville,HAVANA,1439770,0,0,0,0,NaN,0,0,0,NaN,0,NaN,0,0,NaN,0,0,NaN,NaN,NaN,NaN,NaN,NaN,NaN,NaN,0,0,0,0,4093.32,202,381,376,98.69,22,1986,1980,99.7,571.2,3851,61,1.58,3910,3896,99.64
09/27/2025,11,5GNR,Florida,143,Jacksonville,HAVANA_NORTH,1439975,0,0,0,0,NaN,0,0,0,NaN,0,NaN,0,0,NaN,0,0,NaN,NaN,NaN,NaN,NaN,NaN,NaN,NaN,0,0,0,0,4093.32,202,381,376,98.69,22,1986,1980,99.7,571.2,3851,61,1.58,3910,3896,99.64
09/27/2025,11,5GNR,Florida,143,Jacksonville,HCA_REGIONAL_MEDICAL,1439659,0,0,0,0,NaN,0,0,0,NaN,0,NaN,0,0,NaN,0,0,NaN,NaN,NaN,NaN,NaN,NaN,NaN,NaN,0,0,0,0,4093.32,202,381,376,98.69,22,1986,1980,99.7,571.2,3851,61,1.58,3910,3896,99.64
09/27/2025,11,5GNR,Florida,143,Jacksonville,HERITAGE_CHRISTIAN_CNTR,1437497,0,0,0,0,NaN,0,0,0,NaN,0,NaN,0,0,NaN,0,0,NaN,NaN,NaN,NaN,NaN,NaN,NaN,NaN,0,0,0,0,4093.32,202,381,376,98.69,22,1986,1980,99.7,571.2,3851,61,1.58,3910,3896,99.64
09/27/2025,11,5GNR,Florida,143,Jacksonville,HERITAGE_CHRISTIAN_CNTR,1439497,0,0,0,0,NaN,0,0,0,NaN,0,NaN,0,0,NaN,0,0,NaN,NaN,NaN,NaN,NaN,NaN,NaN,NaN,0,0,0,0,4093.32,202,381,376,98.69,22,1986,1980,99.7,571.2,3851,61,1.58,3910,3896,99.64
09/27/2025,11,5GNR,Florida,143,Jacksonville,HERLONG,1439029,0,0,0,0,NaN,0,0,0,NaN,0,NaN,0,0,NaN,0,0,NaN,NaN,NaN,NaN,NaN,NaN,NaN,NaN,0,0,0,0,4093.32,202,381,376,98.69,22,1986,1980,99.7,571.2,3851,61,1.58,3910,3896,99.64
09/27/2025,11,5GNR,Florida,143,Jacksonville,HERLONG,4439029,0,0,0,0,NaN,0,0,0,NaN,0,NaN,0,0,NaN,0,0,NaN,NaN,NaN,NaN,NaN,NaN,NaN,NaN,0,0,0,0,4093.32,202,381,376,98.69,22,1986,1980,99.7,571.2,3851,61,1.58,3910,3896,99.64
09/27/2025,11,5GNR,Florida,143,Jacksonville,HIBERNIA,1437062,0,0,0,0,NaN,0,0,0,NaN,0,NaN,0,0,NaN,0,0,NaN,NaN,NaN,NaN,NaN,NaN,NaN,NaN,0,0,0,0,4093.32,202,381,376,98.69,22,1986,1980,99.7,571.2,3851,61,1.58,3910,3896,99.64
09/27/2025,11,5GNR,Florida,143,Jacksonville,HIBERNIA,1439062,0,0,0,0,NaN,0,0,0,NaN,0,NaN,0,0,NaN,0,0,NaN,NaN,NaN,NaN,NaN,NaN,NaN,NaN,0,0,0,0,4093.32,202,381,376,98.69,22,1986,1980,99.7,571.2,3851,61,1.58,3910,3896,99.64
09/27/2025,11,5GNR,Florida,143,Jacksonville,HIBERNIA,4439062,0,0,0,0,NaN,0,0,0,NaN,0,NaN,0,0,NaN,0,0,NaN,NaN,NaN,NaN,NaN,NaN,NaN,NaN,0,0,0,0,4093.32,202,381,376,98.69,22,1986,1980,99.7,571.2,3851,61,1.58,3910,3896,99.64
09/27/2025,11,5GNR,Florida,143,Jacksonville,HIGHWAY_441,1439604,0,0,0,0,NaN,0,0,0,NaN,0,NaN,0,0,NaN,0,0,NaN,NaN,NaN,NaN,NaN,NaN,NaN,NaN,0,0,0,0,4093.32,202,381,376,98.69,22,1986,1980,99.7,571.2,3851,61,1.58,3910,3896,99.64
09/27/2025,11,5GNR,Florida,143,Jacksonville,HIGH_POINT,1439068,0,0,0,0,NaN,0,0,0,NaN,0,NaN,0,0,NaN,0,0,NaN,NaN,NaN,NaN,NaN,NaN,NaN,NaN,0,0,0,0,4093.32,202,381,376,98.69,22,1986,1980,99.7,571.2,3851,61,1.58,3910,3896,99.64
09/27/2025,11,5GNR,Florida,143,Jacksonville,HIGH_POINT,4439068,0,0,0,0,NaN,0,0,0,NaN,0,NaN,0,0,NaN,0,0,NaN,NaN,NaN,NaN,NaN,NaN,NaN,NaN,0,0,0,0,4093.32,202,381,376,98.69,22,1986,1980,99.7,571.2,3851,61,1.58,3910,3896,99.64
09/27/2025,11,5GNR,Florida,143,Jacksonville,HIGH_SPRINGS_RELO,1439644,0,0,0,0,NaN,0,0,0,NaN,0,NaN,0,0,NaN,0,0,NaN,NaN,NaN,NaN,NaN,NaN,NaN,NaN,0,0,0,0,4093.32,202,381,376,98.69,22,1986,1980,99.7,571.2,3851,61,1.58,3910,3896,99.64
09/27/2025,11,5GNR,Florida,143,Jacksonville,HIGH_SPRINGS_WEST,1439571,0,0,0,0,NaN,0,0,0,NaN,0,NaN,0,0,NaN,0,0,NaN,NaN,NaN,NaN,NaN,NaN,NaN,NaN,0,0,0,0,4093.32,202,381,376,98.69,22,1986,1980,99.7,571.2,3851,61,1.58,3910,3896,99.64
09/27/2025,11,5GNR,Florida,143,Jacksonville,HILAMAN_PARK_HP001,1430365,0,0,0,0,NaN,0,0,0,NaN,0,NaN,0,0,NaN,0,0,NaN,NaN,NaN,NaN,NaN,NaN,NaN,NaN,0,0,0,0,4093.32,202,381,376,98.69,22,1986,1980,99.7,571.2,3851,61,1.58,3910,3896,99.64
09/27/2025,11,5GNR,Florida,143,Jacksonville,HILAMAN_PARK_HP001,1430366,0,0,0,0,NaN,0,0,0,NaN,0,NaN,0,0,NaN,0,0,NaN,NaN,NaN,NaN,NaN,NaN,NaN,NaN,0,0,0,0,4093.32,202,381,376,98.69,22,1986,1980,99.7,571.2,3851,61,1.58,3910,3896,99.64
09/27/2025,11,5GNR,Florida,143,Jacksonville,HILAMAN_PARK_HP002,1430368,0,0,0,0,NaN,0,0,0,NaN,0,NaN,0,0,NaN,0,0,NaN,NaN,NaN,NaN,NaN,NaN,NaN,NaN,0,0,0,0,4093.32,202,381,376,98.69,22,1986,1980,99.7,571.2,3851,61,1.58,3910,3896,99.64
09/27/2025,11,5GNR,Florida,143,Jacksonville,HILAMAN_PARK_HP002,1430369,0,0,0,0,NaN,0,0,0,NaN,0,NaN,0,0,NaN,0,0,NaN,NaN,NaN,NaN,NaN,NaN,NaN,NaN,0,0,0,0,4093.32,202,381,376,98.69,22,1986,1980,99.7,571.2,3851,61,1.58,3910,3896,99.64
09/27/2025,11,5GNR,Florida,143,Jacksonville,HILAMAN_PARK_HP002,1430370,0,0,0,0,NaN,0,0,0,NaN,0,NaN,0,0,NaN,0,0,NaN,NaN,NaN,NaN,NaN,NaN,NaN,NaN,0,0,0,0,4093.32,202,381,376,98.69,22,1986,1980,99.7,571.2,3851,61,1.58,3910,3896,99.64
09/27/2025,11,5GNR,Florida,143,Jacksonville,HILAMAN_PARK_HP003,1430371,0,0,0,0,NaN,0,0,0,NaN,0,NaN,0,0,NaN,0,0,NaN,NaN,NaN,NaN,NaN,NaN,NaN,NaN,0,0,0,0,4093.32,202,381,376,98.69,22,1986,1980,99.7,571.2,3851,61,1.58,3910,3896,99.64
09/27/2025,11,5GNR,Florida,143,Jacksonville,HILAMAN_PARK_HP003,1430372,0,0,0,0,NaN,0,0,0,NaN,0,NaN,0,0,NaN,0,0,NaN,NaN,NaN,NaN,NaN,NaN,NaN,NaN,0,0,0,0,4093.32,202,381,376,98.69,22,1986,1980,99.7,571.2,3851,61,1.58,3910,3896,99.64
09/27/2025,11,5GNR,Florida,143,Jacksonville,HILAMAN_PARK_HP003,1430373,0,0,0,0,NaN,0,0,0,NaN,0,NaN,0,0,NaN,0,0,NaN,NaN,NaN,NaN,NaN,NaN,NaN,NaN,0,0,0,0,4093.32,202,381,376,98.69,22,1986,1980,99.7,571.2,3851,61,1.58,3910,3896,99.64
09/27/2025,11,5GNR,Florida,143,Jacksonville,HILAMAN_PARK_HP004,1430374,0,0,0,0,NaN,0,0,0,NaN,0,NaN,0,0,NaN,0,0,NaN,NaN,NaN,NaN,NaN,NaN,NaN,NaN,0,0,0,0,4093.32,202,381,376,98.69,22,1986,1980,99.7,571.2,3851,61,1.58,3910,3896,99.64
09/27/2025,11,5GNR,Florida,143,Jacksonville,HILAMAN_PARK_HP004,1430375,0,0,0,0,NaN,0,0,0,NaN,0,NaN,0,0,NaN,0,0,NaN,NaN,NaN,NaN,NaN,NaN,NaN,NaN,0,0,0,0,4093.32,202,381,376,98.69,22,1986,1980,99.7,571.2,3851,61,1.58,3910,3896,99.64
09/27/2025,11,5GNR,Florida,143,Jacksonville,HILAMAN_PARK_HP004,1430376,0,0,0,0,NaN,0,0,0,NaN,0,NaN,0,0,NaN,0,0,NaN,NaN,NaN,NaN,NaN,NaN,NaN,NaN,0,0,0,0,4093.32,202,381,376,98.69,22,1986,1980,99.7,571.2,3851,61,1.58,3910,3896,99.64
09/27/2025,11,5GNR,Florida,143,Jacksonville,HILAMAN_PARK_HP005,1430377,0,0,0,0,NaN,0,0,0,NaN,0,NaN,0,0,NaN,0,0,NaN,NaN,NaN,NaN,NaN,NaN,NaN,NaN,0,0,0,0,4093.32,202,381,376,98.69,22,1986,1980,99.7,571.2,3851,61,1.58,3910,3896,99.64
09/27/2025,11,5GNR,Florida,143,Jacksonville,HILAMAN_PARK_HP005,1430378,0,0,0,0,NaN,0,0,0,NaN,0,NaN,0,0,NaN,0,0,NaN,NaN,NaN,NaN,NaN,NaN,NaN,NaN,0,0,0,0,4093.32,202,381,376,98.69,22,1986,1980,99.7,571.2,3851,61,1.58,3910,3896,99.64
09/27/2025,11,5GNR,Florida,143,Jacksonville,HILAMAN_PARK_HP005,1430379,0,0,0,0,NaN,0,0,0,NaN,0,NaN,0,0,NaN,0,0,NaN,NaN,NaN,NaN,NaN,NaN,NaN,NaN,0,0,0,0,4093.32,202,381,376,98.69,22,1986,1980,99.7,571.2,3851,61,1.58,3910,3896,99.64
09/27/2025,11,5GNR,Florida,143,Jacksonville,HILAMAN_PARK_HP006,1430380,0,0,0,0,NaN,0,0,0,NaN,0,NaN,0,0,NaN,0,0,NaN,NaN,NaN,NaN,NaN,NaN,NaN,NaN,0,0,0,0,4093.32,202,381,376,98.69,22,1986,1980,99.7,571.2,3851,61,1.58,3910,3896,99.64
09/27/2025,11,5GNR,Florida,143,Jacksonville,HILAMAN_PARK_HP006,1430381,0,0,0,0,NaN,0,0,0,NaN,0,NaN,0,0,NaN,0,0,NaN,NaN,NaN,NaN,NaN,NaN,NaN,NaN,0,0,0,0,4093.32,202,381,376,98.69,22,1986,1980,99.7,571.2,3851,61,1.58,3910,3896,99.64
09/27/2025,11,5GNR,Florida,143,Jacksonville,HILAMAN_PARK_HP006,1430382,0,0,0,0,NaN,0,0,0,NaN,0,NaN,0,0,NaN,0,0,NaN,NaN,NaN,NaN,NaN,NaN,NaN,NaN,0,0,0,0,4093.32,202,381,376,98.69,22,1986,1980,99.7,571.2,3851,61,1.58,3910,3896,99.64
09/27/2025,11,5GNR,Florida,143,Jacksonville,HILAMAN_PARK_HP007,1430383,0,0,0,0,NaN,0,0,0,NaN,0,NaN,0,0,NaN,0,0,NaN,NaN,NaN,NaN,NaN,NaN,NaN,NaN,0,0,0,0,4093.32,202,381,376,98.69,22,1986,1980,99.7,571.2,3851,61,1.58,3910,3896,99.64
09/27/2025,11,5GNR,Florida,143,Jacksonville,HILAMAN_PARK_HP007,1430384,0,0,0,0,NaN,0,0,0,NaN,0,NaN,0,0,NaN,0,0,NaN,NaN,NaN,NaN,NaN,NaN,NaN,NaN,0,0,0,0,4093.32,202,381,376,98.69,22,1986,1980,99.7,571.2,3851,61,1.58,3910,3896,99.64
09/27/2025,11,5GNR,Florida,143,Jacksonville,HILAMAN_PARK_HP008,1431332,0,0,0,0,NaN,0,0,0,NaN,0,NaN,0,0,NaN,0,0,NaN,NaN,NaN,NaN,NaN,NaN,NaN,NaN,0,0,0,0,4093.32,202,381,376,98.69,22,1986,1980,99.7,571.2,3851,61,1.58,3910,3896,99.64
09/27/2025,11,5GNR,Florida,143,Jacksonville,HILAMAN_PARK_HP008,1431333,0,0,0,0,NaN,0,0,0,NaN,0,NaN,0,0,NaN,0,0,NaN,NaN,NaN,NaN,NaN,NaN,NaN,NaN,0,0,0,0,4093.32,202,381,376,98.69,22,1986,1980,99.7,571.2,3851,61,1.58,3910,3896,99.64
09/27/2025,11,5GNR,Florida,143,Jacksonville,HILAMAN_PARK_HP008,1431334,0,0,0,0,NaN,0,0,0,NaN,0,NaN,0,0,NaN,0,0,NaN,NaN,NaN,NaN,NaN,NaN,NaN,NaN,0,0,0,0,4093.32,202,381,376,98.69,22,1986,1980,99.7,571.2,3851,61,1.58,3910,3896,99.64
09/27/2025,11,5GNR,Florida,143,Jacksonville,HILAMAN_PARK_HP010,1430389,0,0,0,0,NaN,0,0,0,NaN,0,NaN,0,0,NaN,0,0,NaN,NaN,NaN,NaN,NaN,NaN,NaN,NaN,0,0,0,0,4093.32,202,381,376,98.69,22,1986,1980,99.7,571.2,3851,61,1.58,3910,3896,99.64
09/27/2025,11,5GNR,Florida,143,Jacksonville,HILAMAN_PARK_HP010,1430390,0,0,0,0,NaN,0,0,0,NaN,0,NaN,0,0,NaN,0,0,NaN,NaN,NaN,NaN,NaN,NaN,NaN,NaN,0,0,0,0,4093.32,202,381,376,98.69,22,1986,1980,99.7,571.2,3851,61,1.58,3910,3896,99.64
09/27/2025,11,5GNR,Florida,143,Jacksonville,HILAMAN_PARK_HP010,1430391,0,0,0,0,NaN,0,0,0,NaN,0,NaN,0,0,NaN,0,0,NaN,NaN,NaN,NaN,NaN,NaN,NaN,NaN,0,0,0,0,4093.32,202,381,376,98.69,22,1986,1980,99.7,571.2,3851,61,1.58,3910,3896,99.64
09/27/2025,11,5GNR,Florida,143,Jacksonville,HILDA_CR_204,1437557,0,0,0,0,NaN,0,0,0,NaN,0,NaN,0,0,NaN,0,0,NaN,NaN,NaN,NaN,NaN,NaN,NaN,NaN,0,0,0,0,4093.32,202,381,376,98.69,22,1986,1980,99.7,571.2,3851,61,1.58,3910,3896,99.64
09/27/2025,11,5GNR,Florida,143,Jacksonville,HILDA_CR_204,1439557,0,0,0,0,NaN,0,0,0,NaN,0,NaN,0,0,NaN,0,0,NaN,NaN,NaN,NaN,NaN,NaN,NaN,NaN,0,0,0,0,4093.32,202,381,376,98.69,22,1986,1980,99.7,571.2,3851,61,1.58,3910,3896,99.64
09/27/2025,11,5GNR,Florida,143,Jacksonville,HIST_ST_AUGUSTINE_WACHOVIA_BANK,1439287,0,0,0,0,NaN,0,0,0,NaN,0,NaN,0,0,NaN,0,0,NaN,NaN,NaN,NaN,NaN,NaN,NaN,NaN,0,0,0,0,4093.32,202,381,376,98.69,22,1986,1980,99.7,571.2,3851,61,1.58,3910,3896,99.64
09/27/2025,11,5GNR,Florida,143,Jacksonville,HIST_ST_AUG_WACHOVIA_BANK,1437287,0,0,0,0,NaN,0,0,0,NaN,0,NaN,0,0,NaN,0,0,NaN,NaN,NaN,NaN,NaN,NaN,NaN,NaN,0,0,0,0,4093.32,202,381,376,98.69,22,1986,1980,99.7,571.2,3851,61,1.58,3910,3896,99.64
09/27/2025,11,5GNR,Florida,143,Jacksonville,HODGES_BLVD_N_FARIO_RD,1439338,0,0,0,0,NaN,0,0,0,NaN,0,NaN,0,0,NaN,0,0,NaN,NaN,NaN,NaN,NaN,NaN,NaN,NaN,0,0,0,0,4093.32,202,381,376,98.69,22,1986,1980,99.7,571.2,3851,61,1.58,3910,3896,99.64
09/27/2025,11,5GNR,Florida,143,Jacksonville,HOGAN_JACKS,1437989,0,0,0,0,NaN,0,0,0,NaN,0,NaN,0,0,NaN,0,0,NaN,NaN,NaN,NaN,NaN,NaN,NaN,NaN,0,0,0,0,4093.32,202,381,376,98.69,22,1986,1980,99.7,571.2,3851,61,1.58,3910,3896,99.64
09/27/2025,11,5GNR,Florida,143,Jacksonville,HOGAN_JACKS,1439989,0,0,0,0,NaN,0,0,0,NaN,0,NaN,0,0,NaN,0,0,NaN,NaN,NaN,NaN,NaN,NaN,NaN,NaN,0,0,0,0,4093.32,202,381,376,98.69,22,1986,1980,99.7,571.2,3851,61,1.58,3910,3896,99.64
09/27/2025,11,5GNR,Florida,143,Jacksonville,HOGAN_JACKS,4439989,0,0,0,0,NaN,0,0,0,NaN,0,NaN,0,0,NaN,0,0,NaN,NaN,NaN,NaN,NaN,NaN,NaN,NaN,0,0,0,0,4093.32,202,381,376,98.69,22,1986,1980,99.7,571.2,3851,61,1.58,3910,3896,99.64
09/27/2025,11,5GNR,Florida,143,Jacksonville,HOLIDIAY_HILLS,1437072,0,0,0,0,NaN,0,0,0,NaN,0,NaN,0,0,NaN,0,0,NaN,NaN,NaN,NaN,NaN,NaN,NaN,NaN,0,0,0,0,4093.32,202,381,376,98.69,22,1986,1980,99.7,571.2,3851,61,1.58,3910,3896,99.64
09/27/2025,11,5GNR,Florida,143,Jacksonville,HOLIDIAY_HILLS,1439072,0,0,0,0,NaN,0,0,0,NaN,0,NaN,0,0,NaN,0,0,NaN,NaN,NaN,NaN,NaN,NaN,NaN,NaN,0,0,0,0,4093.32,202,381,376,98.69,22,1986,1980,99.7,571.2,3851,61,1.58,3910,3896,99.64
09/27/2025,11,5GNR,Florida,143,Jacksonville,HOLLISTER,1439693,0,0,0,0,NaN,0,0,0,NaN,0,NaN,0,0,NaN,0,0,NaN,NaN,NaN,NaN,NaN,NaN,NaN,NaN,0,0,0,0,4093.32,202,381,376,98.69,22,1986,1980,99.7,571.2,3851,61,1.58,3910,3896,99.64
09/27/2025,11,5GNR,Florida,143,Jacksonville,HOLLISTER,4439693,0,0,0,0,NaN,0,0,0,NaN,0,NaN,0,0,NaN,0,0,NaN,NaN,NaN,NaN,NaN,NaN,NaN,NaN,0,0,0,0,4093.32,202,381,376,98.69,22,1986,1980,99.7,571.2,3851,61,1.58,3910,3896,99.64
09/27/2025,11,5GNR,Florida,143,Jacksonville,HOLY_TRINITY,1439566,0,0,0,0,NaN,0,0,0,NaN,0,NaN,0,0,NaN,0,0,NaN,NaN,NaN,NaN,NaN,NaN,NaN,NaN,0,0,0,0,4093.32,202,381,376,98.69,22,1986,1980,99.7,571.2,3851,61,1.58,3910,3896,99.64
09/27/2025,11,5GNR,Florida,143,Jacksonville,HOLY_TRINITY_CR_214,1437566,0,0,0,0,NaN,0,0,0,NaN,0,NaN,0,0,NaN,0,0,NaN,NaN,NaN,NaN,NaN,NaN,NaN,NaN,0,0,0,0,4093.32,202,381,376,98.69,22,1986,1980,99.7,571.2,3851,61,1.58,3910,3896,99.64
09/27/2025,11,5GNR,Florida,143,Jacksonville,HORACE_LEWIS,1439756,0,0,0,0,NaN,0,0,0,NaN,0,NaN,0,0,NaN,0,0,NaN,NaN,NaN,NaN,NaN,NaN,NaN,NaN,0,0,0,0,4093.32,202,381,376,98.69,22,1986,1980,99.7,571.2,3851,61,1.58,3910,3896,99.64
09/27/2025,11,5GNR,Florida,143,Jacksonville,HOSFORD,1439773,0,0,0,0,NaN,0,0,0,NaN,0,NaN,0,0,NaN,0,0,NaN,NaN,NaN,NaN,NaN,NaN,NaN,NaN,0,0,0,0,4093.32,202,381,376,98.69,22,1986,1980,99.7,571.2,3851,61,1.58,3910,3896,99.64
09/27/2025,11,5GNR,Florida,143,Jacksonville,HWY_51,1439611,0,0,0,0,NaN,0,0,0,NaN,0,NaN,0,0,NaN,0,0,NaN,NaN,NaN,NaN,NaN,NaN,NaN,NaN,0,0,0,0,4093.32,202,381,376,98.69,22,1986,1980,99.7,571.2,3851,61,1.58,3910,3896,99.64
09/27/2025,11,5GNR,Florida,143,Jacksonville,I10_117_118,1437362,0,0,0,0,NaN,0,0,0,NaN,0,NaN,0,0,NaN,0,0,NaN,NaN,NaN,NaN,NaN,NaN,NaN,NaN,0,0,0,0,4093.32,202,381,376,98.69,22,1986,1980,99.7,571.2,3851,61,1.58,3910,3896,99.64
09/27/2025,11,5GNR,Florida,143,Jacksonville,I10_117_118,1439362,0,0,0,0,NaN,0,0,0,NaN,0,NaN,0,0,NaN,0,0,NaN,NaN,NaN,NaN,NaN,NaN,NaN,NaN,0,0,0,0,4093.32,202,381,376,98.69,22,1986,1980,99.7,571.2,3851,61,1.58,3910,3896,99.64
09/27/2025,11,5GNR,Florida,143,Jacksonville,I10_AND_HOGAN,1439613,0,0,0,0,NaN,0,0,0,NaN,0,NaN,0,0,NaN,0,0,NaN,NaN,NaN,NaN,NaN,NaN,NaN,NaN,0,0,0,0,4093.32,202,381,376,98.69,22,1986,1980,99.7,571.2,3851,61,1.58,3910,3896,99.64
09/27/2025,11,5GNR,Florida,143,Jacksonville,IDLEWILD_CLAY,1439067,0,0,0,0,NaN,0,0,0,NaN,0,NaN,0,0,NaN,0,0,NaN,NaN,NaN,NaN,NaN,NaN,NaN,NaN,0,0,0,0,4093.32,202,381,376,98.69,22,1986,1980,99.7,571.2,3851,61,1.58,3910,3896,99.64
09/27/2025,11,5GNR,Florida,143,Jacksonville,IDLEWILD_CLAY,4439067,0,0,0,0,NaN,0,0,0,NaN,0,NaN,0,0,NaN,0,0,NaN,NaN,NaN,NaN,NaN,NaN,NaN,NaN,0,0,0,0,4093.32,202,381,376,98.69,22,1986,1980,99.7,571.2,3851,61,1.58,3910,3896,99.64
09/27/2025,11,5GNR,Florida,143,Jacksonville,INGLEWOOD,1439829,0,0,0,0,NaN,0,0,0,NaN,0,NaN,0,0,NaN,0,0,NaN,NaN,NaN,NaN,NaN,NaN,NaN,NaN,0,0,0,0,4093.32,202,381,376,98.69,22,1986,1980,99.7,571.2,3851,61,1.58,3910,3896,99.64
09/27/2025,11,5GNR,Florida,143,Jacksonville,INSITE_ALLIGATOR_POINT,1439860,0,0,0,0,NaN,0,0,0,NaN,0,NaN,0,0,NaN,0,0,NaN,NaN,NaN,NaN,NaN,NaN,NaN,NaN,0,0,0,0,4093.32,202,381,376,98.69,22,1986,1980,99.7,571.2,3851,61,1.58,3910,3896,99.64
09/27/2025,11,5GNR,Florida,143,Jacksonville,INTREPID_BRYCEVILLE,1437196,0,0,0,0,NaN,0,0,0,NaN,0,NaN,0,0,NaN,0,0,NaN,NaN,NaN,NaN,NaN,NaN,NaN,NaN,0,0,0,0,4093.32,202,381,376,98.69,22,1986,1980,99.7,571.2,3851,61,1.58,3910,3896,99.64
09/27/2025,11,5GNR,Florida,143,Jacksonville,INTREPID_BRYCEVILLE,1439196,0,0,0,0,NaN,0,0,0,NaN,0,NaN,0,0,NaN,0,0,NaN,NaN,NaN,NaN,NaN,NaN,NaN,NaN,0,0,0,0,4093.32,202,381,376,98.69,22,1986,1980,99.7,571.2,3851,61,1.58,3910,3896,99.64
09/27/2025,11,5GNR,Florida,143,Jacksonville,INTREPID_CRAWFORD,1437194,0,0,0,0,NaN,0,0,0,NaN,0,NaN,0,0,NaN,0,0,NaN,NaN,NaN,NaN,NaN,NaN,NaN,NaN,0,0,0,0,4093.32,202,381,376,98.69,22,1986,1980,99.7,571.2,3851,61,1.58,3910,3896,99.64
09/27/2025,11,5GNR,Florida,143,Jacksonville,INTREPID_CRAWFORD,1439194,0,0,0,0,NaN,0,0,0,NaN,0,NaN,0,0,NaN,0,0,NaN,NaN,NaN,NaN,NaN,NaN,NaN,NaN,0,0,0,0,4093.32,202,381,376,98.69,22,1986,1980,99.7,571.2,3851,61,1.58,3910,3896,99.64
09/27/2025,11,5GNR,Florida,143,Jacksonville,INTREPID_HURLEY_HILL,1439856,0,0,0,0,NaN,0,0,0,NaN,0,NaN,0,0,NaN,0,0,NaN,NaN,NaN,NaN,NaN,NaN,NaN,NaN,0,0,0,0,4093.32,202,381,376,98.69,22,1986,1980,99.7,571.2,3851,61,1.58,3910,3896,99.64
09/27/2025,11,5GNR,Florida,143,Jacksonville,INTREPID_MEDART,1439857,0,0,0,0,NaN,0,0,0,NaN,0,NaN,0,0,NaN,0,0,NaN,NaN,NaN,NaN,NaN,NaN,NaN,NaN,0,0,0,0,4093.32,202,381,376,98.69,22,1986,1980,99.7,571.2,3851,61,1.58,3910,3896,99.64
09/27/2025,11,5GNR,Florida,143,Jacksonville,INTREPID_ST_JOHNS,1439163,0,0,0,0,NaN,0,0,0,NaN,0,NaN,0,0,NaN,0,0,NaN,NaN,NaN,NaN,NaN,NaN,NaN,NaN,0,0,0,0,4093.32,202,381,376,98.69,22,1986,1980,99.7,571.2,3851,61,1.58,3910,3896,99.64
09/27/2025,11,5GNR,Florida,143,Jacksonville,INTREPID_ST_JOHNS,4439163,0,0,0,0,NaN,0,0,0,NaN,0,NaN,0,0,NaN,0,0,NaN,NaN,NaN,NaN,NaN,NaN,NaN,NaN,0,0,0,0,4093.32,202,381,376,98.69,22,1986,1980,99.7,571.2,3851,61,1.58,3910,3896,99.64
09/27/2025,11,5GNR,Florida,143,Jacksonville,INT_SHADY_GROVE,1439269,0,0,0,0,NaN,0,0,0,NaN,0,NaN,0,0,NaN,0,0,NaN,NaN,NaN,NaN,NaN,NaN,NaN,NaN,0,0,0,0,4093.32,202,381,376,98.69,22,1986,1980,99.7,571.2,3851,61,1.58,3910,3896,99.64
09/27/2025,11,5GNR,Florida,143,Jacksonville,JACKSONVILLE_MEMORY_GARDEN,1437335,0,0,0,0,NaN,0,0,0,NaN,0,NaN,0,0,NaN,0,0,NaN,NaN,NaN,NaN,NaN,NaN,NaN,NaN,0,0,0,0,4093.32,202,381,376,98.69,22,1986,1980,99.7,571.2,3851,61,1.58,3910,3896,99.64
09/27/2025,11,5GNR,Florida,143,Jacksonville,JACKSONVILLE_MEMORY_GARDEN,1439335,0,0,0,0,NaN,0,0,0,NaN,0,NaN,0,0,NaN,0,0,NaN,NaN,NaN,NaN,NaN,NaN,NaN,NaN,0,0,0,0,4093.32,202,381,376,98.69,22,1986,1980,99.7,571.2,3851,61,1.58,3910,3896,99.64
09/27/2025,11,5GNR,Florida,143,Jacksonville,JACKSONVILLE_RECYCLING,4439131,0,0,0,0,NaN,0,0,0,NaN,0,NaN,0,0,NaN,0,0,NaN,NaN,NaN,NaN,NaN,NaN,NaN,NaN,0,0,0,0,4093.32,202,381,376,98.69,22,1986,1980,99.7,571.2,3851,61,1.58,3910,3896,99.64
09/27/2025,11,5GNR,Florida,143,Jacksonville,JAFFA,1439079,0,0,0,0,NaN,0,0,0,NaN,0,NaN,0,0,NaN,0,0,NaN,NaN,NaN,NaN,NaN,NaN,NaN,NaN,0,0,0,0,4093.32,202,381,376,98.69,22,1986,1980,99.7,571.2,3851,61,1.58,3910,3896,99.64
09/27/2025,11,5GNR,Florida,143,Jacksonville,JASPER,1439602,0,0,0,0,NaN,0,0,0,NaN,0,NaN,0,0,NaN,0,0,NaN,NaN,NaN,NaN,NaN,NaN,NaN,NaN,0,0,0,0,4093.32,202,381,376,98.69,22,1986,1980,99.7,571.2,3851,61,1.58,3910,3896,99.64
09/27/2025,11,5GNR,Florida,143,Jacksonville,JASPER_WEST,1439471,0,0,0,0,NaN,0,0,0,NaN,0,NaN,0,0,NaN,0,0,NaN,NaN,NaN,NaN,NaN,NaN,NaN,NaN,0,0,0,0,4093.32,202,381,376,98.69,22,1986,1980,99.7,571.2,3851,61,1.58,3910,3896,99.64
09/27/2025,11,5GNR,Florida,143,Jacksonville,JAX_960,1439960,0,0,0,0,NaN,0,0,0,NaN,0,NaN,0,0,NaN,0,0,NaN,NaN,NaN,NaN,NaN,NaN,NaN,NaN,0,0,0,0,4093.32,202,381,376,98.69,22,1986,1980,99.7,571.2,3851,61,1.58,3910,3896,99.64
09/27/2025,11,5GNR,Florida,143,Jacksonville,JAX_AIRPORT_IDAS,1431310,0,0,0,0,NaN,0,0,0,NaN,0,NaN,0,0,NaN,0,0,NaN,NaN,NaN,NaN,NaN,NaN,NaN,NaN,0,0,0,0,4093.32,202,381,376,98.69,22,1986,1980,99.7,571.2,3851,61,1.58,3910,3896,99.64
09/27/2025,11,5GNR,Florida,143,Jacksonville,JAX_AIRPORT_IDAS,1431311,0,0,0,0,NaN,0,0,0,NaN,0,NaN,0,0,NaN,0,0,NaN,NaN,NaN,NaN,NaN,NaN,NaN,NaN,0,0,0,0,4093.32,202,381,376,98.69,22,1986,1980,99.7,571.2,3851,61,1.58,3910,3896,99.64
09/27/2025,11,5GNR,Florida,143,Jacksonville,JAX_AIRPORT_IDAS,1431312,0,0,0,0,NaN,0,0,0,NaN,0,NaN,0,0,NaN,0,0,NaN,NaN,NaN,NaN,NaN,NaN,NaN,NaN,0,0,0,0,4093.32,202,381,376,98.69,22,1986,1980,99.7,571.2,3851,61,1.58,3910,3896,99.64
09/27/2025,11,5GNR,Florida,143,Jacksonville,JAX_AIRPORT_IDAS,1431313,0,0,0,0,NaN,0,0,0,NaN,0,NaN,0,0,NaN,0,0,NaN,NaN,NaN,NaN,NaN,NaN,NaN,NaN,0,0,0,0,4093.32,202,381,376,98.69,22,1986,1980,99.7,571.2,3851,61,1.58,3910,3896,99.64
09/27/2025,11,5GNR,Florida,143,Jacksonville,JAX_AIRPORT_IDAS,1431314,0,0,0,0,NaN,0,0,0,NaN,0,NaN,0,0,NaN,0,0,NaN,NaN,NaN,NaN,NaN,NaN,NaN,NaN,0,0,0,0,4093.32,202,381,376,98.69,22,1986,1980,99.7,571.2,3851,61,1.58,3910,3896,99.64
09/27/2025,11,5GNR,Florida,143,Jacksonville,JAX_AIRPORT_IDAS,1431315,0,0,0,0,NaN,0,0,0,NaN,0,NaN,0,0,NaN,0,0,NaN,NaN,NaN,NaN,NaN,NaN,NaN,NaN,0,0,0,0,4093.32,202,381,376,98.69,22,1986,1980,99.7,571.2,3851,61,1.58,3910,3896,99.64
09/27/2025,11,5GNR,Florida,143,Jacksonville,JAX_AIRPORT_IDAS,1431316,0,0,0,0,NaN,0,0,0,NaN,0,NaN,0,0,NaN,0,0,NaN,NaN,NaN,NaN,NaN,NaN,NaN,NaN,0,0,0,0,4093.32,202,381,376,98.69,22,1986,1980,99.7,571.2,3851,61,1.58,3910,3896,99.64
09/27/2025,11,5GNR,Florida,143,Jacksonville,JAX_AIR_01,1430893,0,0,0,0,NaN,0,0,0,NaN,0,NaN,0,0,NaN,0,0,NaN,NaN,NaN,NaN,NaN,NaN,NaN,NaN,0,0,0,0,4093.32,202,381,376,98.69,22,1986,1980,99.7,571.2,3851,61,1.58,3910,3896,99.64
09/27/2025,11,5GNR,Florida,143,Jacksonville,JAX_AIR_01,1430894,0,0,0,0,NaN,0,0,0,NaN,0,NaN,0,0,NaN,0,0,NaN,NaN,NaN,NaN,NaN,NaN,NaN,NaN,0,0,0,0,4093.32,202,381,376,98.69,22,1986,1980,99.7,571.2,3851,61,1.58,3910,3896,99.64
09/27/2025,11,5GNR,Florida,143,Jacksonville,JAX_AIR_01,1430895,0,0,0,0,NaN,0,0,0,NaN,0,NaN,0,0,NaN,0,0,NaN,NaN,NaN,NaN,NaN,NaN,NaN,NaN,0,0,0,0,4093.32,202,381,376,98.69,22,1986,1980,99.7,571.2,3851,61,1.58,3910,3896,99.64
09/27/2025,11,5GNR,Florida,143,Jacksonville,JAX_AIR_02,1430896,0,0,0,0,NaN,0,0,0,NaN,0,NaN,0,0,NaN,0,0,NaN,NaN,NaN,NaN,NaN,NaN,NaN,NaN,0,0,0,0,4093.32,202,381,376,98.69,22,1986,1980,99.7,571.2,3851,61,1.58,3910,3896,99.64
09/27/2025,11,5GNR,Florida,143,Jacksonville,JAX_AIR_02,1430897,0,0,0,0,NaN,0,0,0,NaN,0,NaN,0,0,NaN,0,0,NaN,NaN,NaN,NaN,NaN,NaN,NaN,NaN,0,0,0,0,4093.32,202,381,376,98.69,22,1986,1980,99.7,571.2,3851,61,1.58,3910,3896,99.64
09/27/2025,11,5GNR,Florida,143,Jacksonville,JAX_AIR_02,1430898,0,0,0,0,NaN,0,0,0,NaN,0,NaN,0,0,NaN,0,0,NaN,NaN,NaN,NaN,NaN,NaN,NaN,NaN,0,0,0,0,4093.32,202,381,376,98.69,22,1986,1980,99.7,571.2,3851,61,1.58,3910,3896,99.64
09/27/2025,11,5GNR,Florida,143,Jacksonville,JAX_AIR_03,1430899,0,0,0,0,NaN,0,0,0,NaN,0,NaN,0,0,NaN,0,0,NaN,NaN,NaN,NaN,NaN,NaN,NaN,NaN,0,0,0,0,4093.32,202,381,376,98.69,22,1986,1980,99.7,571.2,3851,61,1.58,3910,3896,99.64
09/27/2025,11,5GNR,Florida,143,Jacksonville,JAX_AIR_03,1430900,0,0,0,0,NaN,0,0,0,NaN,0,NaN,0,0,NaN,0,0,NaN,NaN,NaN,NaN,NaN,NaN,NaN,NaN,0,0,0,0,4093.32,202,381,376,98.69,22,1986,1980,99.7,571.2,3851,61,1.58,3910,3896,99.64
09/27/2025,11,5GNR,Florida,143,Jacksonville,JAX_AIR_03,1430901,0,0,0,0,NaN,0,0,0,NaN,0,NaN,0,0,NaN,0,0,NaN,NaN,NaN,NaN,NaN,NaN,NaN,NaN,0,0,0,0,4093.32,202,381,376,98.69,22,1986,1980,99.7,571.2,3851,61,1.58,3910,3896,99.64
09/27/2025,11,5GNR,Florida,143,Jacksonville,JAX_AIR_04,1430902,0,0,0,0,NaN,0,0,0,NaN,0,NaN,0,0,NaN,0,0,NaN,NaN,NaN,NaN,NaN,NaN,NaN,NaN,0,0,0,0,4093.32,202,381,376,98.69,22,1986,1980,99.7,571.2,3851,61,1.58,3910,3896,99.64
09/27/2025,11,5GNR,Florida,143,Jacksonville,JAX_AIR_04,1430903,0,0,0,0,NaN,0,0,0,NaN,0,NaN,0,0,NaN,0,0,NaN,NaN,NaN,NaN,NaN,NaN,NaN,NaN,0,0,0,0,4093.32,202,381,376,98.69,22,1986,1980,99.7,571.2,3851,61,1.58,3910,3896,99.64
09/27/2025,11,5GNR,Florida,143,Jacksonville,JAX_AIR_04,1430904,0,0,0,0,NaN,0,0,0,NaN,0,NaN,0,0,NaN,0,0,NaN,NaN,NaN,NaN,NaN,NaN,NaN,NaN,0,0,0,0,4093.32,202,381,376,98.69,22,1986,1980,99.7,571.2,3851,61,1.58,3910,3896,99.64
09/27/2025,11,5GNR,Florida,143,Jacksonville,JAX_AIR_11,1430917,0,0,0,0,NaN,0,0,0,NaN,0,NaN,0,0,NaN,0,0,NaN,NaN,NaN,NaN,NaN,NaN,NaN,NaN,0,0,0,0,4093.32,202,381,376,98.69,22,1986,1980,99.7,571.2,3851,61,1.58,3910,3896,99.64
09/27/2025,11,5GNR,Florida,143,Jacksonville,JAX_AIR_11,1430918,0,0,0,0,NaN,0,0,0,NaN,0,NaN,0,0,NaN,0,0,NaN,NaN,NaN,NaN,NaN,NaN,NaN,NaN,0,0,0,0,4093.32,202,381,376,98.69,22,1986,1980,99.7,571.2,3851,61,1.58,3910,3896,99.64
09/27/2025,11,5GNR,Florida,143,Jacksonville,JAX_AIR_11,1430919,0,0,0,0,NaN,0,0,0,NaN,0,NaN,0,0,NaN,0,0,NaN,NaN,NaN,NaN,NaN,NaN,NaN,NaN,0,0,0,0,4093.32,202,381,376,98.69,22,1986,1980,99.7,571.2,3851,61,1.58,3910,3896,99.64
09/27/2025,11,5GNR,Florida,143,Jacksonville,JAX_AIR_12,1430920,0,0,0,0,NaN,0,0,0,NaN,0,NaN,0,0,NaN,0,0,NaN,NaN,NaN,NaN,NaN,NaN,NaN,NaN,0,0,0,0,4093.32,202,381,376,98.69,22,1986,1980,99.7,571.2,3851,61,1.58,3910,3896,99.64
09/27/2025,11,5GNR,Florida,143,Jacksonville,JAX_AIR_12,1430921,0,0,0,0,NaN,0,0,0,NaN,0,NaN,0,0,NaN,0,0,NaN,NaN,NaN,NaN,NaN,NaN,NaN,NaN,0,0,0,0,4093.32,202,381,376,98.69,22,1986,1980,99.7,571.2,3851,61,1.58,3910,3896,99.64
09/27/2025,11,5GNR,Florida,143,Jacksonville,JAX_AIR_12,1430922,0,0,0,0,NaN,0,0,0,NaN,0,NaN,0,0,NaN,0,0,NaN,NaN,NaN,NaN,NaN,NaN,NaN,NaN,0,0,0,0,4093.32,202,381,376,98.69,22,1986,1980,99.7,571.2,3851,61,1.58,3910,3896,99.64
09/27/2025,11,5GNR,Florida,143,Jacksonville,JAX_BEACH_WATER_TANK,1439036,0,0,0,0,NaN,0,0,0,NaN,0,NaN,0,0,NaN,0,0,NaN,NaN,NaN,NaN,NaN,NaN,NaN,NaN,0,0,0,0,4093.32,202,381,376,98.69,22,1986,1980,99.7,571.2,3851,61,1.58,3910,3896,99.64
09/27/2025,11,5GNR,Florida,143,Jacksonville,JAX_BEACH_WATER_TANK,4439036,0,0,0,0,NaN,0,0,0,NaN,0,NaN,0,0,NaN,0,0,NaN,NaN,NaN,NaN,NaN,NaN,NaN,NaN,0,0,0,0,4093.32,202,381,376,98.69,22,1986,1980,99.7,571.2,3851,61,1.58,3910,3896,99.64
09/27/2025,11,5GNR,Florida,143,Jacksonville,JAX_BILTMORE_SW,1437909,0,0,0,0,NaN,0,0,0,NaN,0,NaN,0,0,NaN,0,0,NaN,NaN,NaN,NaN,NaN,NaN,NaN,NaN,0,0,0,0,4093.32,202,381,376,98.69,22,1986,1980,99.7,571.2,3851,61,1.58,3910,3896,99.64
09/27/2025,11,5GNR,Florida,143,Jacksonville,JAX_BILTMORE_SW,1439909,0,0,0,0,NaN,0,0,0,NaN,0,NaN,0,0,NaN,0,0,NaN,NaN,NaN,NaN,NaN,NaN,NaN,NaN,0,0,0,0,4093.32,202,381,376,98.69,22,1986,1980,99.7,571.2,3851,61,1.58,3910,3896,99.64
09/27/2025,11,5GNR,Florida,143,Jacksonville,JAX_BILTMORE_SW,4439909,0,0,0,0,NaN,0,0,0,NaN,0,NaN,0,0,NaN,0,0,NaN,NaN,NaN,NaN,NaN,NaN,NaN,NaN,0,0,0,0,4093.32,202,381,376,98.69,22,1986,1980,99.7,571.2,3851,61,1.58,3910,3896,99.64
09/27/2025,11,5GNR,Florida,143,Jacksonville,JAX_COLLEGE_PARK,1439372,0,0,0,0,NaN,0,0,0,NaN,0,NaN,0,0,NaN,0,0,NaN,NaN,NaN,NaN,NaN,NaN,NaN,NaN,0,0,0,0,4093.32,202,381,376,98.69,22,1986,1980,99.7,571.2,3851,61,1.58,3910,3896,99.64
09/27/2025,11,5GNR,Florida,143,Jacksonville,JAX_COLLEGE_PARK,4439372,0,0,0,0,NaN,0,0,0,NaN,0,NaN,0,0,NaN,0,0,NaN,NaN,NaN,NaN,NaN,NaN,NaN,NaN,0,0,0,0,4093.32,202,381,376,98.69,22,1986,1980,99.7,571.2,3851,61,1.58,3910,3896,99.64
09/27/2025,11,5GNR,Florida,143,Jacksonville,JAX_DT,1439169,0,0,0,0,NaN,0,0,0,NaN,0,NaN,0,0,NaN,0,0,NaN,NaN,NaN,NaN,NaN,NaN,NaN,NaN,0,0,0,0,4093.32,202,381,376,98.69,22,1986,1980,99.7,571.2,3851,61,1.58,3910,3896,99.64
09/27/2025,11,5GNR,Florida,143,Jacksonville,JAX_DT,1439378,0,0,0,0,NaN,0,0,0,NaN,0,NaN,0,0,NaN,0,0,NaN,NaN,NaN,NaN,NaN,NaN,NaN,NaN,0,0,0,0,4093.32,202,381,376,98.69,22,1986,1980,99.7,571.2,3851,61,1.58,3910,3896,99.64
09/27/2025,11,5GNR,Florida,143,Jacksonville,JAX_DT,1439415,0,0,0,0,NaN,0,0,0,NaN,0,NaN,0,0,NaN,0,0,NaN,NaN,NaN,NaN,NaN,NaN,NaN,NaN,0,0,0,0,4093.32,202,381,376,98.69,22,1986,1980,99.7,571.2,3851,61,1.58,3910,3896,99.64
09/27/2025,11,5GNR,Florida,143,Jacksonville,JAX_DT,1439419,0,0,0,0,NaN,0,0,0,NaN,0,NaN,0,0,NaN,0,0,NaN,NaN,NaN,NaN,NaN,NaN,NaN,NaN,0,0,0,0,4093.32,202,381,376,98.69,22,1986,1980,99.7,571.2,3851,61,1.58,3910,3896,99.64
09/27/2025,11,5GNR,Florida,143,Jacksonville,JAX_DT,1439423,0,0,0,0,NaN,0,0,0,NaN,0,NaN,0,0,NaN,0,0,NaN,NaN,NaN,NaN,NaN,NaN,NaN,NaN,0,0,0,0,4093.32,202,381,376,98.69,22,1986,1980,99.7,571.2,3851,61,1.58,3910,3896,99.64
09/27/2025,11,5GNR,Florida,143,Jacksonville,JAX_DT,4439378,0,0,0,0,NaN,0,0,0,NaN,0,NaN,0,0,NaN,0,0,NaN,NaN,NaN,NaN,NaN,NaN,NaN,NaN,0,0,0,0,4093.32,202,381,376,98.69,22,1986,1980,99.7,571.2,3851,61,1.58,3910,3896,99.64
09/27/2025,11,5GNR,Florida,143,Jacksonville,JAX_DT,4439415,0,0,0,0,NaN,0,0,0,NaN,0,NaN,0,0,NaN,0,0,NaN,NaN,NaN,NaN,NaN,NaN,NaN,NaN,0,0,0,0,4093.32,202,381,376,98.69,22,1986,1980,99.7,571.2,3851,61,1.58,3910,3896,99.64
09/27/2025,11,5GNR,Florida,143,Jacksonville,JAX_DT,4439423,0,0,0,0,NaN,0,0,0,NaN,0,NaN,0,0,NaN,0,0,NaN,NaN,NaN,NaN,NaN,NaN,NaN,NaN,0,0,0,0,4093.32,202,381,376,98.69,22,1986,1980,99.7,571.2,3851,61,1.58,3910,3896,99.64
09/27/2025,11,5GNR,Florida,143,Jacksonville,JAX_DT_001,1430053,0,0,0,0,NaN,0,0,0,NaN,0,NaN,0,0,NaN,0,0,NaN,NaN,NaN,NaN,NaN,NaN,NaN,NaN,0,0,0,0,4093.32,202,381,376,98.69,22,1986,1980,99.7,571.2,3851,61,1.58,3910,3896,99.64
09/27/2025,11,5GNR,Florida,143,Jacksonville,JAX_DT_001,1430054,0,0,0,0,NaN,0,0,0,NaN,0,NaN,0,0,NaN,0,0,NaN,NaN,NaN,NaN,NaN,NaN,NaN,NaN,0,0,0,0,4093.32,202,381,376,98.69,22,1986,1980,99.7,571.2,3851,61,1.58,3910,3896,99.64
09/27/2025,11,5GNR,Florida,143,Jacksonville,JAX_DT_001,1430055,0,0,0,0,NaN,0,0,0,NaN,0,NaN,0,0,NaN,0,0,NaN,NaN,NaN,NaN,NaN,NaN,NaN,NaN,0,0,0,0,4093.32,202,381,376,98.69,22,1986,1980,99.7,571.2,3851,61,1.58,3910,3896,99.64
09/27/2025,11,5GNR,Florida,143,Jacksonville,JAX_DT_002,1430056,0,0,0,0,NaN,0,0,0,NaN,0,NaN,0,0,NaN,0,0,NaN,NaN,NaN,NaN,NaN,NaN,NaN,NaN,0,0,0,0,4093.32,202,381,376,98.69,22,1986,1980,99.7,571.2,3851,61,1.58,3910,3896,99.64
09/27/2025,11,5GNR,Florida,143,Jacksonville,JAX_DT_002,1430057,0,0,0,0,NaN,0,0,0,NaN,0,NaN,0,0,NaN,0,0,NaN,NaN,NaN,NaN,NaN,NaN,NaN,NaN,0,0,0,0,4093.32,202,381,376,98.69,22,1986,1980,99.7,571.2,3851,61,1.58,3910,3896,99.64
09/27/2025,11,5GNR,Florida,143,Jacksonville,JAX_DT_002,1430058,0,0,0,0,NaN,0,0,0,NaN,0,NaN,0,0,NaN,0,0,NaN,NaN,NaN,NaN,NaN,NaN,NaN,NaN,0,0,0,0,4093.32,202,381,376,98.69,22,1986,1980,99.7,571.2,3851,61,1.58,3910,3896,99.64
09/27/2025,11,5GNR,Florida,143,Jacksonville,JAX_DT_003,1430059,0,0,0,0,NaN,0,0,0,NaN,0,NaN,0,0,NaN,0,0,NaN,NaN,NaN,NaN,NaN,NaN,NaN,NaN,0,0,0,0,4093.32,202,381,376,98.69,22,1986,1980,99.7,571.2,3851,61,1.58,3910,3896,99.64
09/27/2025,11,5GNR,Florida,143,Jacksonville,JAX_DT_003,1430060,0,0,0,0,NaN,0,0,0,NaN,0,NaN,0,0,NaN,0,0,NaN,NaN,NaN,NaN,NaN,NaN,NaN,NaN,0,0,0,0,4093.32,202,381,376,98.69,22,1986,1980,99.7,571.2,3851,61,1.58,3910,3896,99.64
09/27/2025,11,5GNR,Florida,143,Jacksonville,JAX_DT_003,1430061,0,0,0,0,NaN,0,0,0,NaN,0,NaN,0,0,NaN,0,0,NaN,NaN,NaN,NaN,NaN,NaN,NaN,NaN,0,0,0,0,4093.32,202,381,376,98.69,22,1986,1980,99.7,571.2,3851,61,1.58,3910,3896,99.64
09/27/2025,11,5GNR,Florida,143,Jacksonville,JAX_DT_004,1430062,0,0,0,0,NaN,0,0,0,NaN,0,NaN,0,0,NaN,0,0,NaN,NaN,NaN,NaN,NaN,NaN,NaN,NaN,0,0,0,0,4093.32,202,381,376,98.69,22,1986,1980,99.7,571.2,3851,61,1.58,3910,3896,99.64
09/27/2025,11,5GNR,Florida,143,Jacksonville,JAX_DT_004,1430063,0,0,0,0,NaN,0,0,0,NaN,0,NaN,0,0,NaN,0,0,NaN,NaN,NaN,NaN,NaN,NaN,NaN,NaN,0,0,0,0,4093.32,202,381,376,98.69,22,1986,1980,99.7,571.2,3851,61,1.58,3910,3896,99.64
09/27/2025,11,5GNR,Florida,143,Jacksonville,JAX_DT_004,1430064,0,0,0,0,NaN,0,0,0,NaN,0,NaN,0,0,NaN,0,0,NaN,NaN,NaN,NaN,NaN,NaN,NaN,NaN,0,0,0,0,4093.32,202,381,376,98.69,22,1986,1980,99.7,571.2,3851,61,1.58,3910,3896,99.64
09/27/2025,11,5GNR,Florida,143,Jacksonville,JAX_DT_005,1430065,0,0,0,0,NaN,0,0,0,NaN,0,NaN,0,0,NaN,0,0,NaN,NaN,NaN,NaN,NaN,NaN,NaN,NaN,0,0,0,0,4093.32,202,381,376,98.69,22,1986,1980,99.7,571.2,3851,61,1.58,3910,3896,99.64
09/27/2025,11,5GNR,Florida,143,Jacksonville,JAX_DT_005,1430066,0,0,0,0,NaN,0,0,0,NaN,0,NaN,0,0,NaN,0,0,NaN,NaN,NaN,NaN,NaN,NaN,NaN,NaN,0,0,0,0,4093.32,202,381,376,98.69,22,1986,1980,99.7,571.2,3851,61,1.58,3910,3896,99.64
09/27/2025,11,5GNR,Florida,143,Jacksonville,JAX_DT_005,1430067,0,0,0,0,NaN,0,0,0,NaN,0,NaN,0,0,NaN,0,0,NaN,NaN,NaN,NaN,NaN,NaN,NaN,NaN,0,0,0,0,4093.32,202,381,376,98.69,22,1986,1980,99.7,571.2,3851,61,1.58,3910,3896,99.64
09/27/2025,11,5GNR,Florida,143,Jacksonville,JAX_DT_006,1430068,0,0,0,0,NaN,0,0,0,NaN,0,NaN,0,0,NaN,0,0,NaN,NaN,NaN,NaN,NaN,NaN,NaN,NaN,0,0,0,0,4093.32,202,381,376,98.69,22,1986,1980,99.7,571.2,3851,61,1.58,3910,3896,99.64
09/27/2025,11,5GNR,Florida,143,Jacksonville,JAX_DT_006,1430069,0,0,0,0,NaN,0,0,0,NaN,0,NaN,0,0,NaN,0,0,NaN,NaN,NaN,NaN,NaN,NaN,NaN,NaN,0,0,0,0,4093.32,202,381,376,98.69,22,1986,1980,99.7,571.2,3851,61,1.58,3910,3896,99.64
09/27/2025,11,5GNR,Florida,143,Jacksonville,JAX_DT_006,1430070,0,0,0,0,NaN,0,0,0,NaN,0,NaN,0,0,NaN,0,0,NaN,NaN,NaN,NaN,NaN,NaN,NaN,NaN,0,0,0,0,4093.32,202,381,376,98.69,22,1986,1980,99.7,571.2,3851,61,1.58,3910,3896,99.64
09/27/2025,11,5GNR,Florida,143,Jacksonville,JAX_DT_007,1430071,0,0,0,0,NaN,0,0,0,NaN,0,NaN,0,0,NaN,0,0,NaN,NaN,NaN,NaN,NaN,NaN,NaN,NaN,0,0,0,0,4093.32,202,381,376,98.69,22,1986,1980,99.7,571.2,3851,61,1.58,3910,3896,99.64
09/27/2025,11,5GNR,Florida,143,Jacksonville,JAX_DT_007,1430072,0,0,0,0,NaN,0,0,0,NaN,0,NaN,0,0,NaN,0,0,NaN,NaN,NaN,NaN,NaN,NaN,NaN,NaN,0,0,0,0,4093.32,202,381,376,98.69,22,1986,1980,99.7,571.2,3851,61,1.58,3910,3896,99.64
09/27/2025,11,5GNR,Florida,143,Jacksonville,JAX_DT_007,1430073,0,0,0,0,NaN,0,0,0,NaN,0,NaN,0,0,NaN,0,0,NaN,NaN,NaN,NaN,NaN,NaN,NaN,NaN,0,0,0,0,4093.32,202,381,376,98.69,22,1986,1980,99.7,571.2,3851,61,1.58,3910,3896,99.64
09/27/2025,11,5GNR,Florida,143,Jacksonville,JAX_DT_008,1430074,0,0,0,0,NaN,0,0,0,NaN,0,NaN,0,0,NaN,0,0,NaN,NaN,NaN,NaN,NaN,NaN,NaN,NaN,0,0,0,0,4093.32,202,381,376,98.69,22,1986,1980,99.7,571.2,3851,61,1.58,3910,3896,99.64
09/27/2025,11,5GNR,Florida,143,Jacksonville,JAX_DT_008,1430075,0,0,0,0,NaN,0,0,0,NaN,0,NaN,0,0,NaN,0,0,NaN,NaN,NaN,NaN,NaN,NaN,NaN,NaN,0,0,0,0,4093.32,202,381,376,98.69,22,1986,1980,99.7,571.2,3851,61,1.58,3910,3896,99.64
09/27/2025,11,5GNR,Florida,143,Jacksonville,JAX_DT_008,1430076,0,0,0,0,NaN,0,0,0,NaN,0,NaN,0,0,NaN,0,0,NaN,NaN,NaN,NaN,NaN,NaN,NaN,NaN,0,0,0,0,4093.32,202,381,376,98.69,22,1986,1980,99.7,571.2,3851,61,1.58,3910,3896,99.64
09/27/2025,11,5GNR,Florida,143,Jacksonville,JAX_DT_009,1430077,0,0,0,0,NaN,0,0,0,NaN,0,NaN,0,0,NaN,0,0,NaN,NaN,NaN,NaN,NaN,NaN,NaN,NaN,0,0,0,0,4093.32,202,381,376,98.69,22,1986,1980,99.7,571.2,3851,61,1.58,3910,3896,99.64
09/27/2025,11,5GNR,Florida,143,Jacksonville,JAX_DT_009,1430078,0,0,0,0,NaN,0,0,0,NaN,0,NaN,0,0,NaN,0,0,NaN,NaN,NaN,NaN,NaN,NaN,NaN,NaN,0,0,0,0,4093.32,202,381,376,98.69,22,1986,1980,99.7,571.2,3851,61,1.58,3910,3896,99.64
09/27/2025,11,5GNR,Florida,143,Jacksonville,JAX_DT_009,1430079,0,0,0,0,NaN,0,0,0,NaN,0,NaN,0,0,NaN,0,0,NaN,NaN,NaN,NaN,NaN,NaN,NaN,NaN,0,0,0,0,4093.32,202,381,376,98.69,22,1986,1980,99.7,571.2,3851,61,1.58,3910,3896,99.64
09/27/2025,11,5GNR,Florida,143,Jacksonville,JAX_DT_010,1430080,0,0,0,0,NaN,0,0,0,NaN,0,NaN,0,0,NaN,0,0,NaN,NaN,NaN,NaN,NaN,NaN,NaN,NaN,0,0,0,0,4093.32,202,381,376,98.69,22,1986,1980,99.7,571.2,3851,61,1.58,3910,3896,99.64
09/27/2025,11,5GNR,Florida,143,Jacksonville,JAX_DT_010,1430081,0,0,0,0,NaN,0,0,0,NaN,0,NaN,0,0,NaN,0,0,NaN,NaN,NaN,NaN,NaN,NaN,NaN,NaN,0,0,0,0,4093.32,202,381,376,98.69,22,1986,1980,99.7,571.2,3851,61,1.58,3910,3896,99.64
09/27/2025,11,5GNR,Florida,143,Jacksonville,JAX_DT_010,1430082,0,0,0,0,NaN,0,0,0,NaN,0,NaN,0,0,NaN,0,0,NaN,NaN,NaN,NaN,NaN,NaN,NaN,NaN,0,0,0,0,4093.32,202,381,376,98.69,22,1986,1980,99.7,571.2,3851,61,1.58,3910,3896,99.64
09/27/2025,11,5GNR,Florida,143,Jacksonville,JAX_DT_011,1430083,0,0,0,0,NaN,0,0,0,NaN,0,NaN,0,0,NaN,0,0,NaN,NaN,NaN,NaN,NaN,NaN,NaN,NaN,0,0,0,0,4093.32,202,381,376,98.69,22,1986,1980,99.7,571.2,3851,61,1.58,3910,3896,99.64
09/27/2025,11,5GNR,Florida,143,Jacksonville,JAX_DT_011,1430084,0,0,0,0,NaN,0,0,0,NaN,0,NaN,0,0,NaN,0,0,NaN,NaN,NaN,NaN,NaN,NaN,NaN,NaN,0,0,0,0,4093.32,202,381,376,98.69,22,1986,1980,99.7,571.2,3851,61,1.58,3910,3896,99.64
09/27/2025,11,5GNR,Florida,143,Jacksonville,JAX_DT_011,1430085,0,0,0,0,NaN,0,0,0,NaN,0,NaN,0,0,NaN,0,0,NaN,NaN,NaN,NaN,NaN,NaN,NaN,NaN,0,0,0,0,4093.32,202,381,376,98.69,22,1986,1980,99.7,571.2,3851,61,1.58,3910,3896,99.64
09/27/2025,11,5GNR,Florida,143,Jacksonville,JAX_DT_012,1430086,0,0,0,0,NaN,0,0,0,NaN,0,NaN,0,0,NaN,0,0,NaN,NaN,NaN,NaN,NaN,NaN,NaN,NaN,0,0,0,0,4093.32,202,381,376,98.69,22,1986,1980,99.7,571.2,3851,61,1.58,3910,3896,99.64
09/27/2025,11,5GNR,Florida,143,Jacksonville,JAX_DT_012,1430087,0,0,0,0,NaN,0,0,0,NaN,0,NaN,0,0,NaN,0,0,NaN,NaN,NaN,NaN,NaN,NaN,NaN,NaN,0,0,0,0,4093.32,202,381,376,98.69,22,1986,1980,99.7,571.2,3851,61,1.58,3910,3896,99.64
09/27/2025,11,5GNR,Florida,143,Jacksonville,JAX_DT_012,1430088,0,0,0,0,NaN,0,0,0,NaN,0,NaN,0,0,NaN,0,0,NaN,NaN,NaN,NaN,NaN,NaN,NaN,NaN,0,0,0,0,4093.32,202,381,376,98.69,22,1986,1980,99.7,571.2,3851,61,1.58,3910,3896,99.64
09/27/2025,11,5GNR,Florida,143,Jacksonville,JAX_DT_013,1430089,0,0,0,0,NaN,0,0,0,NaN,0,NaN,0,0,NaN,0,0,NaN,NaN,NaN,NaN,NaN,NaN,NaN,NaN,0,0,0,0,4093.32,202,381,376,98.69,22,1986,1980,99.7,571.2,3851,61,1.58,3910,3896,99.64
09/27/2025,11,5GNR,Florida,143,Jacksonville,JAX_DT_013,1430090,0,0,0,0,NaN,0,0,0,NaN,0,NaN,0,0,NaN,0,0,NaN,NaN,NaN,NaN,NaN,NaN,NaN,NaN,0,0,0,0,4093.32,202,381,376,98.69,22,1986,1980,99.7,571.2,3851,61,1.58,3910,3896,99.64
09/27/2025,11,5GNR,Florida,143,Jacksonville,JAX_DT_013,1430091,0,0,0,0,NaN,0,0,0,NaN,0,NaN,0,0,NaN,0,0,NaN,NaN,NaN,NaN,NaN,NaN,NaN,NaN,0,0,0,0,4093.32,202,381,376,98.69,22,1986,1980,99.7,571.2,3851,61,1.58,3910,3896,99.64
09/27/2025,11,5GNR,Florida,143,Jacksonville,JAX_DT_014,1430092,0,0,0,0,NaN,0,0,0,NaN,0,NaN,0,0,NaN,0,0,NaN,NaN,NaN,NaN,NaN,NaN,NaN,NaN,0,0,0,0,4093.32,202,381,376,98.69,22,1986,1980,99.7,571.2,3851,61,1.58,3910,3896,99.64
09/27/2025,11,5GNR,Florida,143,Jacksonville,JAX_DT_014,1430093,0,0,0,0,NaN,0,0,0,NaN,0,NaN,0,0,NaN,0,0,NaN,NaN,NaN,NaN,NaN,NaN,NaN,NaN,0,0,0,0,4093.32,202,381,376,98.69,22,1986,1980,99.7,571.2,3851,61,1.58,3910,3896,99.64
09/27/2025,11,5GNR,Florida,143,Jacksonville,JAX_DT_014,1430094,0,0,0,0,NaN,0,0,0,NaN,0,NaN,0,0,NaN,0,0,NaN,NaN,NaN,NaN,NaN,NaN,NaN,NaN,0,0,0,0,4093.32,202,381,376,98.69,22,1986,1980,99.7,571.2,3851,61,1.58,3910,3896,99.64
09/27/2025,11,5GNR,Florida,143,Jacksonville,JAX_DT_015,1430095,0,0,0,0,NaN,0,0,0,NaN,0,NaN,0,0,NaN,0,0,NaN,NaN,NaN,NaN,NaN,NaN,NaN,NaN,0,0,0,0,4093.32,202,381,376,98.69,22,1986,1980,99.7,571.2,3851,61,1.58,3910,3896,99.64
09/27/2025,11,5GNR,Florida,143,Jacksonville,JAX_DT_015,1430096,0,0,0,0,NaN,0,0,0,NaN,0,NaN,0,0,NaN,0,0,NaN,NaN,NaN,NaN,NaN,NaN,NaN,NaN,0,0,0,0,4093.32,202,381,376,98.69,22,1986,1980,99.7,571.2,3851,61,1.58,3910,3896,99.64
09/27/2025,11,5GNR,Florida,143,Jacksonville,JAX_DT_015,1430097,0,0,0,0,NaN,0,0,0,NaN,0,NaN,0,0,NaN,0,0,NaN,NaN,NaN,NaN,NaN,NaN,NaN,NaN,0,0,0,0,4093.32,202,381,376,98.69,22,1986,1980,99.7,571.2,3851,61,1.58,3910,3896,99.64
09/27/2025,11,5GNR,Florida,143,Jacksonville,JAX_DT_016,1430098,0,0,0,0,NaN,0,0,0,NaN,0,NaN,0,0,NaN,0,0,NaN,NaN,NaN,NaN,NaN,NaN,NaN,NaN,0,0,0,0,4093.32,202,381,376,98.69,22,1986,1980,99.7,571.2,3851,61,1.58,3910,3896,99.64
09/27/2025,11,5GNR,Florida,143,Jacksonville,JAX_DT_016,1430099,0,0,0,0,NaN,0,0,0,NaN,0,NaN,0,0,NaN,0,0,NaN,NaN,NaN,NaN,NaN,NaN,NaN,NaN,0,0,0,0,4093.32,202,381,376,98.69,22,1986,1980,99.7,571.2,3851,61,1.58,3910,3896,99.64
09/27/2025,11,5GNR,Florida,143,Jacksonville,JAX_DT_016,1430100,0,0,0,0,NaN,0,0,0,NaN,0,NaN,0,0,NaN,0,0,NaN,NaN,NaN,NaN,NaN,NaN,NaN,NaN,0,0,0,0,4093.32,202,381,376,98.69,22,1986,1980,99.7,571.2,3851,61,1.58,3910,3896,99.64
09/27/2025,11,5GNR,Florida,143,Jacksonville,JAX_DT_017,1430101,0,0,0,0,NaN,0,0,0,NaN,0,NaN,0,0,NaN,0,0,NaN,NaN,NaN,NaN,NaN,NaN,NaN,NaN,0,0,0,0,4093.32,202,381,376,98.69,22,1986,1980,99.7,571.2,3851,61,1.58,3910,3896,99.64
09/27/2025,11,5GNR,Florida,143,Jacksonville,JAX_DT_017,1430102,0,0,0,0,NaN,0,0,0,NaN,0,NaN,0,0,NaN,0,0,NaN,NaN,NaN,NaN,NaN,NaN,NaN,NaN,0,0,0,0,4093.32,202,381,376,98.69,22,1986,1980,99.7,571.2,3851,61,1.58,3910,3896,99.64
09/27/2025,11,5GNR,Florida,143,Jacksonville,JAX_DT_017,1430103,0,0,0,0,NaN,0,0,0,NaN,0,NaN,0,0,NaN,0,0,NaN,NaN,NaN,NaN,NaN,NaN,NaN,NaN,0,0,0,0,4093.32,202,381,376,98.69,22,1986,1980,99.7,571.2,3851,61,1.58,3910,3896,99.64
09/27/2025,11,5GNR,Florida,143,Jacksonville,JAX_DT_018,1430104,0,0,0,0,NaN,0,0,0,NaN,0,NaN,0,0,NaN,0,0,NaN,NaN,NaN,NaN,NaN,NaN,NaN,NaN,0,0,0,0,4093.32,202,381,376,98.69,22,1986,1980,99.7,571.2,3851,61,1.58,3910,3896,99.64
09/27/2025,11,5GNR,Florida,143,Jacksonville,JAX_DT_018,1430105,0,0,0,0,NaN,0,0,0,NaN,0,NaN,0,0,NaN,0,0,NaN,NaN,NaN,NaN,NaN,NaN,NaN,NaN,0,0,0,0,4093.32,202,381,376,98.69,22,1986,1980,99.7,571.2,3851,61,1.58,3910,3896,99.64
09/27/2025,11,5GNR,Florida,143,Jacksonville,JAX_DT_018,1430106,0,0,0,0,NaN,0,0,0,NaN,0,NaN,0,0,NaN,0,0,NaN,NaN,NaN,NaN,NaN,NaN,NaN,NaN,0,0,0,0,4093.32,202,381,376,98.69,22,1986,1980,99.7,571.2,3851,61,1.58,3910,3896,99.64
09/27/2025,11,5GNR,Florida,143,Jacksonville,JAX_DT_019,1430107,0,0,0,0,NaN,0,0,0,NaN,0,NaN,0,0,NaN,0,0,NaN,NaN,NaN,NaN,NaN,NaN,NaN,NaN,0,0,0,0,4093.32,202,381,376,98.69,22,1986,1980,99.7,571.2,3851,61,1.58,3910,3896,99.64
09/27/2025,11,5GNR,Florida,143,Jacksonville,JAX_DT_019,1430108,0,0,0,0,NaN,0,0,0,NaN,0,NaN,0,0,NaN,0,0,NaN,NaN,NaN,NaN,NaN,NaN,NaN,NaN,0,0,0,0,4093.32,202,381,376,98.69,22,1986,1980,99.7,571.2,3851,61,1.58,3910,3896,99.64
09/27/2025,11,5GNR,Florida,143,Jacksonville,JAX_DT_019,1430109,0,0,0,0,NaN,0,0,0,NaN,0,NaN,0,0,NaN,0,0,NaN,NaN,NaN,NaN,NaN,NaN,NaN,NaN,0,0,0,0,4093.32,202,381,376,98.69,22,1986,1980,99.7,571.2,3851,61,1.58,3910,3896,99.64
09/27/2025,11,5GNR,Florida,143,Jacksonville,JAX_DT_020,1430110,0,0,0,0,NaN,0,0,0,NaN,0,NaN,0,0,NaN,0,0,NaN,NaN,NaN,NaN,NaN,NaN,NaN,NaN,0,0,0,0,4093.32,202,381,376,98.69,22,1986,1980,99.7,571.2,3851,61,1.58,3910,3896,99.64
09/27/2025,11,5GNR,Florida,143,Jacksonville,JAX_DT_020,1430111,0,0,0,0,NaN,0,0,0,NaN,0,NaN,0,0,NaN,0,0,NaN,NaN,NaN,NaN,NaN,NaN,NaN,NaN,0,0,0,0,4093.32,202,381,376,98.69,22,1986,1980,99.7,571.2,3851,61,1.58,3910,3896,99.64
09/27/2025,11,5GNR,Florida,143,Jacksonville,JAX_DT_020,1430112,0,0,0,0,NaN,0,0,0,NaN,0,NaN,0,0,NaN,0,0,NaN,NaN,NaN,NaN,NaN,NaN,NaN,NaN,0,0,0,0,4093.32,202,381,376,98.69,22,1986,1980,99.7,571.2,3851,61,1.58,3910,3896,99.64
09/27/2025,11,5GNR,Florida,143,Jacksonville,JAX_DT_022,1430116,0,0,0,0,NaN,0,0,0,NaN,0,NaN,0,0,NaN,0,0,NaN,NaN,NaN,NaN,NaN,NaN,NaN,NaN,0,0,0,0,4093.32,202,381,376,98.69,22,1986,1980,99.7,571.2,3851,61,1.58,3910,3896,99.64
09/27/2025,11,5GNR,Florida,143,Jacksonville,JAX_DT_022,1430117,0,0,0,0,NaN,0,0,0,NaN,0,NaN,0,0,NaN,0,0,NaN,NaN,NaN,NaN,NaN,NaN,NaN,NaN,0,0,0,0,4093.32,202,381,376,98.69,22,1986,1980,99.7,571.2,3851,61,1.58,3910,3896,99.64
09/27/2025,11,5GNR,Florida,143,Jacksonville,JAX_DT_022,1430118,0,0,0,0,NaN,0,0,0,NaN,0,NaN,0,0,NaN,0,0,NaN,NaN,NaN,NaN,NaN,NaN,NaN,NaN,0,0,0,0,4093.32,202,381,376,98.69,22,1986,1980,99.7,571.2,3851,61,1.58,3910,3896,99.64
09/27/2025,11,5GNR,Florida,143,Jacksonville,JAX_DT_023,1430119,0,0,0,0,NaN,0,0,0,NaN,0,NaN,0,0,NaN,0,0,NaN,NaN,NaN,NaN,NaN,NaN,NaN,NaN,0,0,0,0,4093.32,202,381,376,98.69,22,1986,1980,99.7,571.2,3851,61,1.58,3910,3896,99.64
09/27/2025,11,5GNR,Florida,143,Jacksonville,JAX_DT_023,1430120,0,0,0,0,NaN,0,0,0,NaN,0,NaN,0,0,NaN,0,0,NaN,NaN,NaN,NaN,NaN,NaN,NaN,NaN,0,0,0,0,4093.32,202,381,376,98.69,22,1986,1980,99.7,571.2,3851,61,1.58,3910,3896,99.64
09/27/2025,11,5GNR,Florida,143,Jacksonville,JAX_DT_023,1430121,0,0,0,0,NaN,0,0,0,NaN,0,NaN,0,0,NaN,0,0,NaN,NaN,NaN,NaN,NaN,NaN,NaN,NaN,0,0,0,0,4093.32,202,381,376,98.69,22,1986,1980,99.7,571.2,3851,61,1.58,3910,3896,99.64
09/27/2025,11,5GNR,Florida,143,Jacksonville,JAX_DT_024,1430122,0,0,0,0,NaN,0,0,0,NaN,0,NaN,0,0,NaN,0,0,NaN,NaN,NaN,NaN,NaN,NaN,NaN,NaN,0,0,0,0,4093.32,202,381,376,98.69,22,1986,1980,99.7,571.2,3851,61,1.58,3910,3896,99.64
09/27/2025,11,5GNR,Florida,143,Jacksonville,JAX_DT_024,1430123,0,0,0,0,NaN,0,0,0,NaN,0,NaN,0,0,NaN,0,0,NaN,NaN,NaN,NaN,NaN,NaN,NaN,NaN,0,0,0,0,4093.32,202,381,376,98.69,22,1986,1980,99.7,571.2,3851,61,1.58,3910,3896,99.64
09/27/2025,11,5GNR,Florida,143,Jacksonville,JAX_DT_024,1430124,0,0,0,0,NaN,0,0,0,NaN,0,NaN,0,0,NaN,0,0,NaN,NaN,NaN,NaN,NaN,NaN,NaN,NaN,0,0,0,0,4093.32,202,381,376,98.69,22,1986,1980,99.7,571.2,3851,61,1.58,3910,3896,99.64
09/27/2025,11,5GNR,Florida,143,Jacksonville,JAX_DT_026,1430128,0,0,0,0,NaN,0,0,0,NaN,0,NaN,0,0,NaN,0,0,NaN,NaN,NaN,NaN,NaN,NaN,NaN,NaN,0,0,0,0,4093.32,202,381,376,98.69,22,1986,1980,99.7,571.2,3851,61,1.58,3910,3896,99.64
09/27/2025,11,5GNR,Florida,143,Jacksonville,JAX_DT_026,1430129,0,0,0,0,NaN,0,0,0,NaN,0,NaN,0,0,NaN,0,0,NaN,NaN,NaN,NaN,NaN,NaN,NaN,NaN,0,0,0,0,4093.32,202,381,376,98.69,22,1986,1980,99.7,571.2,3851,61,1.58,3910,3896,99.64
09/27/2025,11,5GNR,Florida,143,Jacksonville,JAX_DT_026,1430130,0,0,0,0,NaN,0,0,0,NaN,0,NaN,0,0,NaN,0,0,NaN,NaN,NaN,NaN,NaN,NaN,NaN,NaN,0,0,0,0,4093.32,202,381,376,98.69,22,1986,1980,99.7,571.2,3851,61,1.58,3910,3896,99.64
09/27/2025,11,5GNR,Florida,143,Jacksonville,JAX_DT_027,1430131,0,0,0,0,NaN,0,0,0,NaN,0,NaN,0,0,NaN,0,0,NaN,NaN,NaN,NaN,NaN,NaN,NaN,NaN,0,0,0,0,4093.32,202,381,376,98.69,22,1986,1980,99.7,571.2,3851,61,1.58,3910,3896,99.64
09/27/2025,11,5GNR,Florida,143,Jacksonville,JAX_DT_027,1430132,0,0,0,0,NaN,0,0,0,NaN,0,NaN,0,0,NaN,0,0,NaN,NaN,NaN,NaN,NaN,NaN,NaN,NaN,0,0,0,0,4093.32,202,381,376,98.69,22,1986,1980,99.7,571.2,3851,61,1.58,3910,3896,99.64
09/27/2025,11,5GNR,Florida,143,Jacksonville,JAX_DT_027,1430133,0,0,0,0,NaN,0,0,0,NaN,0,NaN,0,0,NaN,0,0,NaN,NaN,NaN,NaN,NaN,NaN,NaN,NaN,0,0,0,0,4093.32,202,381,376,98.69,22,1986,1980,99.7,571.2,3851,61,1.58,3910,3896,99.64
09/27/2025,11,5GNR,Florida,143,Jacksonville,JAX_DT_028,1430134,0,0,0,0,NaN,0,0,0,NaN,0,NaN,0,0,NaN,0,0,NaN,NaN,NaN,NaN,NaN,NaN,NaN,NaN,0,0,0,0,4093.32,202,381,376,98.69,22,1986,1980,99.7,571.2,3851,61,1.58,3910,3896,99.64
09/27/2025,11,5GNR,Florida,143,Jacksonville,JAX_DT_028,1430135,0,0,0,0,NaN,0,0,0,NaN,0,NaN,0,0,NaN,0,0,NaN,NaN,NaN,NaN,NaN,NaN,NaN,NaN,0,0,0,0,4093.32,202,381,376,98.69,22,1986,1980,99.7,571.2,3851,61,1.58,3910,3896,99.64
09/27/2025,11,5GNR,Florida,143,Jacksonville,JAX_DT_028,1430136,0,0,0,0,NaN,0,0,0,NaN,0,NaN,0,0,NaN,0,0,NaN,NaN,NaN,NaN,NaN,NaN,NaN,NaN,0,0,0,0,4093.32,202,381,376,98.69,22,1986,1980,99.7,571.2,3851,61,1.58,3910,3896,99.64
09/27/2025,11,5GNR,Florida,143,Jacksonville,JAX_DT_030,1430140,0,0,0,0,NaN,0,0,0,NaN,0,NaN,0,0,NaN,0,0,NaN,NaN,NaN,NaN,NaN,NaN,NaN,NaN,0,0,0,0,4093.32,202,381,376,98.69,22,1986,1980,99.7,571.2,3851,61,1.58,3910,3896,99.64
09/27/2025,11,5GNR,Florida,143,Jacksonville,JAX_DT_030,1430141,0,0,0,0,NaN,0,0,0,NaN,0,NaN,0,0,NaN,0,0,NaN,NaN,NaN,NaN,NaN,NaN,NaN,NaN,0,0,0,0,4093.32,202,381,376,98.69,22,1986,1980,99.7,571.2,3851,61,1.58,3910,3896,99.64
09/27/2025,11,5GNR,Florida,143,Jacksonville,JAX_DT_030,1430142,0,0,0,0,NaN,0,0,0,NaN,0,NaN,0,0,NaN,0,0,NaN,NaN,NaN,NaN,NaN,NaN,NaN,NaN,0,0,0,0,4093.32,202,381,376,98.69,22,1986,1980,99.7,571.2,3851,61,1.58,3910,3896,99.64
09/27/2025,11,5GNR,Florida,143,Jacksonville,JAX_DT_032,1430146,0,0,0,0,NaN,0,0,0,NaN,0,NaN,0,0,NaN,0,0,NaN,NaN,NaN,NaN,NaN,NaN,NaN,NaN,0,0,0,0,4093.32,202,381,376,98.69,22,1986,1980,99.7,571.2,3851,61,1.58,3910,3896,99.64
09/27/2025,11,5GNR,Florida,143,Jacksonville,JAX_DT_032,1430147,0,0,0,0,NaN,0,0,0,NaN,0,NaN,0,0,NaN,0,0,NaN,NaN,NaN,NaN,NaN,NaN,NaN,NaN,0,0,0,0,4093.32,202,381,376,98.69,22,1986,1980,99.7,571.2,3851,61,1.58,3910,3896,99.64
09/27/2025,11,5GNR,Florida,143,Jacksonville,JAX_DT_032,1430148,0,0,0,0,NaN,0,0,0,NaN,0,NaN,0,0,NaN,0,0,NaN,NaN,NaN,NaN,NaN,NaN,NaN,NaN,0,0,0,0,4093.32,202,381,376,98.69,22,1986,1980,99.7,571.2,3851,61,1.58,3910,3896,99.64
09/27/2025,11,5GNR,Florida,143,Jacksonville,JAX_DT_034,1430152,0,0,0,0,NaN,0,0,0,NaN,0,NaN,0,0,NaN,0,0,NaN,NaN,NaN,NaN,NaN,NaN,NaN,NaN,0,0,0,0,4093.32,202,381,376,98.69,22,1986,1980,99.7,571.2,3851,61,1.58,3910,3896,99.64
09/27/2025,11,5GNR,Florida,143,Jacksonville,JAX_DT_034,1430153,0,0,0,0,NaN,0,0,0,NaN,0,NaN,0,0,NaN,0,0,NaN,NaN,NaN,NaN,NaN,NaN,NaN,NaN,0,0,0,0,4093.32,202,381,376,98.69,22,1986,1980,99.7,571.2,3851,61,1.58,3910,3896,99.64
09/27/2025,11,5GNR,Florida,143,Jacksonville,JAX_DT_034,1430154,0,0,0,0,NaN,0,0,0,NaN,0,NaN,0,0,NaN,0,0,NaN,NaN,NaN,NaN,NaN,NaN,NaN,NaN,0,0,0,0,4093.32,202,381,376,98.69,22,1986,1980,99.7,571.2,3851,61,1.58,3910,3896,99.64
09/27/2025,11,5GNR,Florida,143,Jacksonville,JAX_DT_035,1430155,0,0,0,0,NaN,0,0,0,NaN,0,NaN,0,0,NaN,0,0,NaN,NaN,NaN,NaN,NaN,NaN,NaN,NaN,0,0,0,0,4093.32,202,381,376,98.69,22,1986,1980,99.7,571.2,3851,61,1.58,3910,3896,99.64
09/27/2025,11,5GNR,Florida,143,Jacksonville,JAX_DT_035,1430156,0,0,0,0,NaN,0,0,0,NaN,0,NaN,0,0,NaN,0,0,NaN,NaN,NaN,NaN,NaN,NaN,NaN,NaN,0,0,0,0,4093.32,202,381,376,98.69,22,1986,1980,99.7,571.2,3851,61,1.58,3910,3896,99.64
09/27/2025,11,5GNR,Florida,143,Jacksonville,JAX_DT_035,1430157,0,0,0,0,NaN,0,0,0,NaN,0,NaN,0,0,NaN,0,0,NaN,NaN,NaN,NaN,NaN,NaN,NaN,NaN,0,0,0,0,4093.32,202,381,376,98.69,22,1986,1980,99.7,571.2,3851,61,1.58,3910,3896,99.64
09/27/2025,11,5GNR,Florida,143,Jacksonville,JAX_DT_036,1430158,0,0,0,0,NaN,0,0,0,NaN,0,NaN,0,0,NaN,0,0,NaN,NaN,NaN,NaN,NaN,NaN,NaN,NaN,0,0,0,0,4093.32,202,381,376,98.69,22,1986,1980,99.7,571.2,3851,61,1.58,3910,3896,99.64
09/27/2025,11,5GNR,Florida,143,Jacksonville,JAX_DT_036,1430159,0,0,0,0,NaN,0,0,0,NaN,0,NaN,0,0,NaN,0,0,NaN,NaN,NaN,NaN,NaN,NaN,NaN,NaN,0,0,0,0,4093.32,202,381,376,98.69,22,1986,1980,99.7,571.2,3851,61,1.58,3910,3896,99.64
09/27/2025,11,5GNR,Florida,143,Jacksonville,JAX_DT_036,1430160,0,0,0,0,NaN,0,0,0,NaN,0,NaN,0,0,NaN,0,0,NaN,NaN,NaN,NaN,NaN,NaN,NaN,NaN,0,0,0,0,4093.32,202,381,376,98.69,22,1986,1980,99.7,571.2,3851,61,1.58,3910,3896,99.64
09/27/2025,11,5GNR,Florida,143,Jacksonville,JAX_DT_037,1430161,0,0,0,0,NaN,0,0,0,NaN,0,NaN,0,0,NaN,0,0,NaN,NaN,NaN,NaN,NaN,NaN,NaN,NaN,0,0,0,0,4093.32,202,381,376,98.69,22,1986,1980,99.7,571.2,3851,61,1.58,3910,3896,99.64
09/27/2025,11,5GNR,Florida,143,Jacksonville,JAX_DT_037,1430162,0,0,0,0,NaN,0,0,0,NaN,0,NaN,0,0,NaN,0,0,NaN,NaN,NaN,NaN,NaN,NaN,NaN,NaN,0,0,0,0,4093.32,202,381,376,98.69,22,1986,1980,99.7,571.2,3851,61,1.58,3910,3896,99.64
09/27/2025,11,5GNR,Florida,143,Jacksonville,JAX_DT_037,1430163,0,0,0,0,NaN,0,0,0,NaN,0,NaN,0,0,NaN,0,0,NaN,NaN,NaN,NaN,NaN,NaN,NaN,NaN,0,0,0,0,4093.32,202,381,376,98.69,22,1986,1980,99.7,571.2,3851,61,1.58,3910,3896,99.64
09/27/2025,11,5GNR,Florida,143,Jacksonville,JAX_DT_038,1430164,0,0,0,0,NaN,0,0,0,NaN,0,NaN,0,0,NaN,0,0,NaN,NaN,NaN,NaN,NaN,NaN,NaN,NaN,0,0,0,0,4093.32,202,381,376,98.69,22,1986,1980,99.7,571.2,3851,61,1.58,3910,3896,99.64
09/27/2025,11,5GNR,Florida,143,Jacksonville,JAX_DT_038,1430165,0,0,0,0,NaN,0,0,0,NaN,0,NaN,0,0,NaN,0,0,NaN,NaN,NaN,NaN,NaN,NaN,NaN,NaN,0,0,0,0,4093.32,202,381,376,98.69,22,1986,1980,99.7,571.2,3851,61,1.58,3910,3896,99.64
09/27/2025,11,5GNR,Florida,143,Jacksonville,JAX_DT_038,1430166,0,0,0,0,NaN,0,0,0,NaN,0,NaN,0,0,NaN,0,0,NaN,NaN,NaN,NaN,NaN,NaN,NaN,NaN,0,0,0,0,4093.32,202,381,376,98.69,22,1986,1980,99.7,571.2,3851,61,1.58,3910,3896,99.64
09/27/2025,11,5GNR,Florida,143,Jacksonville,JAX_DT_039,1430167,0,0,0,0,NaN,0,0,0,NaN,0,NaN,0,0,NaN,0,0,NaN,NaN,NaN,NaN,NaN,NaN,NaN,NaN,0,0,0,0,4093.32,202,381,376,98.69,22,1986,1980,99.7,571.2,3851,61,1.58,3910,3896,99.64
09/27/2025,11,5GNR,Florida,143,Jacksonville,JAX_DT_039,1430168,0,0,0,0,NaN,0,0,0,NaN,0,NaN,0,0,NaN,0,0,NaN,NaN,NaN,NaN,NaN,NaN,NaN,NaN,0,0,0,0,4093.32,202,381,376,98.69,22,1986,1980,99.7,571.2,3851,61,1.58,3910,3896,99.64
09/27/2025,11,5GNR,Florida,143,Jacksonville,JAX_DT_039,1430169,0,0,0,0,NaN,0,0,0,NaN,0,NaN,0,0,NaN,0,0,NaN,NaN,NaN,NaN,NaN,NaN,NaN,NaN,0,0,0,0,4093.32,202,381,376,98.69,22,1986,1980,99.7,571.2,3851,61,1.58,3910,3896,99.64
09/27/2025,11,5GNR,Florida,143,Jacksonville,JAX_DT_041,1430016,0,0,0,0,NaN,0,0,0,NaN,0,NaN,0,0,NaN,0,0,NaN,NaN,NaN,NaN,NaN,NaN,NaN,NaN,0,0,0,0,4093.32,202,381,376,98.69,22,1986,1980,99.7,571.2,3851,61,1.58,3910,3896,99.64
09/27/2025,11,5GNR,Florida,143,Jacksonville,JAX_DT_041,1430017,0,0,0,0,NaN,0,0,0,NaN,0,NaN,0,0,NaN,0,0,NaN,NaN,NaN,NaN,NaN,NaN,NaN,NaN,0,0,0,0,4093.32,202,381,376,98.69,22,1986,1980,99.7,571.2,3851,61,1.58,3910,3896,99.64
09/27/2025,11,5GNR,Florida,143,Jacksonville,JAX_DT_041,1430018,0,0,0,0,NaN,0,0,0,NaN,0,NaN,0,0,NaN,0,0,NaN,NaN,NaN,NaN,NaN,NaN,NaN,NaN,0,0,0,0,4093.32,202,381,376,98.69,22,1986,1980,99.7,571.2,3851,61,1.58,3910,3896,99.64
09/27/2025,11,5GNR,Florida,143,Jacksonville,JAX_DT_043,1430022,0,0,0,0,NaN,0,0,0,NaN,0,NaN,0,0,NaN,0,0,NaN,NaN,NaN,NaN,NaN,NaN,NaN,NaN,0,0,0,0,4093.32,202,381,376,98.69,22,1986,1980,99.7,571.2,3851,61,1.58,3910,3896,99.64
09/27/2025,11,5GNR,Florida,143,Jacksonville,JAX_DT_043,1430023,0,0,0,0,NaN,0,0,0,NaN,0,NaN,0,0,NaN,0,0,NaN,NaN,NaN,NaN,NaN,NaN,NaN,NaN,0,0,0,0,4093.32,202,381,376,98.69,22,1986,1980,99.7,571.2,3851,61,1.58,3910,3896,99.64
09/27/2025,11,5GNR,Florida,143,Jacksonville,JAX_DT_043,1430024,0,0,0,0,NaN,0,0,0,NaN,0,NaN,0,0,NaN,0,0,NaN,NaN,NaN,NaN,NaN,NaN,NaN,NaN,0,0,0,0,4093.32,202,381,376,98.69,22,1986,1980,99.7,571.2,3851,61,1.58,3910,3896,99.64
09/27/2025,11,5GNR,Florida,143,Jacksonville,JAX_DT_046,1430040,0,0,0,0,NaN,0,0,0,NaN,0,NaN,0,0,NaN,0,0,NaN,NaN,NaN,NaN,NaN,NaN,NaN,NaN,0,0,0,0,4093.32,202,381,376,98.69,22,1986,1980,99.7,571.2,3851,61,1.58,3910,3896,99.64
09/27/2025,11,5GNR,Florida,143,Jacksonville,JAX_DT_046,1430041,0,0,0,0,NaN,0,0,0,NaN,0,NaN,0,0,NaN,0,0,NaN,NaN,NaN,NaN,NaN,NaN,NaN,NaN,0,0,0,0,4093.32,202,381,376,98.69,22,1986,1980,99.7,571.2,3851,61,1.58,3910,3896,99.64
09/27/2025,11,5GNR,Florida,143,Jacksonville,JAX_DT_046,1430042,0,0,0,0,NaN,0,0,0,NaN,0,NaN,0,0,NaN,0,0,NaN,NaN,NaN,NaN,NaN,NaN,NaN,NaN,0,0,0,0,4093.32,202,381,376,98.69,22,1986,1980,99.7,571.2,3851,61,1.58,3910,3896,99.64
09/27/2025,11,5GNR,Florida,143,Jacksonville,JAX_DT_049,1430170,0,0,0,0,NaN,0,0,0,NaN,0,NaN,0,0,NaN,0,0,NaN,NaN,NaN,NaN,NaN,NaN,NaN,NaN,0,0,0,0,4093.32,202,381,376,98.69,22,1986,1980,99.7,571.2,3851,61,1.58,3910,3896,99.64
09/27/2025,11,5GNR,Florida,143,Jacksonville,JAX_DT_049,1430171,0,0,0,0,NaN,0,0,0,NaN,0,NaN,0,0,NaN,0,0,NaN,NaN,NaN,NaN,NaN,NaN,NaN,NaN,0,0,0,0,4093.32,202,381,376,98.69,22,1986,1980,99.7,571.2,3851,61,1.58,3910,3896,99.64
09/27/2025,11,5GNR,Florida,143,Jacksonville,JAX_DT_049,1430172,0,0,0,0,NaN,0,0,0,NaN,0,NaN,0,0,NaN,0,0,NaN,NaN,NaN,NaN,NaN,NaN,NaN,NaN,0,0,0,0,4093.32,202,381,376,98.69,22,1986,1980,99.7,571.2,3851,61,1.58,3910,3896,99.64
09/27/2025,11,5GNR,Florida,143,Jacksonville,JAX_DT_050,1430173,0,0,0,0,NaN,0,0,0,NaN,0,NaN,0,0,NaN,0,0,NaN,NaN,NaN,NaN,NaN,NaN,NaN,NaN,0,0,0,0,4093.32,202,381,376,98.69,22,1986,1980,99.7,571.2,3851,61,1.58,3910,3896,99.64
09/27/2025,11,5GNR,Florida,143,Jacksonville,JAX_DT_050,1430174,0,0,0,0,NaN,0,0,0,NaN,0,NaN,0,0,NaN,0,0,NaN,NaN,NaN,NaN,NaN,NaN,NaN,NaN,0,0,0,0,4093.32,202,381,376,98.69,22,1986,1980,99.7,571.2,3851,61,1.58,3910,3896,99.64
09/27/2025,11,5GNR,Florida,143,Jacksonville,JAX_DT_050,1430175,0,0,0,0,NaN,0,0,0,NaN,0,NaN,0,0,NaN,0,0,NaN,NaN,NaN,NaN,NaN,NaN,NaN,NaN,0,0,0,0,4093.32,202,381,376,98.69,22,1986,1980,99.7,571.2,3851,61,1.58,3910,3896,99.64
09/27/2025,11,5GNR,Florida,143,Jacksonville,JAX_DT_053_RELO,1430182,0,0,0,0,NaN,0,0,0,NaN,0,NaN,0,0,NaN,0,0,NaN,NaN,NaN,NaN,NaN,NaN,NaN,NaN,0,0,0,0,4093.32,202,381,376,98.69,22,1986,1980,99.7,571.2,3851,61,1.58,3910,3896,99.64
09/27/2025,11,5GNR,Florida,143,Jacksonville,JAX_DT_053_RELO,1430183,0,0,0,0,NaN,0,0,0,NaN,0,NaN,0,0,NaN,0,0,NaN,NaN,NaN,NaN,NaN,NaN,NaN,NaN,0,0,0,0,4093.32,202,381,376,98.69,22,1986,1980,99.7,571.2,3851,61,1.58,3910,3896,99.64
09/27/2025,11,5GNR,Florida,143,Jacksonville,JAX_DT_053_RELO,1430184,0,0,0,0,NaN,0,0,0,NaN,0,NaN,0,0,NaN,0,0,NaN,NaN,NaN,NaN,NaN,NaN,NaN,NaN,0,0,0,0,4093.32,202,381,376,98.69,22,1986,1980,99.7,571.2,3851,61,1.58,3910,3896,99.64
09/27/2025,11,5GNR,Florida,143,Jacksonville,JAX_DT_056,1430191,0,0,0,0,NaN,0,0,0,NaN,0,NaN,0,0,NaN,0,0,NaN,NaN,NaN,NaN,NaN,NaN,NaN,NaN,0,0,0,0,4093.32,202,381,376,98.69,22,1986,1980,99.7,571.2,3851,61,1.58,3910,3896,99.64
09/27/2025,11,5GNR,Florida,143,Jacksonville,JAX_DT_056,1430192,0,0,0,0,NaN,0,0,0,NaN,0,NaN,0,0,NaN,0,0,NaN,NaN,NaN,NaN,NaN,NaN,NaN,NaN,0,0,0,0,4093.32,202,381,376,98.69,22,1986,1980,99.7,571.2,3851,61,1.58,3910,3896,99.64
09/27/2025,11,5GNR,Florida,143,Jacksonville,JAX_DT_056,1430193,0,0,0,0,NaN,0,0,0,NaN,0,NaN,0,0,NaN,0,0,NaN,NaN,NaN,NaN,NaN,NaN,NaN,NaN,0,0,0,0,4093.32,202,381,376,98.69,22,1986,1980,99.7,571.2,3851,61,1.58,3910,3896,99.64
09/27/2025,11,5GNR,Florida,143,Jacksonville,JAX_DT_057,1430194,0,0,0,0,NaN,0,0,0,NaN,0,NaN,0,0,NaN,0,0,NaN,NaN,NaN,NaN,NaN,NaN,NaN,NaN,0,0,0,0,4093.32,202,381,376,98.69,22,1986,1980,99.7,571.2,3851,61,1.58,3910,3896,99.64
09/27/2025,11,5GNR,Florida,143,Jacksonville,JAX_DT_057,1430195,0,0,0,0,NaN,0,0,0,NaN,0,NaN,0,0,NaN,0,0,NaN,NaN,NaN,NaN,NaN,NaN,NaN,NaN,0,0,0,0,4093.32,202,381,376,98.69,22,1986,1980,99.7,571.2,3851,61,1.58,3910,3896,99.64
09/27/2025,11,5GNR,Florida,143,Jacksonville,JAX_DT_057,1430196,0,0,0,0,NaN,0,0,0,NaN,0,NaN,0,0,NaN,0,0,NaN,NaN,NaN,NaN,NaN,NaN,NaN,NaN,0,0,0,0,4093.32,202,381,376,98.69,22,1986,1980,99.7,571.2,3851,61,1.58,3910,3896,99.64
09/27/2025,11,5GNR,Florida,143,Jacksonville,JAX_DT_058,1430197,0,0,0,0,NaN,0,0,0,NaN,0,NaN,0,0,NaN,0,0,NaN,NaN,NaN,NaN,NaN,NaN,NaN,NaN,0,0,0,0,4093.32,202,381,376,98.69,22,1986,1980,99.7,571.2,3851,61,1.58,3910,3896,99.64
09/27/2025,11,5GNR,Florida,143,Jacksonville,JAX_DT_058,1430198,0,0,0,0,NaN,0,0,0,NaN,0,NaN,0,0,NaN,0,0,NaN,NaN,NaN,NaN,NaN,NaN,NaN,NaN,0,0,0,0,4093.32,202,381,376,98.69,22,1986,1980,99.7,571.2,3851,61,1.58,3910,3896,99.64
09/27/2025,11,5GNR,Florida,143,Jacksonville,JAX_DT_058,1430199,0,0,0,0,NaN,0,0,0,NaN,0,NaN,0,0,NaN,0,0,NaN,NaN,NaN,NaN,NaN,NaN,NaN,NaN,0,0,0,0,4093.32,202,381,376,98.69,22,1986,1980,99.7,571.2,3851,61,1.58,3910,3896,99.64
09/27/2025,11,5GNR,Florida,143,Jacksonville,JAX_DT_060,1430203,0,0,0,0,NaN,0,0,0,NaN,0,NaN,0,0,NaN,0,0,NaN,NaN,NaN,NaN,NaN,NaN,NaN,NaN,0,0,0,0,4093.32,202,381,376,98.69,22,1986,1980,99.7,571.2,3851,61,1.58,3910,3896,99.64
09/27/2025,11,5GNR,Florida,143,Jacksonville,JAX_DT_060,1430204,0,0,0,0,NaN,0,0,0,NaN,0,NaN,0,0,NaN,0,0,NaN,NaN,NaN,NaN,NaN,NaN,NaN,NaN,0,0,0,0,4093.32,202,381,376,98.69,22,1986,1980,99.7,571.2,3851,61,1.58,3910,3896,99.64
09/27/2025,11,5GNR,Florida,143,Jacksonville,JAX_DT_060,1430205,0,0,0,0,NaN,0,0,0,NaN,0,NaN,0,0,NaN,0,0,NaN,NaN,NaN,NaN,NaN,NaN,NaN,NaN,0,0,0,0,4093.32,202,381,376,98.69,22,1986,1980,99.7,571.2,3851,61,1.58,3910,3896,99.64
09/27/2025,11,5GNR,Florida,143,Jacksonville,JAX_DT_061,1430206,0,0,0,0,NaN,0,0,0,NaN,0,NaN,0,0,NaN,0,0,NaN,NaN,NaN,NaN,NaN,NaN,NaN,NaN,0,0,0,0,4093.32,202,381,376,98.69,22,1986,1980,99.7,571.2,3851,61,1.58,3910,3896,99.64
09/27/2025,11,5GNR,Florida,143,Jacksonville,JAX_DT_061,1430207,0,0,0,0,NaN,0,0,0,NaN,0,NaN,0,0,NaN,0,0,NaN,NaN,NaN,NaN,NaN,NaN,NaN,NaN,0,0,0,0,4093.32,202,381,376,98.69,22,1986,1980,99.7,571.2,3851,61,1.58,3910,3896,99.64
09/27/2025,11,5GNR,Florida,143,Jacksonville,JAX_DT_061,1430208,0,0,0,0,NaN,0,0,0,NaN,0,NaN,0,0,NaN,0,0,NaN,NaN,NaN,NaN,NaN,NaN,NaN,NaN,0,0,0,0,4093.32,202,381,376,98.69,22,1986,1980,99.7,571.2,3851,61,1.58,3910,3896,99.64
09/27/2025,11,5GNR,Florida,143,Jacksonville,JAX_DT_064,1430215,0,0,0,0,NaN,0,0,0,NaN,0,NaN,0,0,NaN,0,0,NaN,NaN,NaN,NaN,NaN,NaN,NaN,NaN,0,0,0,0,4093.32,202,381,376,98.69,22,1986,1980,99.7,571.2,3851,61,1.58,3910,3896,99.64
09/27/2025,11,5GNR,Florida,143,Jacksonville,JAX_DT_064,1430216,0,0,0,0,NaN,0,0,0,NaN,0,NaN,0,0,NaN,0,0,NaN,NaN,NaN,NaN,NaN,NaN,NaN,NaN,0,0,0,0,4093.32,202,381,376,98.69,22,1986,1980,99.7,571.2,3851,61,1.58,3910,3896,99.64
09/27/2025,11,5GNR,Florida,143,Jacksonville,JAX_DT_064,1430217,0,0,0,0,NaN,0,0,0,NaN,0,NaN,0,0,NaN,0,0,NaN,NaN,NaN,NaN,NaN,NaN,NaN,NaN,0,0,0,0,4093.32,202,381,376,98.69,22,1986,1980,99.7,571.2,3851,61,1.58,3910,3896,99.64
09/27/2025,11,5GNR,Florida,143,Jacksonville,JAX_DT_068,1430227,0,0,0,0,NaN,0,0,0,NaN,0,NaN,0,0,NaN,0,0,NaN,NaN,NaN,NaN,NaN,NaN,NaN,NaN,0,0,0,0,4093.32,202,381,376,98.69,22,1986,1980,99.7,571.2,3851,61,1.58,3910,3896,99.64
09/27/2025,11,5GNR,Florida,143,Jacksonville,JAX_DT_068,1430228,0,0,0,0,NaN,0,0,0,NaN,0,NaN,0,0,NaN,0,0,NaN,NaN,NaN,NaN,NaN,NaN,NaN,NaN,0,0,0,0,4093.32,202,381,376,98.69,22,1986,1980,99.7,571.2,3851,61,1.58,3910,3896,99.64
09/27/2025,11,5GNR,Florida,143,Jacksonville,JAX_DT_068,1430229,0,0,0,0,NaN,0,0,0,NaN,0,NaN,0,0,NaN,0,0,NaN,NaN,NaN,NaN,NaN,NaN,NaN,NaN,0,0,0,0,4093.32,202,381,376,98.69,22,1986,1980,99.7,571.2,3851,61,1.58,3910,3896,99.64
09/27/2025,11,5GNR,Florida,143,Jacksonville,JAX_DT_074,1430245,0,0,0,0,NaN,0,0,0,NaN,0,NaN,0,0,NaN,0,0,NaN,NaN,NaN,NaN,NaN,NaN,NaN,NaN,0,0,0,0,4093.32,202,381,376,98.69,22,1986,1980,99.7,571.2,3851,61,1.58,3910,3896,99.64
09/27/2025,11,5GNR,Florida,143,Jacksonville,JAX_DT_074,1430246,0,0,0,0,NaN,0,0,0,NaN,0,NaN,0,0,NaN,0,0,NaN,NaN,NaN,NaN,NaN,NaN,NaN,NaN,0,0,0,0,4093.32,202,381,376,98.69,22,1986,1980,99.7,571.2,3851,61,1.58,3910,3896,99.64
09/27/2025,11,5GNR,Florida,143,Jacksonville,JAX_DT_074,1430247,0,0,0,0,NaN,0,0,0,NaN,0,NaN,0,0,NaN,0,0,NaN,NaN,NaN,NaN,NaN,NaN,NaN,NaN,0,0,0,0,4093.32,202,381,376,98.69,22,1986,1980,99.7,571.2,3851,61,1.58,3910,3896,99.64
09/27/2025,11,5GNR,Florida,143,Jacksonville,JAX_DT_075,1430248,0,0,0,0,NaN,0,0,0,NaN,0,NaN,0,0,NaN,0,0,NaN,NaN,NaN,NaN,NaN,NaN,NaN,NaN,0,0,0,0,4093.32,202,381,376,98.69,22,1986,1980,99.7,571.2,3851,61,1.58,3910,3896,99.64
09/27/2025,11,5GNR,Florida,143,Jacksonville,JAX_DT_075,1430249,0,0,0,0,NaN,0,0,0,NaN,0,NaN,0,0,NaN,0,0,NaN,NaN,NaN,NaN,NaN,NaN,NaN,NaN,0,0,0,0,4093.32,202,381,376,98.69,22,1986,1980,99.7,571.2,3851,61,1.58,3910,3896,99.64
09/27/2025,11,5GNR,Florida,143,Jacksonville,JAX_DT_075,1430250,0,0,0,0,NaN,0,0,0,NaN,0,NaN,0,0,NaN,0,0,NaN,NaN,NaN,NaN,NaN,NaN,NaN,NaN,0,0,0,0,4093.32,202,381,376,98.69,22,1986,1980,99.7,571.2,3851,61,1.58,3910,3896,99.64
09/27/2025,11,5GNR,Florida,143,Jacksonville,JAX_DT_076,1430251,0,0,0,0,NaN,0,0,0,NaN,0,NaN,0,0,NaN,0,0,NaN,NaN,NaN,NaN,NaN,NaN,NaN,NaN,0,0,0,0,4093.32,202,381,376,98.69,22,1986,1980,99.7,571.2,3851,61,1.58,3910,3896,99.64
09/27/2025,11,5GNR,Florida,143,Jacksonville,JAX_DT_076,1430252,0,0,0,0,NaN,0,0,0,NaN,0,NaN,0,0,NaN,0,0,NaN,NaN,NaN,NaN,NaN,NaN,NaN,NaN,0,0,0,0,4093.32,202,381,376,98.69,22,1986,1980,99.7,571.2,3851,61,1.58,3910,3896,99.64
09/27/2025,11,5GNR,Florida,143,Jacksonville,JAX_DT_076,1430253,0,0,0,0,NaN,0,0,0,NaN,0,NaN,0,0,NaN,0,0,NaN,NaN,NaN,NaN,NaN,NaN,NaN,NaN,0,0,0,0,4093.32,202,381,376,98.69,22,1986,1980,99.7,571.2,3851,61,1.58,3910,3896,99.64
09/27/2025,11,5GNR,Florida,143,Jacksonville,JAX_DT_077,1430254,0,0,0,0,NaN,0,0,0,NaN,0,NaN,0,0,NaN,0,0,NaN,NaN,NaN,NaN,NaN,NaN,NaN,NaN,0,0,0,0,4093.32,202,381,376,98.69,22,1986,1980,99.7,571.2,3851,61,1.58,3910,3896,99.64
09/27/2025,11,5GNR,Florida,143,Jacksonville,JAX_DT_077,1430255,0,0,0,0,NaN,0,0,0,NaN,0,NaN,0,0,NaN,0,0,NaN,NaN,NaN,NaN,NaN,NaN,NaN,NaN,0,0,0,0,4093.32,202,381,376,98.69,22,1986,1980,99.7,571.2,3851,61,1.58,3910,3896,99.64
09/27/2025,11,5GNR,Florida,143,Jacksonville,JAX_DT_077,1430256,0,0,0,0,NaN,0,0,0,NaN,0,NaN,0,0,NaN,0,0,NaN,NaN,NaN,NaN,NaN,NaN,NaN,NaN,0,0,0,0,4093.32,202,381,376,98.69,22,1986,1980,99.7,571.2,3851,61,1.58,3910,3896,99.64
09/27/2025,11,5GNR,Florida,143,Jacksonville,JAX_DT_078,1430257,0,0,0,0,NaN,0,0,0,NaN,0,NaN,0,0,NaN,0,0,NaN,NaN,NaN,NaN,NaN,NaN,NaN,NaN,0,0,0,0,4093.32,202,381,376,98.69,22,1986,1980,99.7,571.2,3851,61,1.58,3910,3896,99.64
09/27/2025,11,5GNR,Florida,143,Jacksonville,JAX_DT_078,1430258,0,0,0,0,NaN,0,0,0,NaN,0,NaN,0,0,NaN,0,0,NaN,NaN,NaN,NaN,NaN,NaN,NaN,NaN,0,0,0,0,4093.32,202,381,376,98.69,22,1986,1980,99.7,571.2,3851,61,1.58,3910,3896,99.64
09/27/2025,11,5GNR,Florida,143,Jacksonville,JAX_DT_078,1430259,0,0,0,0,NaN,0,0,0,NaN,0,NaN,0,0,NaN,0,0,NaN,NaN,NaN,NaN,NaN,NaN,NaN,NaN,0,0,0,0,4093.32,202,381,376,98.69,22,1986,1980,99.7,571.2,3851,61,1.58,3910,3896,99.64
09/27/2025,11,5GNR,Florida,143,Jacksonville,JAX_JAGUARS_SPC,1431398,0,0,0,0,NaN,0,0,0,NaN,0,NaN,0,0,NaN,0,0,NaN,NaN,NaN,NaN,NaN,NaN,NaN,NaN,0,0,0,0,4093.32,202,381,376,98.69,22,1986,1980,99.7,571.2,3851,61,1.58,3910,3896,99.64
09/27/2025,11,5GNR,Florida,143,Jacksonville,JAX_ORANGE_PARK_SOUTH,1439231,0,0,0,0,NaN,0,0,0,NaN,0,NaN,0,0,NaN,0,0,NaN,NaN,NaN,NaN,NaN,NaN,NaN,NaN,0,0,0,0,4093.32,202,381,376,98.69,22,1986,1980,99.7,571.2,3851,61,1.58,3910,3896,99.64
09/27/2025,11,5GNR,Florida,143,Jacksonville,JAX_ORANGE_PARK_SOUTH,4439231,0,0,0,0,NaN,0,0,0,NaN,0,NaN,0,0,NaN,0,0,NaN,NaN,NaN,NaN,NaN,NaN,NaN,NaN,0,0,0,0,4093.32,202,381,376,98.69,22,1986,1980,99.7,571.2,3851,61,1.58,3910,3896,99.64
09/27/2025,11,5GNR,Florida,143,Jacksonville,JAX_RACEWAY,1439066,0,0,0,0,NaN,0,0,0,NaN,0,NaN,0,0,NaN,0,0,NaN,NaN,NaN,NaN,NaN,NaN,NaN,NaN,0,0,0,0,4093.32,202,381,376,98.69,22,1986,1980,99.7,571.2,3851,61,1.58,3910,3896,99.64
09/27/2025,11,5GNR,Florida,143,Jacksonville,JAX_STADIUM_NE,1430049,0,0,0,0,NaN,0,0,0,NaN,0,NaN,0,0,NaN,0,0,NaN,NaN,NaN,NaN,NaN,NaN,NaN,NaN,0,0,0,0,4093.32,202,381,376,98.69,22,1986,1980,99.7,571.2,3851,61,1.58,3910,3896,99.64
09/27/2025,11,5GNR,Florida,143,Jacksonville,JAX_STADIUM_NE,1430050,0,0,0,0,NaN,0,0,0,NaN,0,NaN,0,0,NaN,0,0,NaN,NaN,NaN,NaN,NaN,NaN,NaN,NaN,0,0,0,0,4093.32,202,381,376,98.69,22,1986,1980,99.7,571.2,3851,61,1.58,3910,3896,99.64
09/27/2025,11,5GNR,Florida,143,Jacksonville,JAX_STADIUM_NE,1430051,0,0,0,0,NaN,0,0,0,NaN,0,NaN,0,0,NaN,0,0,NaN,NaN,NaN,NaN,NaN,NaN,NaN,NaN,0,0,0,0,4093.32,202,381,376,98.69,22,1986,1980,99.7,571.2,3851,61,1.58,3910,3896,99.64
09/27/2025,11,5GNR,Florida,143,Jacksonville,JAX_STADIUM_NE,1437376,0,0,0,0,NaN,0,0,0,NaN,0,NaN,0,0,NaN,0,0,NaN,NaN,NaN,NaN,NaN,NaN,NaN,NaN,0,0,0,0,4093.32,202,381,376,98.69,22,1986,1980,99.7,571.2,3851,61,1.58,3910,3896,99.64
09/27/2025,11,5GNR,Florida,143,Jacksonville,JAX_STADIUM_NE,1439376,0,0,0,0,NaN,0,0,0,NaN,0,NaN,0,0,NaN,0,0,NaN,NaN,NaN,NaN,NaN,NaN,NaN,NaN,0,0,0,0,4093.32,202,381,376,98.69,22,1986,1980,99.7,571.2,3851,61,1.58,3910,3896,99.64
09/27/2025,11,5GNR,Florida,143,Jacksonville,JAX_STADIUM_NE,4439376,0,0,0,0,NaN,0,0,0,NaN,0,NaN,0,0,NaN,0,0,NaN,NaN,NaN,NaN,NaN,NaN,NaN,NaN,0,0,0,0,4093.32,202,381,376,98.69,22,1986,1980,99.7,571.2,3851,61,1.58,3910,3896,99.64
09/27/2025,11,5GNR,Florida,143,Jacksonville,JEA_ATLANTIC_KERNAN,1437023,0,0,0,0,NaN,0,0,0,NaN,0,NaN,0,0,NaN,0,0,NaN,NaN,NaN,NaN,NaN,NaN,NaN,NaN,0,0,0,0,4093.32,202,381,376,98.69,22,1986,1980,99.7,571.2,3851,61,1.58,3910,3896,99.64
09/27/2025,11,5GNR,Florida,143,Jacksonville,JEA_ATLANTIC_KERNAN,1439023,0,0,0,0,NaN,0,0,0,NaN,0,NaN,0,0,NaN,0,0,NaN,NaN,NaN,NaN,NaN,NaN,NaN,NaN,0,0,0,0,4093.32,202,381,376,98.69,22,1986,1980,99.7,571.2,3851,61,1.58,3910,3896,99.64
09/27/2025,11,5GNR,Florida,143,Jacksonville,JEA_BAYMEADOWS,1437018,0,0,0,0,NaN,0,0,0,NaN,0,NaN,0,0,NaN,0,0,NaN,NaN,NaN,NaN,NaN,NaN,NaN,NaN,0,0,0,0,4093.32,202,381,376,98.69,22,1986,1980,99.7,571.2,3851,61,1.58,3910,3896,99.64
09/27/2025,11,5GNR,Florida,143,Jacksonville,JEA_BAYMEADOWS,1439018,0,0,0,0,NaN,0,0,0,NaN,0,NaN,0,0,NaN,0,0,NaN,NaN,NaN,NaN,NaN,NaN,NaN,NaN,0,0,0,0,4093.32,202,381,376,98.69,22,1986,1980,99.7,571.2,3851,61,1.58,3910,3896,99.64
09/27/2025,11,5GNR,Florida,143,Jacksonville,JEA_FIRESTONE,1437199,0,0,0,0,NaN,0,0,0,NaN,0,NaN,0,0,NaN,0,0,NaN,NaN,NaN,NaN,NaN,NaN,NaN,NaN,0,0,0,0,4093.32,202,381,376,98.69,22,1986,1980,99.7,571.2,3851,61,1.58,3910,3896,99.64
09/27/2025,11,5GNR,Florida,143,Jacksonville,JEA_FIRESTONE,1439199,0,0,0,0,NaN,0,0,0,NaN,0,NaN,0,0,NaN,0,0,NaN,NaN,NaN,NaN,NaN,NaN,NaN,NaN,0,0,0,0,4093.32,202,381,376,98.69,22,1986,1980,99.7,571.2,3851,61,1.58,3910,3896,99.64
09/27/2025,11,5GNR,Florida,143,Jacksonville,JEA_HIDDEN_HILLS,1437545,0,0,0,0,NaN,0,0,0,NaN,0,NaN,0,0,NaN,0,0,NaN,NaN,NaN,NaN,NaN,NaN,NaN,NaN,0,0,0,0,4093.32,202,381,376,98.69,22,1986,1980,99.7,571.2,3851,61,1.58,3910,3896,99.64
09/27/2025,11,5GNR,Florida,143,Jacksonville,JEA_HIDDEN_HILLS,1439545,0,0,0,0,NaN,0,0,0,NaN,0,NaN,0,0,NaN,0,0,NaN,NaN,NaN,NaN,NaN,NaN,NaN,NaN,0,0,0,0,4093.32,202,381,376,98.69,22,1986,1980,99.7,571.2,3851,61,1.58,3910,3896,99.64
09/27/2025,11,5GNR,Florida,143,Jacksonville,JEA_HODGES,1437021,0,0,0,0,NaN,0,0,0,NaN,0,NaN,0,0,NaN,0,0,NaN,NaN,NaN,NaN,NaN,NaN,NaN,NaN,0,0,0,0,4093.32,202,381,376,98.69,22,1986,1980,99.7,571.2,3851,61,1.58,3910,3896,99.64
09/27/2025,11,5GNR,Florida,143,Jacksonville,JEA_HODGES,1439021,0,0,0,0,NaN,0,0,0,NaN,0,NaN,0,0,NaN,0,0,NaN,NaN,NaN,NaN,NaN,NaN,NaN,NaN,0,0,0,0,4093.32,202,381,376,98.69,22,1986,1980,99.7,571.2,3851,61,1.58,3910,3896,99.64
09/27/2025,11,5GNR,Florida,143,Jacksonville,JEA_IMESON,1437542,0,0,0,0,NaN,0,0,0,NaN,0,NaN,0,0,NaN,0,0,NaN,NaN,NaN,NaN,NaN,NaN,NaN,NaN,0,0,0,0,4093.32,202,381,376,98.69,22,1986,1980,99.7,571.2,3851,61,1.58,3910,3896,99.64
09/27/2025,11,5GNR,Florida,143,Jacksonville,JEA_IMESON,1439542,0,0,0,0,NaN,0,0,0,NaN,0,NaN,0,0,NaN,0,0,NaN,NaN,NaN,NaN,NaN,NaN,NaN,NaN,0,0,0,0,4093.32,202,381,376,98.69,22,1986,1980,99.7,571.2,3851,61,1.58,3910,3896,99.64
09/27/2025,11,5GNR,Florida,143,Jacksonville,JEA_JULINGTON_CROSSING,1437045,0,0,0,0,NaN,0,0,0,NaN,0,NaN,0,0,NaN,0,0,NaN,NaN,NaN,NaN,NaN,NaN,NaN,NaN,0,0,0,0,4093.32,202,381,376,98.69,22,1986,1980,99.7,571.2,3851,61,1.58,3910,3896,99.64
09/27/2025,11,5GNR,Florida,143,Jacksonville,JEA_JULINGTON_CROSSING,1439045,0,0,0,0,NaN,0,0,0,NaN,0,NaN,0,0,NaN,0,0,NaN,NaN,NaN,NaN,NaN,NaN,NaN,NaN,0,0,0,0,4093.32,202,381,376,98.69,22,1986,1980,99.7,571.2,3851,61,1.58,3910,3896,99.64
09/27/2025,11,5GNR,Florida,143,Jacksonville,JEA_MAYPORT_RELO,1437049,0,0,0,0,NaN,0,0,0,NaN,0,NaN,0,0,NaN,0,0,NaN,NaN,NaN,NaN,NaN,NaN,NaN,NaN,0,0,0,0,4093.32,202,381,376,98.69,22,1986,1980,99.7,571.2,3851,61,1.58,3910,3896,99.64
09/27/2025,11,5GNR,Florida,143,Jacksonville,JEA_MAYPORT_RELO,1439049,0,0,0,0,NaN,0,0,0,NaN,0,NaN,0,0,NaN,0,0,NaN,NaN,NaN,NaN,NaN,NaN,NaN,NaN,0,0,0,0,4093.32,202,381,376,98.69,22,1986,1980,99.7,571.2,3851,61,1.58,3910,3896,99.64
09/27/2025,11,5GNR,Florida,143,Jacksonville,JEA_MCCORMICK,1437024,0,0,0,0,NaN,0,0,0,NaN,0,NaN,0,0,NaN,0,0,NaN,NaN,NaN,NaN,NaN,NaN,NaN,NaN,0,0,0,0,4093.32,202,381,376,98.69,22,1986,1980,99.7,571.2,3851,61,1.58,3910,3896,99.64
09/27/2025,11,5GNR,Florida,143,Jacksonville,JEA_MCCORMICK,1439024,0,0,0,0,NaN,0,0,0,NaN,0,NaN,0,0,NaN,0,0,NaN,NaN,NaN,NaN,NaN,NaN,NaN,NaN,0,0,0,0,4093.32,202,381,376,98.69,22,1986,1980,99.7,571.2,3851,61,1.58,3910,3896,99.64
09/27/2025,11,5GNR,Florida,143,Jacksonville,JEA_RIVERTOWN,1437567,0,0,0,0,NaN,0,0,0,NaN,0,NaN,0,0,NaN,0,0,NaN,NaN,NaN,NaN,NaN,NaN,NaN,NaN,0,0,0,0,4093.32,202,381,376,98.69,22,1986,1980,99.7,571.2,3851,61,1.58,3910,3896,99.64
09/27/2025,11,5GNR,Florida,143,Jacksonville,JEA_RIVERTOWN,1439567,0,0,0,0,NaN,0,0,0,NaN,0,NaN,0,0,NaN,0,0,NaN,NaN,NaN,NaN,NaN,NaN,NaN,NaN,0,0,0,0,4093.32,202,381,376,98.69,22,1986,1980,99.7,571.2,3851,61,1.58,3910,3896,99.64
09/27/2025,11,5GNR,Florida,143,Jacksonville,JEA_SAN_MATEO,1437041,0,0,0,0,NaN,0,0,0,NaN,0,NaN,0,0,NaN,0,0,NaN,NaN,NaN,NaN,NaN,NaN,NaN,NaN,0,0,0,0,4093.32,202,381,376,98.69,22,1986,1980,99.7,571.2,3851,61,1.58,3910,3896,99.64
09/27/2025,11,5GNR,Florida,143,Jacksonville,JEA_SAN_MATEO,1439041,0,0,0,0,NaN,0,0,0,NaN,0,NaN,0,0,NaN,0,0,NaN,NaN,NaN,NaN,NaN,NaN,NaN,NaN,0,0,0,0,4093.32,202,381,376,98.69,22,1986,1980,99.7,571.2,3851,61,1.58,3910,3896,99.64
09/27/2025,11,5GNR,Florida,143,Jacksonville,JEA_ST_JOHNS_FOREST,1437527,0,0,0,0,NaN,0,0,0,NaN,0,NaN,0,0,NaN,0,0,NaN,NaN,NaN,NaN,NaN,NaN,NaN,NaN,0,0,0,0,4093.32,202,381,376,98.69,22,1986,1980,99.7,571.2,3851,61,1.58,3910,3896,99.64
09/27/2025,11,5GNR,Florida,143,Jacksonville,JEA_ST_JOHNS_FOREST,1439527,0,0,0,0,NaN,0,0,0,NaN,0,NaN,0,0,NaN,0,0,NaN,NaN,NaN,NaN,NaN,NaN,NaN,NaN,0,0,0,0,4093.32,202,381,376,98.69,22,1986,1980,99.7,571.2,3851,61,1.58,3910,3896,99.64
09/27/2025,11,5GNR,Florida,143,Jacksonville,JEA_SWITZERLAND,1437262,0,0,0,0,NaN,0,0,0,NaN,0,NaN,0,0,NaN,0,0,NaN,NaN,NaN,NaN,NaN,NaN,NaN,NaN,0,0,0,0,4093.32,202,381,376,98.69,22,1986,1980,99.7,571.2,3851,61,1.58,3910,3896,99.64
09/27/2025,11,5GNR,Florida,143,Jacksonville,JEA_SWITZERLAND,1439262,0,0,0,0,NaN,0,0,0,NaN,0,NaN,0,0,NaN,0,0,NaN,NaN,NaN,NaN,NaN,NaN,NaN,NaN,0,0,0,0,4093.32,202,381,376,98.69,22,1986,1980,99.7,571.2,3851,61,1.58,3910,3896,99.64
09/27/2025,11,5GNR,Florida,143,Jacksonville,JEA_UNF,1437020,0,0,0,0,NaN,0,0,0,NaN,0,NaN,0,0,NaN,0,0,NaN,NaN,NaN,NaN,NaN,NaN,NaN,NaN,0,0,0,0,4093.32,202,381,376,98.69,22,1986,1980,99.7,571.2,3851,61,1.58,3910,3896,99.64
09/27/2025,11,5GNR,Florida,143,Jacksonville,JEA_UNF,1439020,0,0,0,0,NaN,0,0,0,NaN,0,NaN,0,0,NaN,0,0,NaN,NaN,NaN,NaN,NaN,NaN,NaN,NaN,0,0,0,0,4093.32,202,381,376,98.69,22,1986,1980,99.7,571.2,3851,61,1.58,3910,3896,99.64
09/27/2025,11,5GNR,Florida,143,Jacksonville,JEA_WESTLAKE_SUBSTATION,1437554,0,0,0,0,NaN,0,0,0,NaN,0,NaN,0,0,NaN,0,0,NaN,NaN,NaN,NaN,NaN,NaN,NaN,NaN,0,0,0,0,4093.32,202,381,376,98.69,22,1986,1980,99.7,571.2,3851,61,1.58,3910,3896,99.64
09/27/2025,11,5GNR,Florida,143,Jacksonville,JEA_WESTLAKE_SUBSTATION,1439554,0,0,0,0,NaN,0,0,0,NaN,0,NaN,0,0,NaN,0,0,NaN,NaN,NaN,NaN,NaN,NaN,NaN,NaN,0,0,0,0,4093.32,202,381,376,98.69,22,1986,1980,99.7,571.2,3851,61,1.58,3910,3896,99.64
09/27/2025,11,5GNR,Florida,143,Jacksonville,JEFFERSON_COUNTY_EOC,1431379,0,0,0,0,NaN,0,0,0,NaN,0,NaN,0,0,NaN,0,0,NaN,NaN,NaN,NaN,NaN,NaN,NaN,NaN,0,0,0,0,4093.32,202,381,376,98.69,22,1986,1980,99.7,571.2,3851,61,1.58,3910,3896,99.64
09/27/2025,11,5GNR,Florida,143,Jacksonville,JEFFERSON_COUNTY_EOC,1431380,0,0,0,0,NaN,0,0,0,NaN,0,NaN,0,0,NaN,0,0,NaN,NaN,NaN,NaN,NaN,NaN,NaN,NaN,0,0,0,0,4093.32,202,381,376,98.69,22,1986,1980,99.7,571.2,3851,61,1.58,3910,3896,99.64
09/27/2025,11,5GNR,Florida,143,Jacksonville,JEFFERSON_COUNTY_EOC,1431381,0,0,0,0,NaN,0,0,0,NaN,0,NaN,0,0,NaN,0,0,NaN,NaN,NaN,NaN,NaN,NaN,NaN,NaN,0,0,0,0,4093.32,202,381,376,98.69,22,1986,1980,99.7,571.2,3851,61,1.58,3910,3896,99.64
09/27/2025,11,5GNR,Florida,143,Jacksonville,JENNINGS,1439599,0,0,0,0,NaN,0,0,0,NaN,0,NaN,0,0,NaN,0,0,NaN,NaN,NaN,NaN,NaN,NaN,NaN,NaN,0,0,0,0,4093.32,202,381,376,98.69,22,1986,1980,99.7,571.2,3851,61,1.58,3910,3896,99.64
09/27/2025,11,5GNR,Florida,143,Jacksonville,JONESVILLE,1439650,0,0,0,0,NaN,0,0,0,NaN,0,NaN,0,0,NaN,0,0,NaN,NaN,NaN,NaN,NaN,NaN,NaN,NaN,0,0,0,0,4093.32,202,381,376,98.69,22,1986,1980,99.7,571.2,3851,61,1.58,3910,3896,99.64
09/27/2025,11,5GNR,Florida,143,Jacksonville,JONESVILLE_NORTH,1439404,0,0,0,0,NaN,0,0,0,NaN,0,NaN,0,0,NaN,0,0,NaN,NaN,NaN,NaN,NaN,NaN,NaN,NaN,0,0,0,0,4093.32,202,381,376,98.69,22,1986,1980,99.7,571.2,3851,61,1.58,3910,3896,99.64
09/27/2025,11,5GNR,Florida,143,Jacksonville,JONES_SE_LAKE_CITY,1439446,0,0,0,0,NaN,0,0,0,NaN,0,NaN,0,0,NaN,0,0,NaN,NaN,NaN,NaN,NaN,NaN,NaN,NaN,0,0,0,0,4093.32,202,381,376,98.69,22,1986,1980,99.7,571.2,3851,61,1.58,3910,3896,99.64
09/27/2025,11,5GNR,Florida,143,Jacksonville,J_HIGGINBOTHAM_EAST,1437515,0,0,0,0,NaN,0,0,0,NaN,0,NaN,0,0,NaN,0,0,NaN,NaN,NaN,NaN,NaN,NaN,NaN,NaN,0,0,0,0,4093.32,202,381,376,98.69,22,1986,1980,99.7,571.2,3851,61,1.58,3910,3896,99.64
09/27/2025,11,5GNR,Florida,143,Jacksonville,J_HIGGINBOTHAM_EAST,1439515,0,0,0,0,NaN,0,0,0,NaN,0,NaN,0,0,NaN,0,0,NaN,NaN,NaN,NaN,NaN,NaN,NaN,NaN,0,0,0,0,4093.32,202,381,376,98.69,22,1986,1980,99.7,571.2,3851,61,1.58,3910,3896,99.64
09/27/2025,11,5GNR,Florida,143,Jacksonville,KEYSTONE_HEIGHTS_EAST,1437242,0,0,0,0,NaN,0,0,0,NaN,0,NaN,0,0,NaN,0,0,NaN,NaN,NaN,NaN,NaN,NaN,NaN,NaN,0,0,0,0,4093.32,202,381,376,98.69,22,1986,1980,99.7,571.2,3851,61,1.58,3910,3896,99.64
09/27/2025,11,5GNR,Florida,143,Jacksonville,KEYSTONE_HEIGHTS_EAST,1439242,0,0,0,0,NaN,0,0,0,NaN,0,NaN,0,0,NaN,0,0,NaN,NaN,NaN,NaN,NaN,NaN,NaN,NaN,0,0,0,0,4093.32,202,381,376,98.69,22,1986,1980,99.7,571.2,3851,61,1.58,3910,3896,99.64
09/27/2025,11,5GNR,Florida,143,Jacksonville,KLM_DEVILWOOD,1437274,0,0,0,0,NaN,0,0,0,NaN,0,NaN,0,0,NaN,0,0,NaN,NaN,NaN,NaN,NaN,NaN,NaN,NaN,0,0,0,0,4093.32,202,381,376,98.69,22,1986,1980,99.7,571.2,3851,61,1.58,3910,3896,99.64
09/27/2025,11,5GNR,Florida,143,Jacksonville,KLM_DEVILWOOD,1439274,0,0,0,0,NaN,0,0,0,NaN,0,NaN,0,0,NaN,0,0,NaN,NaN,NaN,NaN,NaN,NaN,NaN,NaN,0,0,0,0,4093.32,202,381,376,98.69,22,1986,1980,99.7,571.2,3851,61,1.58,3910,3896,99.64
09/27/2025,11,5GNR,Florida,143,Jacksonville,KLM_TWRS_S_MACCLENNY,1439117,0,0,0,0,NaN,0,0,0,NaN,0,NaN,0,0,NaN,0,0,NaN,NaN,NaN,NaN,NaN,NaN,NaN,NaN,0,0,0,0,4093.32,202,381,376,98.69,22,1986,1980,99.7,571.2,3851,61,1.58,3910,3896,99.64
09/27/2025,11,5GNR,Florida,143,Jacksonville,LACROSSE,1439663,0,0,0,0,NaN,0,0,0,NaN,0,NaN,0,0,NaN,0,0,NaN,NaN,NaN,NaN,NaN,NaN,NaN,NaN,0,0,0,0,4093.32,202,381,376,98.69,22,1986,1980,99.7,571.2,3851,61,1.58,3910,3896,99.64
09/27/2025,11,5GNR,Florida,143,Jacksonville,LAKE_ARGYLE_FOREST,1439435,0,0,0,0,NaN,0,0,0,NaN,0,NaN,0,0,NaN,0,0,NaN,NaN,NaN,NaN,NaN,NaN,NaN,NaN,0,0,0,0,4093.32,202,381,376,98.69,22,1986,1980,99.7,571.2,3851,61,1.58,3910,3896,99.64
09/27/2025,11,5GNR,Florida,143,Jacksonville,LAKE_ARGYLE_FOREST,4439435,0,0,0,0,NaN,0,0,0,NaN,0,NaN,0,0,NaN,0,0,NaN,NaN,NaN,NaN,NaN,NaN,NaN,NaN,0,0,0,0,4093.32,202,381,376,98.69,22,1986,1980,99.7,571.2,3851,61,1.58,3910,3896,99.64
09/27/2025,11,5GNR,Florida,143,Jacksonville,LAKE_CITY,1439619,0,0,0,0,NaN,0,0,0,NaN,0,NaN,0,0,NaN,0,0,NaN,NaN,NaN,NaN,NaN,NaN,NaN,NaN,0,0,0,0,4093.32,202,381,376,98.69,22,1986,1980,99.7,571.2,3851,61,1.58,3910,3896,99.64
09/27/2025,11,5GNR,Florida,143,Jacksonville,LAKE_CITY_EAST,1439618,0,0,0,0,NaN,0,0,0,NaN,0,NaN,0,0,NaN,0,0,NaN,NaN,NaN,NaN,NaN,NaN,NaN,NaN,0,0,0,0,4093.32,202,381,376,98.69,22,1986,1980,99.7,571.2,3851,61,1.58,3910,3896,99.64
09/27/2025,11,5GNR,Florida,143,Jacksonville,LAKE_CITY_II,1437623,0,0,0,0,NaN,0,0,0,NaN,0,NaN,0,0,NaN,0,0,NaN,NaN,NaN,NaN,NaN,NaN,NaN,NaN,0,0,0,0,4093.32,202,381,376,98.69,22,1986,1980,99.7,571.2,3851,61,1.58,3910,3896,99.64
09/27/2025,11,5GNR,Florida,143,Jacksonville,LAKE_CITY_WEST,1439349,0,0,0,0,NaN,0,0,0,NaN,0,NaN,0,0,NaN,0,0,NaN,NaN,NaN,NaN,NaN,NaN,NaN,NaN,0,0,0,0,4093.32,202,381,376,98.69,22,1986,1980,99.7,571.2,3851,61,1.58,3910,3896,99.64
09/27/2025,11,5GNR,Florida,143,Jacksonville,LAKE_OCKLAWAHA,1437428,0,0,0,0,NaN,0,0,0,NaN,0,NaN,0,0,NaN,0,0,NaN,NaN,NaN,NaN,NaN,NaN,NaN,NaN,0,0,0,0,4093.32,202,381,376,98.69,22,1986,1980,99.7,571.2,3851,61,1.58,3910,3896,99.64
09/27/2025,11,5GNR,Florida,143,Jacksonville,LAKE_OCKLAWAHA,1439428,0,0,0,0,NaN,0,0,0,NaN,0,NaN,0,0,NaN,0,0,NaN,NaN,NaN,NaN,NaN,NaN,NaN,NaN,0,0,0,0,4093.32,202,381,376,98.69,22,1986,1980,99.7,571.2,3851,61,1.58,3910,3896,99.64
09/27/2025,11,5GNR,Florida,143,Jacksonville,LAKE_OCKLAWAHA,4439428,0,0,0,0,NaN,0,0,0,NaN,0,NaN,0,0,NaN,0,0,NaN,NaN,NaN,NaN,NaN,NaN,NaN,NaN,0,0,0,0,4093.32,202,381,376,98.69,22,1986,1980,99.7,571.2,3851,61,1.58,3910,3896,99.64
09/27/2025,11,5GNR,Florida,143,Jacksonville,LAKE_TALQUIN,1439823,0,0,0,0,NaN,0,0,0,NaN,0,NaN,0,0,NaN,0,0,NaN,NaN,NaN,NaN,NaN,NaN,NaN,NaN,0,0,0,0,4093.32,202,381,376,98.69,22,1986,1980,99.7,571.2,3851,61,1.58,3910,3896,99.64
09/27/2025,11,5GNR,Florida,143,Jacksonville,LAKE_TALQUIN_NORTH,1439384,0,0,0,0,NaN,0,0,0,NaN,0,NaN,0,0,NaN,0,0,NaN,NaN,NaN,NaN,NaN,NaN,NaN,NaN,0,0,0,0,4093.32,202,381,376,98.69,22,1986,1980,99.7,571.2,3851,61,1.58,3910,3896,99.64
09/27/2025,11,5GNR,Florida,143,Jacksonville,LAWTEY_SOUTH,1439580,0,0,0,0,NaN,0,0,0,NaN,0,NaN,0,0,NaN,0,0,NaN,NaN,NaN,NaN,NaN,NaN,NaN,NaN,0,0,0,0,4093.32,202,381,376,98.69,22,1986,1980,99.7,571.2,3851,61,1.58,3910,3896,99.64
09/27/2025,11,5GNR,Florida,143,Jacksonville,LAWTEY_WEST,1439953,0,0,0,0,NaN,0,0,0,NaN,0,NaN,0,0,NaN,0,0,NaN,NaN,NaN,NaN,NaN,NaN,NaN,NaN,0,0,0,0,4093.32,202,381,376,98.69,22,1986,1980,99.7,571.2,3851,61,1.58,3910,3896,99.64
09/27/2025,11,5GNR,Florida,143,Jacksonville,LENOX_LANE_AVE,4439093,0,0,0,0,NaN,0,0,0,NaN,0,NaN,0,0,NaN,0,0,NaN,NaN,NaN,NaN,NaN,NaN,NaN,NaN,0,0,0,0,4093.32,202,381,376,98.69,22,1986,1980,99.7,571.2,3851,61,1.58,3910,3896,99.64
09/27/2025,11,5GNR,Florida,143,Jacksonville,LEWIS_QUEENS_HARBOR,1439254,0,0,0,0,NaN,0,0,0,NaN,0,NaN,0,0,NaN,0,0,NaN,NaN,NaN,NaN,NaN,NaN,NaN,NaN,0,0,0,0,4093.32,202,381,376,98.69,22,1986,1980,99.7,571.2,3851,61,1.58,3910,3896,99.64
09/27/2025,11,5GNR,Florida,143,Jacksonville,LIGHTHOUSE_UTILITIES_CO,1439876,0,0,0,0,NaN,0,0,0,NaN,0,NaN,0,0,NaN,0,0,NaN,NaN,NaN,NaN,NaN,NaN,NaN,NaN,0,0,0,0,4093.32,202,381,376,98.69,22,1986,1980,99.7,571.2,3851,61,1.58,3910,3896,99.64
09/27/2025,11,5GNR,Florida,143,Jacksonville,LIVE_OAK,1439612,0,0,0,0,NaN,0,0,0,NaN,0,NaN,0,0,NaN,0,0,NaN,NaN,NaN,NaN,NaN,NaN,NaN,NaN,0,0,0,0,4093.32,202,381,376,98.69,22,1986,1980,99.7,571.2,3851,61,1.58,3910,3896,99.64
09/27/2025,11,5GNR,Florida,143,Jacksonville,LIVE_OAK_EAST,1439944,0,0,0,0,NaN,0,0,0,NaN,0,NaN,0,0,NaN,0,0,NaN,NaN,NaN,NaN,NaN,NaN,NaN,NaN,0,0,0,0,4093.32,202,381,376,98.69,22,1986,1980,99.7,571.2,3851,61,1.58,3910,3896,99.64
09/27/2025,11,5GNR,Florida,143,Jacksonville,LLOYD,1439810,0,0,0,0,NaN,0,0,0,NaN,0,NaN,0,0,NaN,0,0,NaN,NaN,NaN,NaN,NaN,NaN,NaN,NaN,0,0,0,0,4093.32,202,381,376,98.69,22,1986,1980,99.7,571.2,3851,61,1.58,3910,3896,99.64
09/27/2025,11,5GNR,Florida,143,Jacksonville,LOCHLOOSA,1439683,0,0,0,0,NaN,0,0,0,NaN,0,NaN,0,0,NaN,0,0,NaN,NaN,NaN,NaN,NaN,NaN,NaN,NaN,0,0,0,0,4093.32,202,381,376,98.69,22,1986,1980,99.7,571.2,3851,61,1.58,3910,3896,99.64
09/27/2025,11,5GNR,Florida,143,Jacksonville,MABRY,1439834,0,0,0,0,NaN,0,0,0,NaN,0,NaN,0,0,NaN,0,0,NaN,NaN,NaN,NaN,NaN,NaN,NaN,NaN,0,0,0,0,4093.32,202,381,376,98.69,22,1986,1980,99.7,571.2,3851,61,1.58,3910,3896,99.64
09/27/2025,11,5GNR,Florida,143,Jacksonville,MACLAY,1439805,0,0,0,0,NaN,0,0,0,NaN,0,NaN,0,0,NaN,0,0,NaN,NaN,NaN,NaN,NaN,NaN,NaN,NaN,0,0,0,0,4093.32,202,381,376,98.69,22,1986,1980,99.7,571.2,3851,61,1.58,3910,3896,99.64
09/27/2025,11,5GNR,Florida,143,Jacksonville,MADISON,1439785,0,0,0,0,NaN,0,0,0,NaN,0,NaN,0,0,NaN,0,0,NaN,NaN,NaN,NaN,NaN,NaN,NaN,NaN,0,0,0,0,4093.32,202,381,376,98.69,22,1986,1980,99.7,571.2,3851,61,1.58,3910,3896,99.64
09/27/2025,11,5GNR,Florida,143,Jacksonville,MADISON_CAMPGROUND,1439962,0,0,0,0,NaN,0,0,0,NaN,0,NaN,0,0,NaN,0,0,NaN,NaN,NaN,NaN,NaN,NaN,NaN,NaN,0,0,0,0,4093.32,202,381,376,98.69,22,1986,1980,99.7,571.2,3851,61,1.58,3910,3896,99.64
09/27/2025,11,5GNR,Florida,143,Jacksonville,MADISON_LUMBER_TRAM_ROAD,1439950,0,0,0,0,NaN,0,0,0,NaN,0,NaN,0,0,NaN,0,0,NaN,NaN,NaN,NaN,NaN,NaN,NaN,NaN,0,0,0,0,4093.32,202,381,376,98.69,22,1986,1980,99.7,571.2,3851,61,1.58,3910,3896,99.64
09/27/2025,11,5GNR,Florida,143,Jacksonville,MAHAN_VILLAGE_MV001,1431382,0,0,0,0,NaN,0,0,0,NaN,0,NaN,0,0,NaN,0,0,NaN,NaN,NaN,NaN,NaN,NaN,NaN,NaN,0,0,0,0,4093.32,202,381,376,98.69,22,1986,1980,99.7,571.2,3851,61,1.58,3910,3896,99.64
09/27/2025,11,5GNR,Florida,143,Jacksonville,MAHAN_VILLAGE_MV001,1431383,0,0,0,0,NaN,0,0,0,NaN,0,NaN,0,0,NaN,0,0,NaN,NaN,NaN,NaN,NaN,NaN,NaN,NaN,0,0,0,0,4093.32,202,381,376,98.69,22,1986,1980,99.7,571.2,3851,61,1.58,3910,3896,99.64
09/27/2025,11,5GNR,Florida,143,Jacksonville,MAHAN_VILLAGE_MV001,1431384,0,0,0,0,NaN,0,0,0,NaN,0,NaN,0,0,NaN,0,0,NaN,NaN,NaN,NaN,NaN,NaN,NaN,NaN,0,0,0,0,4093.32,202,381,376,98.69,22,1986,1980,99.7,571.2,3851,61,1.58,3910,3896,99.64
09/27/2025,11,5GNR,Florida,143,Jacksonville,MANDARIN,1431378,0,0,0,0,NaN,0,0,0,NaN,0,NaN,0,0,NaN,0,0,NaN,NaN,NaN,NaN,NaN,NaN,NaN,NaN,0,0,0,0,4093.32,202,381,376,98.69,22,1986,1980,99.7,571.2,3851,61,1.58,3910,3896,99.64
09/27/2025,11,5GNR,Florida,143,Jacksonville,MANDARIN_295,1439017,0,0,0,0,NaN,0,0,0,NaN,0,NaN,0,0,NaN,0,0,NaN,NaN,NaN,NaN,NaN,NaN,NaN,NaN,0,0,0,0,4093.32,202,381,376,98.69,22,1986,1980,99.7,571.2,3851,61,1.58,3910,3896,99.64
09/27/2025,11,5GNR,Florida,143,Jacksonville,MANDARIN_295,4439017,0,0,0,0,NaN,0,0,0,NaN,0,NaN,0,0,NaN,0,0,NaN,NaN,NaN,NaN,NaN,NaN,NaN,NaN,0,0,0,0,4093.32,202,381,376,98.69,22,1986,1980,99.7,571.2,3851,61,1.58,3910,3896,99.64
09/27/2025,11,5GNR,Florida,143,Jacksonville,MARINELAND_WEST,1439240,0,0,0,0,NaN,0,0,0,NaN,0,NaN,0,0,NaN,0,0,NaN,NaN,NaN,NaN,NaN,NaN,NaN,NaN,0,0,0,0,4093.32,202,381,376,98.69,22,1986,1980,99.7,571.2,3851,61,1.58,3910,3896,99.64
09/27/2025,11,5GNR,Florida,143,Jacksonville,MARSH_LANDING,1437140,0,0,0,0,NaN,0,0,0,NaN,0,NaN,0,0,NaN,0,0,NaN,NaN,NaN,NaN,NaN,NaN,NaN,NaN,0,0,0,0,4093.32,202,381,376,98.69,22,1986,1980,99.7,571.2,3851,61,1.58,3910,3896,99.64
09/27/2025,11,5GNR,Florida,143,Jacksonville,MARSH_LANDING,1439140,0,0,0,0,NaN,0,0,0,NaN,0,NaN,0,0,NaN,0,0,NaN,NaN,NaN,NaN,NaN,NaN,NaN,NaN,0,0,0,0,4093.32,202,381,376,98.69,22,1986,1980,99.7,571.2,3851,61,1.58,3910,3896,99.64
09/27/2025,11,5GNR,Florida,143,Jacksonville,MASON,1439629,0,0,0,0,NaN,0,0,0,NaN,0,NaN,0,0,NaN,0,0,NaN,NaN,NaN,NaN,NaN,NaN,NaN,NaN,0,0,0,0,4093.32,202,381,376,98.69,22,1986,1980,99.7,571.2,3851,61,1.58,3910,3896,99.64
09/27/2025,11,5GNR,Florida,143,Jacksonville,MAYO,1439631,0,0,0,0,NaN,0,0,0,NaN,0,NaN,0,0,NaN,0,0,NaN,NaN,NaN,NaN,NaN,NaN,NaN,NaN,0,0,0,0,4093.32,202,381,376,98.69,22,1986,1980,99.7,571.2,3851,61,1.58,3910,3896,99.64
09/27/2025,11,5GNR,Florida,143,Jacksonville,MEAT_MARKET,1439591,0,0,0,0,NaN,0,0,0,NaN,0,NaN,0,0,NaN,0,0,NaN,NaN,NaN,NaN,NaN,NaN,NaN,NaN,0,0,0,0,4093.32,202,381,376,98.69,22,1986,1980,99.7,571.2,3851,61,1.58,3910,3896,99.64
09/27/2025,11,5GNR,Florida,143,Jacksonville,MELROSE,1439691,0,0,0,0,NaN,0,0,0,NaN,0,NaN,0,0,NaN,0,0,NaN,NaN,NaN,NaN,NaN,NaN,NaN,NaN,0,0,0,0,4093.32,202,381,376,98.69,22,1986,1980,99.7,571.2,3851,61,1.58,3910,3896,99.64
09/27/2025,11,5GNR,Florida,143,Jacksonville,MEMORIAL_LANE,1439398,0,0,0,0,NaN,0,0,0,NaN,0,NaN,0,0,NaN,0,0,NaN,NaN,NaN,NaN,NaN,NaN,NaN,NaN,0,0,0,0,4093.32,202,381,376,98.69,22,1986,1980,99.7,571.2,3851,61,1.58,3910,3896,99.64
09/27/2025,11,5GNR,Florida,143,Jacksonville,METH_MED_CTR,1437012,0,0,0,0,NaN,0,0,0,NaN,0,NaN,0,0,NaN,0,0,NaN,NaN,NaN,NaN,NaN,NaN,NaN,NaN,0,0,0,0,4093.32,202,381,376,98.69,22,1986,1980,99.7,571.2,3851,61,1.58,3910,3896,99.64
09/27/2025,11,5GNR,Florida,143,Jacksonville,METH_MED_CTR,1439012,0,0,0,0,NaN,0,0,0,NaN,0,NaN,0,0,NaN,0,0,NaN,NaN,NaN,NaN,NaN,NaN,NaN,NaN,0,0,0,0,4093.32,202,381,376,98.69,22,1986,1980,99.7,571.2,3851,61,1.58,3910,3896,99.64
09/27/2025,11,5GNR,Florida,143,Jacksonville,MICANOPY,1439678,0,0,0,0,NaN,0,0,0,NaN,0,NaN,0,0,NaN,0,0,NaN,NaN,NaN,NaN,NaN,NaN,NaN,NaN,0,0,0,0,4093.32,202,381,376,98.69,22,1986,1980,99.7,571.2,3851,61,1.58,3910,3896,99.64
09/27/2025,11,5GNR,Florida,143,Jacksonville,MIDDLEBURG,1439088,0,0,0,0,NaN,0,0,0,NaN,0,NaN,0,0,NaN,0,0,NaN,NaN,NaN,NaN,NaN,NaN,NaN,NaN,0,0,0,0,4093.32,202,381,376,98.69,22,1986,1980,99.7,571.2,3851,61,1.58,3910,3896,99.64
09/27/2025,11,5GNR,Florida,143,Jacksonville,MIDWAY,1439632,0,0,0,0,NaN,0,0,0,NaN,0,NaN,0,0,NaN,0,0,NaN,NaN,NaN,NaN,NaN,NaN,NaN,NaN,0,0,0,0,4093.32,202,381,376,98.69,22,1986,1980,99.7,571.2,3851,61,1.58,3910,3896,99.64
09/27/2025,11,5GNR,Florida,143,Jacksonville,MIDWAY,1439769,0,0,0,0,NaN,0,0,0,NaN,0,NaN,0,0,NaN,0,0,NaN,NaN,NaN,NaN,NaN,NaN,NaN,NaN,0,0,0,0,4093.32,202,381,376,98.69,22,1986,1980,99.7,571.2,3851,61,1.58,3910,3896,99.64
09/27/2025,11,5GNR,Florida,143,Jacksonville,MIDWAY_OPM,1439514,0,0,0,0,NaN,0,0,0,NaN,0,NaN,0,0,NaN,0,0,NaN,NaN,NaN,NaN,NaN,NaN,NaN,NaN,0,0,0,0,4093.32,202,381,376,98.69,22,1986,1980,99.7,571.2,3851,61,1.58,3910,3896,99.64
09/27/2025,11,5GNR,Florida,143,Jacksonville,MILLS_FIELD,1437063,0,0,0,0,NaN,0,0,0,NaN,0,NaN,0,0,NaN,0,0,NaN,NaN,NaN,NaN,NaN,NaN,NaN,NaN,0,0,0,0,4093.32,202,381,376,98.69,22,1986,1980,99.7,571.2,3851,61,1.58,3910,3896,99.64
09/27/2025,11,5GNR,Florida,143,Jacksonville,MILLS_FIELD,1439063,0,0,0,0,NaN,0,0,0,NaN,0,NaN,0,0,NaN,0,0,NaN,NaN,NaN,NaN,NaN,NaN,NaN,NaN,0,0,0,0,4093.32,202,381,376,98.69,22,1986,1980,99.7,571.2,3851,61,1.58,3910,3896,99.64
09/27/2025,11,5GNR,Florida,143,Jacksonville,MOBILITIE_TMOBILE_I295,1439539,0,0,0,0,NaN,0,0,0,NaN,0,NaN,0,0,NaN,0,0,NaN,NaN,NaN,NaN,NaN,NaN,NaN,NaN,0,0,0,0,4093.32,202,381,376,98.69,22,1986,1980,99.7,571.2,3851,61,1.58,3910,3896,99.64
09/27/2025,11,5GNR,Florida,143,Jacksonville,MOBLEY_NORTH_MACCLENNY,1437551,0,0,0,0,NaN,0,0,0,NaN,0,NaN,0,0,NaN,0,0,NaN,NaN,NaN,NaN,NaN,NaN,NaN,NaN,0,0,0,0,4093.32,202,381,376,98.69,22,1986,1980,99.7,571.2,3851,61,1.58,3910,3896,99.64
09/27/2025,11,5GNR,Florida,143,Jacksonville,MOBLEY_NORTH_MACCLENNY,1439551,0,0,0,0,NaN,0,0,0,NaN,0,NaN,0,0,NaN,0,0,NaN,NaN,NaN,NaN,NaN,NaN,NaN,NaN,0,0,0,0,4093.32,202,381,376,98.69,22,1986,1980,99.7,571.2,3851,61,1.58,3910,3896,99.64
09/27/2025,11,5GNR,Florida,143,Jacksonville,MONCRIEF,1439294,0,0,0,0,NaN,0,0,0,NaN,0,NaN,0,0,NaN,0,0,NaN,NaN,NaN,NaN,NaN,NaN,NaN,NaN,0,0,0,0,4093.32,202,381,376,98.69,22,1986,1980,99.7,571.2,3851,61,1.58,3910,3896,99.64
09/27/2025,11,5GNR,Florida,143,Jacksonville,MONCRIEF,4439294,0,0,0,0,NaN,0,0,0,NaN,0,NaN,0,0,NaN,0,0,NaN,NaN,NaN,NaN,NaN,NaN,NaN,NaN,0,0,0,0,4093.32,202,381,376,98.69,22,1986,1980,99.7,571.2,3851,61,1.58,3910,3896,99.64
09/27/2025,11,5GNR,Florida,143,Jacksonville,MONROE_NORTH,1439873,0,0,0,0,NaN,0,0,0,NaN,0,NaN,0,0,NaN,0,0,NaN,NaN,NaN,NaN,NaN,NaN,NaN,NaN,0,0,0,0,4093.32,202,381,376,98.69,22,1986,1980,99.7,571.2,3851,61,1.58,3910,3896,99.64
09/27/2025,11,5GNR,Florida,143,Jacksonville,MONTEOCHA,1439664,0,0,0,0,NaN,0,0,0,NaN,0,NaN,0,0,NaN,0,0,NaN,NaN,NaN,NaN,NaN,NaN,NaN,NaN,0,0,0,0,4093.32,202,381,376,98.69,22,1986,1980,99.7,571.2,3851,61,1.58,3910,3896,99.64
09/27/2025,11,5GNR,Florida,143,Jacksonville,MOORE_FIELD_LURAVILLE,1439317,0,0,0,0,NaN,0,0,0,NaN,0,NaN,0,0,NaN,0,0,NaN,NaN,NaN,NaN,NaN,NaN,NaN,NaN,0,0,0,0,4093.32,202,381,376,98.69,22,1986,1980,99.7,571.2,3851,61,1.58,3910,3896,99.64
09/27/2025,11,5GNR,Florida,143,Jacksonville,MURRAY_HILL,1437013,0,0,0,0,NaN,0,0,0,NaN,0,NaN,0,0,NaN,0,0,NaN,NaN,NaN,NaN,NaN,NaN,NaN,NaN,0,0,0,0,4093.32,202,381,376,98.69,22,1986,1980,99.7,571.2,3851,61,1.58,3910,3896,99.64
09/27/2025,11,5GNR,Florida,143,Jacksonville,MURRAY_HILL,1439013,0,0,0,0,NaN,0,0,0,NaN,0,NaN,0,0,NaN,0,0,NaN,NaN,NaN,NaN,NaN,NaN,NaN,NaN,0,0,0,0,4093.32,202,381,376,98.69,22,1986,1980,99.7,571.2,3851,61,1.58,3910,3896,99.64
09/27/2025,11,5GNR,Florida,143,Jacksonville,NASSAU,1439620,0,0,0,0,NaN,0,0,0,NaN,0,NaN,0,0,NaN,0,0,NaN,NaN,NaN,NaN,NaN,NaN,NaN,NaN,0,0,0,0,4093.32,202,381,376,98.69,22,1986,1980,99.7,571.2,3851,61,1.58,3910,3896,99.64
09/27/2025,11,5GNR,Florida,143,Jacksonville,NEPTUNE_BCH_001,1437185,0,0,0,0,NaN,0,0,0,NaN,0,NaN,0,0,NaN,0,0,NaN,NaN,NaN,NaN,NaN,NaN,NaN,NaN,0,0,0,0,4093.32,202,381,376,98.69,22,1986,1980,99.7,571.2,3851,61,1.58,3910,3896,99.64
09/27/2025,11,5GNR,Florida,143,Jacksonville,NEPTUNE_BCH_001,1439185,0,0,0,0,NaN,0,0,0,NaN,0,NaN,0,0,NaN,0,0,NaN,NaN,NaN,NaN,NaN,NaN,NaN,NaN,0,0,0,0,4093.32,202,381,376,98.69,22,1986,1980,99.7,571.2,3851,61,1.58,3910,3896,99.64
09/27/2025,11,5GNR,Florida,143,Jacksonville,NEPTUNE_BCH_002,1437141,0,0,0,0,NaN,0,0,0,NaN,0,NaN,0,0,NaN,0,0,NaN,NaN,NaN,NaN,NaN,NaN,NaN,NaN,0,0,0,0,4093.32,202,381,376,98.69,22,1986,1980,99.7,571.2,3851,61,1.58,3910,3896,99.64
09/27/2025,11,5GNR,Florida,143,Jacksonville,NEPTUNE_BCH_004,1437091,0,0,0,0,NaN,0,0,0,NaN,0,NaN,0,0,NaN,0,0,NaN,NaN,NaN,NaN,NaN,NaN,NaN,NaN,0,0,0,0,4093.32,202,381,376,98.69,22,1986,1980,99.7,571.2,3851,61,1.58,3910,3896,99.64
09/27/2025,11,5GNR,Florida,143,Jacksonville,NEPTUNE_BCH_005,1437186,0,0,0,0,NaN,0,0,0,NaN,0,NaN,0,0,NaN,0,0,NaN,NaN,NaN,NaN,NaN,NaN,NaN,NaN,0,0,0,0,4093.32,202,381,376,98.69,22,1986,1980,99.7,571.2,3851,61,1.58,3910,3896,99.64
09/27/2025,11,5GNR,Florida,143,Jacksonville,NEPTUNE_BEACH_WT,1439380,0,0,0,0,NaN,0,0,0,NaN,0,NaN,0,0,NaN,0,0,NaN,NaN,NaN,NaN,NaN,NaN,NaN,NaN,0,0,0,0,4093.32,202,381,376,98.69,22,1986,1980,99.7,571.2,3851,61,1.58,3910,3896,99.64
09/27/2025,11,5GNR,Florida,143,Jacksonville,NEPTUNE_BEACH_WT,4439380,0,0,0,0,NaN,0,0,0,NaN,0,NaN,0,0,NaN,0,0,NaN,NaN,NaN,NaN,NaN,NaN,NaN,NaN,0,0,0,0,4093.32,202,381,376,98.69,22,1986,1980,99.7,571.2,3851,61,1.58,3910,3896,99.64
09/27/2025,11,5GNR,Florida,143,Jacksonville,NEWBERN_WT,1439609,0,0,0,0,NaN,0,0,0,NaN,0,NaN,0,0,NaN,0,0,NaN,NaN,NaN,NaN,NaN,NaN,NaN,NaN,0,0,0,0,4093.32,202,381,376,98.69,22,1986,1980,99.7,571.2,3851,61,1.58,3910,3896,99.64
09/27/2025,11,5GNR,Florida,143,Jacksonville,NEWBERRY,1439646,0,0,0,0,NaN,0,0,0,NaN,0,NaN,0,0,NaN,0,0,NaN,NaN,NaN,NaN,NaN,NaN,NaN,NaN,0,0,0,0,4093.32,202,381,376,98.69,22,1986,1980,99.7,571.2,3851,61,1.58,3910,3896,99.64
09/27/2025,11,5GNR,Florida,143,Jacksonville,NEW_BERLIN,1439060,0,0,0,0,NaN,0,0,0,NaN,0,NaN,0,0,NaN,0,0,NaN,NaN,NaN,NaN,NaN,NaN,NaN,NaN,0,0,0,0,4093.32,202,381,376,98.69,22,1986,1980,99.7,571.2,3851,61,1.58,3910,3896,99.64
09/27/2025,11,5GNR,Florida,143,Jacksonville,NEXTEL_WORLD_GOLF_VILLAGE,1439395,0,0,0,0,NaN,0,0,0,NaN,0,NaN,0,0,NaN,0,0,NaN,NaN,NaN,NaN,NaN,NaN,NaN,NaN,0,0,0,0,4093.32,202,381,376,98.69,22,1986,1980,99.7,571.2,3851,61,1.58,3910,3896,99.64
09/27/2025,11,5GNR,Florida,143,Jacksonville,NEXTOWER_BLAIR_NURSERIES,1437550,0,0,0,0,NaN,0,0,0,NaN,0,NaN,0,0,NaN,0,0,NaN,NaN,NaN,NaN,NaN,NaN,NaN,NaN,0,0,0,0,4093.32,202,381,376,98.69,22,1986,1980,99.7,571.2,3851,61,1.58,3910,3896,99.64
09/27/2025,11,5GNR,Florida,143,Jacksonville,NEXTOWER_BLAIR_NURSERIES,1439550,0,0,0,0,NaN,0,0,0,NaN,0,NaN,0,0,NaN,0,0,NaN,NaN,NaN,NaN,NaN,NaN,NaN,NaN,0,0,0,0,4093.32,202,381,376,98.69,22,1986,1980,99.7,571.2,3851,61,1.58,3910,3896,99.64
09/27/2025,11,5GNR,Florida,143,Jacksonville,NE_GAINESVILLE,1439677,0,0,0,0,NaN,0,0,0,NaN,0,NaN,0,0,NaN,0,0,NaN,NaN,NaN,NaN,NaN,NaN,NaN,NaN,0,0,0,0,4093.32,202,381,376,98.69,22,1986,1980,99.7,571.2,3851,61,1.58,3910,3896,99.64
09/27/2025,11,5GNR,Florida,143,Jacksonville,NINE_MILE_RD,1439050,0,0,0,0,NaN,0,0,0,NaN,0,NaN,0,0,NaN,0,0,NaN,NaN,NaN,NaN,NaN,NaN,NaN,NaN,0,0,0,0,4093.32,202,381,376,98.69,22,1986,1980,99.7,571.2,3851,61,1.58,3910,3896,99.64
09/27/2025,11,5GNR,Florida,143,Jacksonville,NORTH_PALENCIA,1437241,0,0,0,0,NaN,0,0,0,NaN,0,NaN,0,0,NaN,0,0,NaN,NaN,NaN,NaN,NaN,NaN,NaN,NaN,0,0,0,0,4093.32,202,381,376,98.69,22,1986,1980,99.7,571.2,3851,61,1.58,3910,3896,99.64
09/27/2025,11,5GNR,Florida,143,Jacksonville,NORTH_PALENCIA,1439241,0,0,0,0,NaN,0,0,0,NaN,0,NaN,0,0,NaN,0,0,NaN,NaN,NaN,NaN,NaN,NaN,NaN,NaN,0,0,0,0,4093.32,202,381,376,98.69,22,1986,1980,99.7,571.2,3851,61,1.58,3910,3896,99.64
09/27/2025,11,5GNR,Florida,143,Jacksonville,NW_BROWN_ROAD,1439483,0,0,0,0,NaN,0,0,0,NaN,0,NaN,0,0,NaN,0,0,NaN,NaN,NaN,NaN,NaN,NaN,NaN,NaN,0,0,0,0,4093.32,202,381,376,98.69,22,1986,1980,99.7,571.2,3851,61,1.58,3910,3896,99.64
09/27/2025,11,5GNR,Florida,143,Jacksonville,N_DT_TALL_BB7,1437124,0,0,0,0,NaN,0,0,0,NaN,0,NaN,0,0,NaN,0,0,NaN,NaN,NaN,NaN,NaN,NaN,NaN,NaN,0,0,0,0,4093.32,202,381,376,98.69,22,1986,1980,99.7,571.2,3851,61,1.58,3910,3896,99.64
09/27/2025,11,5GNR,Florida,143,Jacksonville,N_DT_TALL_NDT002,1430458,0,0,0,0,NaN,0,0,0,NaN,0,NaN,0,0,NaN,0,0,NaN,NaN,NaN,NaN,NaN,NaN,NaN,NaN,0,0,0,0,4093.32,202,381,376,98.69,22,1986,1980,99.7,571.2,3851,61,1.58,3910,3896,99.64
09/27/2025,11,5GNR,Florida,143,Jacksonville,N_DT_TALL_NDT002,1430459,0,0,0,0,NaN,0,0,0,NaN,0,NaN,0,0,NaN,0,0,NaN,NaN,NaN,NaN,NaN,NaN,NaN,NaN,0,0,0,0,4093.32,202,381,376,98.69,22,1986,1980,99.7,571.2,3851,61,1.58,3910,3896,99.64
09/27/2025,11,5GNR,Florida,143,Jacksonville,N_DT_TALL_NDT002,1430460,0,0,0,0,NaN,0,0,0,NaN,0,NaN,0,0,NaN,0,0,NaN,NaN,NaN,NaN,NaN,NaN,NaN,NaN,0,0,0,0,4093.32,202,381,376,98.69,22,1986,1980,99.7,571.2,3851,61,1.58,3910,3896,99.64
09/27/2025,11,5GNR,Florida,143,Jacksonville,N_DT_TALL_NDT003,1430434,0,0,0,0,NaN,0,0,0,NaN,0,NaN,0,0,NaN,0,0,NaN,NaN,NaN,NaN,NaN,NaN,NaN,NaN,0,0,0,0,4093.32,202,381,376,98.69,22,1986,1980,99.7,571.2,3851,61,1.58,3910,3896,99.64
09/27/2025,11,5GNR,Florida,143,Jacksonville,N_DT_TALL_NDT003,1430435,0,0,0,0,NaN,0,0,0,NaN,0,NaN,0,0,NaN,0,0,NaN,NaN,NaN,NaN,NaN,NaN,NaN,NaN,0,0,0,0,4093.32,202,381,376,98.69,22,1986,1980,99.7,571.2,3851,61,1.58,3910,3896,99.64
09/27/2025,11,5GNR,Florida,143,Jacksonville,N_DT_TALL_NDT003,1430436,0,0,0,0,NaN,0,0,0,NaN,0,NaN,0,0,NaN,0,0,NaN,NaN,NaN,NaN,NaN,NaN,NaN,NaN,0,0,0,0,4093.32,202,381,376,98.69,22,1986,1980,99.7,571.2,3851,61,1.58,3910,3896,99.64
09/27/2025,11,5GNR,Florida,143,Jacksonville,N_DT_TALL_NDT004,1430461,0,0,0,0,NaN,0,0,0,NaN,0,NaN,0,0,NaN,0,0,NaN,NaN,NaN,NaN,NaN,NaN,NaN,NaN,0,0,0,0,4093.32,202,381,376,98.69,22,1986,1980,99.7,571.2,3851,61,1.58,3910,3896,99.64
09/27/2025,11,5GNR,Florida,143,Jacksonville,N_DT_TALL_NDT004,1430462,0,0,0,0,NaN,0,0,0,NaN,0,NaN,0,0,NaN,0,0,NaN,NaN,NaN,NaN,NaN,NaN,NaN,NaN,0,0,0,0,4093.32,202,381,376,98.69,22,1986,1980,99.7,571.2,3851,61,1.58,3910,3896,99.64
09/27/2025,11,5GNR,Florida,143,Jacksonville,N_DT_TALL_NDT004,1430463,0,0,0,0,NaN,0,0,0,NaN,0,NaN,0,0,NaN,0,0,NaN,NaN,NaN,NaN,NaN,NaN,NaN,NaN,0,0,0,0,4093.32,202,381,376,98.69,22,1986,1980,99.7,571.2,3851,61,1.58,3910,3896,99.64
09/27/2025,11,5GNR,Florida,143,Jacksonville,N_DT_TALL_NDT005,1430464,0,0,0,0,NaN,0,0,0,NaN,0,NaN,0,0,NaN,0,0,NaN,NaN,NaN,NaN,NaN,NaN,NaN,NaN,0,0,0,0,4093.32,202,381,376,98.69,22,1986,1980,99.7,571.2,3851,61,1.58,3910,3896,99.64
09/27/2025,11,5GNR,Florida,143,Jacksonville,N_DT_TALL_NDT005,1430465,0,0,0,0,NaN,0,0,0,NaN,0,NaN,0,0,NaN,0,0,NaN,NaN,NaN,NaN,NaN,NaN,NaN,NaN,0,0,0,0,4093.32,202,381,376,98.69,22,1986,1980,99.7,571.2,3851,61,1.58,3910,3896,99.64
09/27/2025,11,5GNR,Florida,143,Jacksonville,N_DT_TALL_NDT005,1430466,0,0,0,0,NaN,0,0,0,NaN,0,NaN,0,0,NaN,0,0,NaN,NaN,NaN,NaN,NaN,NaN,NaN,NaN,0,0,0,0,4093.32,202,381,376,98.69,22,1986,1980,99.7,571.2,3851,61,1.58,3910,3896,99.64
09/27/2025,11,5GNR,Florida,143,Jacksonville,N_DT_TALL_NDT006,1430467,0,0,0,0,NaN,0,0,0,NaN,0,NaN,0,0,NaN,0,0,NaN,NaN,NaN,NaN,NaN,NaN,NaN,NaN,0,0,0,0,4093.32,202,381,376,98.69,22,1986,1980,99.7,571.2,3851,61,1.58,3910,3896,99.64
09/27/2025,11,5GNR,Florida,143,Jacksonville,N_DT_TALL_NDT006,1430468,0,0,0,0,NaN,0,0,0,NaN,0,NaN,0,0,NaN,0,0,NaN,NaN,NaN,NaN,NaN,NaN,NaN,NaN,0,0,0,0,4093.32,202,381,376,98.69,22,1986,1980,99.7,571.2,3851,61,1.58,3910,3896,99.64
09/27/2025,11,5GNR,Florida,143,Jacksonville,N_DT_TALL_NDT006,1430469,0,0,0,0,NaN,0,0,0,NaN,0,NaN,0,0,NaN,0,0,NaN,NaN,NaN,NaN,NaN,NaN,NaN,NaN,0,0,0,0,4093.32,202,381,376,98.69,22,1986,1980,99.7,571.2,3851,61,1.58,3910,3896,99.64
09/27/2025,11,5GNR,Florida,143,Jacksonville,N_DT_TALL_NDT007,1430437,0,0,0,0,NaN,0,0,0,NaN,0,NaN,0,0,NaN,0,0,NaN,NaN,NaN,NaN,NaN,NaN,NaN,NaN,0,0,0,0,4093.32,202,381,376,98.69,22,1986,1980,99.7,571.2,3851,61,1.58,3910,3896,99.64
09/27/2025,11,5GNR,Florida,143,Jacksonville,N_DT_TALL_NDT007,1430438,0,0,0,0,NaN,0,0,0,NaN,0,NaN,0,0,NaN,0,0,NaN,NaN,NaN,NaN,NaN,NaN,NaN,NaN,0,0,0,0,4093.32,202,381,376,98.69,22,1986,1980,99.7,571.2,3851,61,1.58,3910,3896,99.64
09/27/2025,11,5GNR,Florida,143,Jacksonville,N_DT_TALL_NDT007,1430439,0,0,0,0,NaN,0,0,0,NaN,0,NaN,0,0,NaN,0,0,NaN,NaN,NaN,NaN,NaN,NaN,NaN,NaN,0,0,0,0,4093.32,202,381,376,98.69,22,1986,1980,99.7,571.2,3851,61,1.58,3910,3896,99.64
09/27/2025,11,5GNR,Florida,143,Jacksonville,N_DT_TALL_NDT008,1430440,0,0,0,0,NaN,0,0,0,NaN,0,NaN,0,0,NaN,0,0,NaN,NaN,NaN,NaN,NaN,NaN,NaN,NaN,0,0,0,0,4093.32,202,381,376,98.69,22,1986,1980,99.7,571.2,3851,61,1.58,3910,3896,99.64
09/27/2025,11,5GNR,Florida,143,Jacksonville,N_DT_TALL_NDT008,1430441,0,0,0,0,NaN,0,0,0,NaN,0,NaN,0,0,NaN,0,0,NaN,NaN,NaN,NaN,NaN,NaN,NaN,NaN,0,0,0,0,4093.32,202,381,376,98.69,22,1986,1980,99.7,571.2,3851,61,1.58,3910,3896,99.64
09/27/2025,11,5GNR,Florida,143,Jacksonville,N_DT_TALL_NDT008,1430442,0,0,0,0,NaN,0,0,0,NaN,0,NaN,0,0,NaN,0,0,NaN,NaN,NaN,NaN,NaN,NaN,NaN,NaN,0,0,0,0,4093.32,202,381,376,98.69,22,1986,1980,99.7,571.2,3851,61,1.58,3910,3896,99.64
09/27/2025,11,5GNR,Florida,143,Jacksonville,N_DT_TALL_NDT010,1430470,0,0,0,0,NaN,0,0,0,NaN,0,NaN,0,0,NaN,0,0,NaN,NaN,NaN,NaN,NaN,NaN,NaN,NaN,0,0,0,0,4093.32,202,381,376,98.69,22,1986,1980,99.7,571.2,3851,61,1.58,3910,3896,99.64
09/27/2025,11,5GNR,Florida,143,Jacksonville,N_DT_TALL_NDT010,1430471,0,0,0,0,NaN,0,0,0,NaN,0,NaN,0,0,NaN,0,0,NaN,NaN,NaN,NaN,NaN,NaN,NaN,NaN,0,0,0,0,4093.32,202,381,376,98.69,22,1986,1980,99.7,571.2,3851,61,1.58,3910,3896,99.64
09/27/2025,11,5GNR,Florida,143,Jacksonville,N_DT_TALL_NDT010,1430472,0,0,0,0,NaN,0,0,0,NaN,0,NaN,0,0,NaN,0,0,NaN,NaN,NaN,NaN,NaN,NaN,NaN,NaN,0,0,0,0,4093.32,202,381,376,98.69,22,1986,1980,99.7,571.2,3851,61,1.58,3910,3896,99.64
09/27/2025,11,5GNR,Florida,143,Jacksonville,N_DT_TALL_NDT011,1430443,0,0,0,0,NaN,0,0,0,NaN,0,NaN,0,0,NaN,0,0,NaN,NaN,NaN,NaN,NaN,NaN,NaN,NaN,0,0,0,0,4093.32,202,381,376,98.69,22,1986,1980,99.7,571.2,3851,61,1.58,3910,3896,99.64
09/27/2025,11,5GNR,Florida,143,Jacksonville,N_DT_TALL_NDT011,1430444,0,0,0,0,NaN,0,0,0,NaN,0,NaN,0,0,NaN,0,0,NaN,NaN,NaN,NaN,NaN,NaN,NaN,NaN,0,0,0,0,4093.32,202,381,376,98.69,22,1986,1980,99.7,571.2,3851,61,1.58,3910,3896,99.64
09/27/2025,11,5GNR,Florida,143,Jacksonville,N_DT_TALL_NDT011,1430445,0,0,0,0,NaN,0,0,0,NaN,0,NaN,0,0,NaN,0,0,NaN,NaN,NaN,NaN,NaN,NaN,NaN,NaN,0,0,0,0,4093.32,202,381,376,98.69,22,1986,1980,99.7,571.2,3851,61,1.58,3910,3896,99.64
09/27/2025,11,5GNR,Florida,143,Jacksonville,N_DT_TALL_NDT012,1430569,0,0,0,0,NaN,0,0,0,NaN,0,NaN,0,0,NaN,0,0,NaN,NaN,NaN,NaN,NaN,NaN,NaN,NaN,0,0,0,0,4093.32,202,381,376,98.69,22,1986,1980,99.7,571.2,3851,61,1.58,3910,3896,99.64
09/27/2025,11,5GNR,Florida,143,Jacksonville,N_DT_TALL_NDT012,1430570,0,0,0,0,NaN,0,0,0,NaN,0,NaN,0,0,NaN,0,0,NaN,NaN,NaN,NaN,NaN,NaN,NaN,NaN,0,0,0,0,4093.32,202,381,376,98.69,22,1986,1980,99.7,571.2,3851,61,1.58,3910,3896,99.64
09/27/2025,11,5GNR,Florida,143,Jacksonville,N_DT_TALL_NDT012,1430571,0,0,0,0,NaN,0,0,0,NaN,0,NaN,0,0,NaN,0,0,NaN,NaN,NaN,NaN,NaN,NaN,NaN,NaN,0,0,0,0,4093.32,202,381,376,98.69,22,1986,1980,99.7,571.2,3851,61,1.58,3910,3896,99.64
09/27/2025,11,5GNR,Florida,143,Jacksonville,N_DT_TALL_NDT014,1430446,0,0,0,0,NaN,0,0,0,NaN,0,NaN,0,0,NaN,0,0,NaN,NaN,NaN,NaN,NaN,NaN,NaN,NaN,0,0,0,0,4093.32,202,381,376,98.69,22,1986,1980,99.7,571.2,3851,61,1.58,3910,3896,99.64
09/27/2025,11,5GNR,Florida,143,Jacksonville,N_DT_TALL_NDT014,1430447,0,0,0,0,NaN,0,0,0,NaN,0,NaN,0,0,NaN,0,0,NaN,NaN,NaN,NaN,NaN,NaN,NaN,NaN,0,0,0,0,4093.32,202,381,376,98.69,22,1986,1980,99.7,571.2,3851,61,1.58,3910,3896,99.64
09/27/2025,11,5GNR,Florida,143,Jacksonville,N_DT_TALL_NDT014,1430448,0,0,0,0,NaN,0,0,0,NaN,0,NaN,0,0,NaN,0,0,NaN,NaN,NaN,NaN,NaN,NaN,NaN,NaN,0,0,0,0,4093.32,202,381,376,98.69,22,1986,1980,99.7,571.2,3851,61,1.58,3910,3896,99.64
09/27/2025,11,5GNR,Florida,143,Jacksonville,N_DT_TALL_NDT016,1430473,0,0,0,0,NaN,0,0,0,NaN,0,NaN,0,0,NaN,0,0,NaN,NaN,NaN,NaN,NaN,NaN,NaN,NaN,0,0,0,0,4093.32,202,381,376,98.69,22,1986,1980,99.7,571.2,3851,61,1.58,3910,3896,99.64
09/27/2025,11,5GNR,Florida,143,Jacksonville,N_DT_TALL_NDT016,1430474,0,0,0,0,NaN,0,0,0,NaN,0,NaN,0,0,NaN,0,0,NaN,NaN,NaN,NaN,NaN,NaN,NaN,NaN,0,0,0,0,4093.32,202,381,376,98.69,22,1986,1980,99.7,571.2,3851,61,1.58,3910,3896,99.64
09/27/2025,11,5GNR,Florida,143,Jacksonville,N_DT_TALL_NDT016,1430475,0,0,0,0,NaN,0,0,0,NaN,0,NaN,0,0,NaN,0,0,NaN,NaN,NaN,NaN,NaN,NaN,NaN,NaN,0,0,0,0,4093.32,202,381,376,98.69,22,1986,1980,99.7,571.2,3851,61,1.58,3910,3896,99.64
09/27/2025,11,5GNR,Florida,143,Jacksonville,N_DT_TALL_NDT019,1430449,0,0,0,0,NaN,0,0,0,NaN,0,NaN,0,0,NaN,0,0,NaN,NaN,NaN,NaN,NaN,NaN,NaN,NaN,0,0,0,0,4093.32,202,381,376,98.69,22,1986,1980,99.7,571.2,3851,61,1.58,3910,3896,99.64
09/27/2025,11,5GNR,Florida,143,Jacksonville,N_DT_TALL_NDT019,1430450,0,0,0,0,NaN,0,0,0,NaN,0,NaN,0,0,NaN,0,0,NaN,NaN,NaN,NaN,NaN,NaN,NaN,NaN,0,0,0,0,4093.32,202,381,376,98.69,22,1986,1980,99.7,571.2,3851,61,1.58,3910,3896,99.64
09/27/2025,11,5GNR,Florida,143,Jacksonville,N_DT_TALL_NDT020,1430452,0,0,0,0,NaN,0,0,0,NaN,0,NaN,0,0,NaN,0,0,NaN,NaN,NaN,NaN,NaN,NaN,NaN,NaN,0,0,0,0,4093.32,202,381,376,98.69,22,1986,1980,99.7,571.2,3851,61,1.58,3910,3896,99.64
09/27/2025,11,5GNR,Florida,143,Jacksonville,N_DT_TALL_NDT020,1430453,0,0,0,0,NaN,0,0,0,NaN,0,NaN,0,0,NaN,0,0,NaN,NaN,NaN,NaN,NaN,NaN,NaN,NaN,0,0,0,0,4093.32,202,381,376,98.69,22,1986,1980,99.7,571.2,3851,61,1.58,3910,3896,99.64
09/27/2025,11,5GNR,Florida,143,Jacksonville,N_DT_TALL_NDT020,1430454,0,0,0,0,NaN,0,0,0,NaN,0,NaN,0,0,NaN,0,0,NaN,NaN,NaN,NaN,NaN,NaN,NaN,NaN,0,0,0,0,4093.32,202,381,376,98.69,22,1986,1980,99.7,571.2,3851,61,1.58,3910,3896,99.64
09/27/2025,11,5GNR,Florida,143,Jacksonville,N_DT_TALL_NDT025,1430455,0,0,0,0,NaN,0,0,0,NaN,0,NaN,0,0,NaN,0,0,NaN,NaN,NaN,NaN,NaN,NaN,NaN,NaN,0,0,0,0,4093.32,202,381,376,98.69,22,1986,1980,99.7,571.2,3851,61,1.58,3910,3896,99.64
09/27/2025,11,5GNR,Florida,143,Jacksonville,N_DT_TALL_NDT025,1430456,0,0,0,0,NaN,0,0,0,NaN,0,NaN,0,0,NaN,0,0,NaN,NaN,NaN,NaN,NaN,NaN,NaN,NaN,0,0,0,0,4093.32,202,381,376,98.69,22,1986,1980,99.7,571.2,3851,61,1.58,3910,3896,99.64
09/27/2025,11,5GNR,Florida,143,Jacksonville,N_DT_TALL_NDT025,1430457,0,0,0,0,NaN,0,0,0,NaN,0,NaN,0,0,NaN,0,0,NaN,NaN,NaN,NaN,NaN,NaN,NaN,NaN,0,0,0,0,4093.32,202,381,376,98.69,22,1986,1980,99.7,571.2,3851,61,1.58,3910,3896,99.64
09/27/2025,11,5GNR,Florida,143,Jacksonville,N_DT_TALL_NDT027,1430476,0,0,0,0,NaN,0,0,0,NaN,0,NaN,0,0,NaN,0,0,NaN,NaN,NaN,NaN,NaN,NaN,NaN,NaN,0,0,0,0,4093.32,202,381,376,98.69,22,1986,1980,99.7,571.2,3851,61,1.58,3910,3896,99.64
09/27/2025,11,5GNR,Florida,143,Jacksonville,N_DT_TALL_NDT027,1430477,0,0,0,0,NaN,0,0,0,NaN,0,NaN,0,0,NaN,0,0,NaN,NaN,NaN,NaN,NaN,NaN,NaN,NaN,0,0,0,0,4093.32,202,381,376,98.69,22,1986,1980,99.7,571.2,3851,61,1.58,3910,3896,99.64
09/27/2025,11,5GNR,Florida,143,Jacksonville,N_DT_TALL_NDT027,1430478,0,0,0,0,NaN,0,0,0,NaN,0,NaN,0,0,NaN,0,0,NaN,NaN,NaN,NaN,NaN,NaN,NaN,NaN,0,0,0,0,4093.32,202,381,376,98.69,22,1986,1980,99.7,571.2,3851,61,1.58,3910,3896,99.64
09/27/2025,11,5GNR,Florida,143,Jacksonville,N_DT_TALL_NDT028,1430479,0,0,0,0,NaN,0,0,0,NaN,0,NaN,0,0,NaN,0,0,NaN,NaN,NaN,NaN,NaN,NaN,NaN,NaN,0,0,0,0,4093.32,202,381,376,98.69,22,1986,1980,99.7,571.2,3851,61,1.58,3910,3896,99.64
09/27/2025,11,5GNR,Florida,143,Jacksonville,N_DT_TALL_NDT028,1430480,0,0,0,0,NaN,0,0,0,NaN,0,NaN,0,0,NaN,0,0,NaN,NaN,NaN,NaN,NaN,NaN,NaN,NaN,0,0,0,0,4093.32,202,381,376,98.69,22,1986,1980,99.7,571.2,3851,61,1.58,3910,3896,99.64
09/27/2025,11,5GNR,Florida,143,Jacksonville,N_DT_TALL_NDT028,1430481,0,0,0,0,NaN,0,0,0,NaN,0,NaN,0,0,NaN,0,0,NaN,NaN,NaN,NaN,NaN,NaN,NaN,NaN,0,0,0,0,4093.32,202,381,376,98.69,22,1986,1980,99.7,571.2,3851,61,1.58,3910,3896,99.64
09/27/2025,11,5GNR,Florida,143,Jacksonville,N_DT_TALL_NDT029,1430482,0,0,0,0,NaN,0,0,0,NaN,0,NaN,0,0,NaN,0,0,NaN,NaN,NaN,NaN,NaN,NaN,NaN,NaN,0,0,0,0,4093.32,202,381,376,98.69,22,1986,1980,99.7,571.2,3851,61,1.58,3910,3896,99.64
09/27/2025,11,5GNR,Florida,143,Jacksonville,N_DT_TALL_NDT029,1430483,0,0,0,0,NaN,0,0,0,NaN,0,NaN,0,0,NaN,0,0,NaN,NaN,NaN,NaN,NaN,NaN,NaN,NaN,0,0,0,0,4093.32,202,381,376,98.69,22,1986,1980,99.7,571.2,3851,61,1.58,3910,3896,99.64
09/27/2025,11,5GNR,Florida,143,Jacksonville,N_DT_TALL_NDT029,1430484,0,0,0,0,NaN,0,0,0,NaN,0,NaN,0,0,NaN,0,0,NaN,NaN,NaN,NaN,NaN,NaN,NaN,NaN,0,0,0,0,4093.32,202,381,376,98.69,22,1986,1980,99.7,571.2,3851,61,1.58,3910,3896,99.64
09/27/2025,11,5GNR,Florida,143,Jacksonville,N_DT_TALL_NDT030,1430485,0,0,0,0,NaN,0,0,0,NaN,0,NaN,0,0,NaN,0,0,NaN,NaN,NaN,NaN,NaN,NaN,NaN,NaN,0,0,0,0,4093.32,202,381,376,98.69,22,1986,1980,99.7,571.2,3851,61,1.58,3910,3896,99.64
09/27/2025,11,5GNR,Florida,143,Jacksonville,N_DT_TALL_NDT030,1430486,0,0,0,0,NaN,0,0,0,NaN,0,NaN,0,0,NaN,0,0,NaN,NaN,NaN,NaN,NaN,NaN,NaN,NaN,0,0,0,0,4093.32,202,381,376,98.69,22,1986,1980,99.7,571.2,3851,61,1.58,3910,3896,99.64
09/27/2025,11,5GNR,Florida,143,Jacksonville,N_DT_TALL_NDT030,1430487,0,0,0,0,NaN,0,0,0,NaN,0,NaN,0,0,NaN,0,0,NaN,NaN,NaN,NaN,NaN,NaN,NaN,NaN,0,0,0,0,4093.32,202,381,376,98.69,22,1986,1980,99.7,571.2,3851,61,1.58,3910,3896,99.64
09/27/2025,11,5GNR,Florida,143,Jacksonville,N_DT_TALL_NDT039,1430509,0,0,0,0,NaN,0,0,0,NaN,0,NaN,0,0,NaN,0,0,NaN,NaN,NaN,NaN,NaN,NaN,NaN,NaN,0,0,0,0,4093.32,202,381,376,98.69,22,1986,1980,99.7,571.2,3851,61,1.58,3910,3896,99.64
09/27/2025,11,5GNR,Florida,143,Jacksonville,N_DT_TALL_NDT039,1430510,0,0,0,0,NaN,0,0,0,NaN,0,NaN,0,0,NaN,0,0,NaN,NaN,NaN,NaN,NaN,NaN,NaN,NaN,0,0,0,0,4093.32,202,381,376,98.69,22,1986,1980,99.7,571.2,3851,61,1.58,3910,3896,99.64
09/27/2025,11,5GNR,Florida,143,Jacksonville,N_DT_TALL_NDT039,1430511,0,0,0,0,NaN,0,0,0,NaN,0,NaN,0,0,NaN,0,0,NaN,NaN,NaN,NaN,NaN,NaN,NaN,NaN,0,0,0,0,4093.32,202,381,376,98.69,22,1986,1980,99.7,571.2,3851,61,1.58,3910,3896,99.64
09/27/2025,11,5GNR,Florida,143,Jacksonville,N_DT_TALL_NDT046,1430530,0,0,0,0,NaN,0,0,0,NaN,0,NaN,0,0,NaN,0,0,NaN,NaN,NaN,NaN,NaN,NaN,NaN,NaN,0,0,0,0,4093.32,202,381,376,98.69,22,1986,1980,99.7,571.2,3851,61,1.58,3910,3896,99.64
09/27/2025,11,5GNR,Florida,143,Jacksonville,N_DT_TALL_NDT046,1430531,0,0,0,0,NaN,0,0,0,NaN,0,NaN,0,0,NaN,0,0,NaN,NaN,NaN,NaN,NaN,NaN,NaN,NaN,0,0,0,0,4093.32,202,381,376,98.69,22,1986,1980,99.7,571.2,3851,61,1.58,3910,3896,99.64
09/27/2025,11,5GNR,Florida,143,Jacksonville,N_DT_TALL_NDT046,1430532,0,0,0,0,NaN,0,0,0,NaN,0,NaN,0,0,NaN,0,0,NaN,NaN,NaN,NaN,NaN,NaN,NaN,NaN,0,0,0,0,4093.32,202,381,376,98.69,22,1986,1980,99.7,571.2,3851,61,1.58,3910,3896,99.64
09/27/2025,11,5GNR,Florida,143,Jacksonville,N_DT_TALL_NDT048,1430536,0,0,0,0,NaN,0,0,0,NaN,0,NaN,0,0,NaN,0,0,NaN,NaN,NaN,NaN,NaN,NaN,NaN,NaN,0,0,0,0,4093.32,202,381,376,98.69,22,1986,1980,99.7,571.2,3851,61,1.58,3910,3896,99.64
09/27/2025,11,5GNR,Florida,143,Jacksonville,N_DT_TALL_NDT048,1430537,0,0,0,0,NaN,0,0,0,NaN,0,NaN,0,0,NaN,0,0,NaN,NaN,NaN,NaN,NaN,NaN,NaN,NaN,0,0,0,0,4093.32,202,381,376,98.69,22,1986,1980,99.7,571.2,3851,61,1.58,3910,3896,99.64
09/27/2025,11,5GNR,Florida,143,Jacksonville,N_DT_TALL_NDT048,1430538,0,0,0,0,NaN,0,0,0,NaN,0,NaN,0,0,NaN,0,0,NaN,NaN,NaN,NaN,NaN,NaN,NaN,NaN,0,0,0,0,4093.32,202,381,376,98.69,22,1986,1980,99.7,571.2,3851,61,1.58,3910,3896,99.64
09/27/2025,11,5GNR,Florida,143,Jacksonville,N_DT_TALL_NDT050,1430542,0,0,0,0,NaN,0,0,0,NaN,0,NaN,0,0,NaN,0,0,NaN,NaN,NaN,NaN,NaN,NaN,NaN,NaN,0,0,0,0,4093.32,202,381,376,98.69,22,1986,1980,99.7,571.2,3851,61,1.58,3910,3896,99.64
09/27/2025,11,5GNR,Florida,143,Jacksonville,N_DT_TALL_NDT050,1430543,0,0,0,0,NaN,0,0,0,NaN,0,NaN,0,0,NaN,0,0,NaN,NaN,NaN,NaN,NaN,NaN,NaN,NaN,0,0,0,0,4093.32,202,381,376,98.69,22,1986,1980,99.7,571.2,3851,61,1.58,3910,3896,99.64
09/27/2025,11,5GNR,Florida,143,Jacksonville,N_DT_TALL_NDT050,1430544,0,0,0,0,NaN,0,0,0,NaN,0,NaN,0,0,NaN,0,0,NaN,NaN,NaN,NaN,NaN,NaN,NaN,NaN,0,0,0,0,4093.32,202,381,376,98.69,22,1986,1980,99.7,571.2,3851,61,1.58,3910,3896,99.64
09/27/2025,11,5GNR,Florida,143,Jacksonville,N_DT_TALL_NDT051,1430545,0,0,0,0,NaN,0,0,0,NaN,0,NaN,0,0,NaN,0,0,NaN,NaN,NaN,NaN,NaN,NaN,NaN,NaN,0,0,0,0,4093.32,202,381,376,98.69,22,1986,1980,99.7,571.2,3851,61,1.58,3910,3896,99.64
09/27/2025,11,5GNR,Florida,143,Jacksonville,N_DT_TALL_NDT051,1430546,0,0,0,0,NaN,0,0,0,NaN,0,NaN,0,0,NaN,0,0,NaN,NaN,NaN,NaN,NaN,NaN,NaN,NaN,0,0,0,0,4093.32,202,381,376,98.69,22,1986,1980,99.7,571.2,3851,61,1.58,3910,3896,99.64
09/27/2025,11,5GNR,Florida,143,Jacksonville,N_DT_TALL_NDT051,1430547,0,0,0,0,NaN,0,0,0,NaN,0,NaN,0,0,NaN,0,0,NaN,NaN,NaN,NaN,NaN,NaN,NaN,NaN,0,0,0,0,4093.32,202,381,376,98.69,22,1986,1980,99.7,571.2,3851,61,1.58,3910,3896,99.64
09/27/2025,11,5GNR,Florida,143,Jacksonville,N_DT_TALL_NDT053,1430551,0,0,0,0,NaN,0,0,0,NaN,0,NaN,0,0,NaN,0,0,NaN,NaN,NaN,NaN,NaN,NaN,NaN,NaN,0,0,0,0,4093.32,202,381,376,98.69,22,1986,1980,99.7,571.2,3851,61,1.58,3910,3896,99.64
09/27/2025,11,5GNR,Florida,143,Jacksonville,N_DT_TALL_NDT053,1430552,0,0,0,0,NaN,0,0,0,NaN,0,NaN,0,0,NaN,0,0,NaN,NaN,NaN,NaN,NaN,NaN,NaN,NaN,0,0,0,0,4093.32,202,381,376,98.69,22,1986,1980,99.7,571.2,3851,61,1.58,3910,3896,99.64
09/27/2025,11,5GNR,Florida,143,Jacksonville,N_DT_TALL_NDT053,1430553,0,0,0,0,NaN,0,0,0,NaN,0,NaN,0,0,NaN,0,0,NaN,NaN,NaN,NaN,NaN,NaN,NaN,NaN,0,0,0,0,4093.32,202,381,376,98.69,22,1986,1980,99.7,571.2,3851,61,1.58,3910,3896,99.64
09/27/2025,11,5GNR,Florida,143,Jacksonville,N_DT_TALL_NDT055,1430575,0,0,0,0,NaN,0,0,0,NaN,0,NaN,0,0,NaN,0,0,NaN,NaN,NaN,NaN,NaN,NaN,NaN,NaN,0,0,0,0,4093.32,202,381,376,98.69,22,1986,1980,99.7,571.2,3851,61,1.58,3910,3896,99.64
09/27/2025,11,5GNR,Florida,143,Jacksonville,N_DT_TALL_NDT055,1430576,0,0,0,0,NaN,0,0,0,NaN,0,NaN,0,0,NaN,0,0,NaN,NaN,NaN,NaN,NaN,NaN,NaN,NaN,0,0,0,0,4093.32,202,381,376,98.69,22,1986,1980,99.7,571.2,3851,61,1.58,3910,3896,99.64
09/27/2025,11,5GNR,Florida,143,Jacksonville,N_DT_TALL_NDT055,1430577,0,0,0,0,NaN,0,0,0,NaN,0,NaN,0,0,NaN,0,0,NaN,NaN,NaN,NaN,NaN,NaN,NaN,NaN,0,0,0,0,4093.32,202,381,376,98.69,22,1986,1980,99.7,571.2,3851,61,1.58,3910,3896,99.64
09/27/2025,11,5GNR,Florida,143,Jacksonville,N_DT_TALL_NDT059,1430566,0,0,0,0,NaN,0,0,0,NaN,0,NaN,0,0,NaN,0,0,NaN,NaN,NaN,NaN,NaN,NaN,NaN,NaN,0,0,0,0,4093.32,202,381,376,98.69,22,1986,1980,99.7,571.2,3851,61,1.58,3910,3896,99.64
09/27/2025,11,5GNR,Florida,143,Jacksonville,N_DT_TALL_NDT059,1430567,0,0,0,0,NaN,0,0,0,NaN,0,NaN,0,0,NaN,0,0,NaN,NaN,NaN,NaN,NaN,NaN,NaN,NaN,0,0,0,0,4093.32,202,381,376,98.69,22,1986,1980,99.7,571.2,3851,61,1.58,3910,3896,99.64
09/27/2025,11,5GNR,Florida,143,Jacksonville,N_DT_TALL_NDT059,1430568,0,0,0,0,NaN,0,0,0,NaN,0,NaN,0,0,NaN,0,0,NaN,NaN,NaN,NaN,NaN,NaN,NaN,NaN,0,0,0,0,4093.32,202,381,376,98.69,22,1986,1980,99.7,571.2,3851,61,1.58,3910,3896,99.64
09/27/2025,11,5GNR,Florida,143,Jacksonville,N_EASTSIDE_JAX,1437427,0,0,0,0,NaN,0,0,0,NaN,0,NaN,0,0,NaN,0,0,NaN,NaN,NaN,NaN,NaN,NaN,NaN,NaN,0,0,0,0,4093.32,202,381,376,98.69,22,1986,1980,99.7,571.2,3851,61,1.58,3910,3896,99.64
09/27/2025,11,5GNR,Florida,143,Jacksonville,N_EASTSIDE_JAX,1439427,0,0,0,0,NaN,0,0,0,NaN,0,NaN,0,0,NaN,0,0,NaN,NaN,NaN,NaN,NaN,NaN,NaN,NaN,0,0,0,0,4093.32,202,381,376,98.69,22,1986,1980,99.7,571.2,3851,61,1.58,3910,3896,99.64
09/27/2025,11,5GNR,Florida,143,Jacksonville,N_EASTSIDE_JAX,4439427,0,0,0,0,NaN,0,0,0,NaN,0,NaN,0,0,NaN,0,0,NaN,NaN,NaN,NaN,NaN,NaN,NaN,NaN,0,0,0,0,4093.32,202,381,376,98.69,22,1986,1980,99.7,571.2,3851,61,1.58,3910,3896,99.64
09/27/2025,11,5GNR,Florida,143,Jacksonville,OAKLEAF_CHURCH,1439475,0,0,0,0,NaN,0,0,0,NaN,0,NaN,0,0,NaN,0,0,NaN,NaN,NaN,NaN,NaN,NaN,NaN,NaN,0,0,0,0,4093.32,202,381,376,98.69,22,1986,1980,99.7,571.2,3851,61,1.58,3910,3896,99.64
09/27/2025,11,5GNR,Florida,143,Jacksonville,OAKLEAF_CHURCH,4439475,0,0,0,0,NaN,0,0,0,NaN,0,NaN,0,0,NaN,0,0,NaN,NaN,NaN,NaN,NaN,NaN,NaN,NaN,0,0,0,0,4093.32,202,381,376,98.69,22,1986,1980,99.7,571.2,3851,61,1.58,3910,3896,99.64
09/27/2025,11,5GNR,Florida,143,Jacksonville,OLD_ST_AUGUSTINE_AND_95,1439283,0,0,0,0,NaN,0,0,0,NaN,0,NaN,0,0,NaN,0,0,NaN,NaN,NaN,NaN,NaN,NaN,NaN,NaN,0,0,0,0,4093.32,202,381,376,98.69,22,1986,1980,99.7,571.2,3851,61,1.58,3910,3896,99.64
09/27/2025,11,5GNR,Florida,143,Jacksonville,ORANGE_HEIGHTS,1437685,0,0,0,0,NaN,0,0,0,NaN,0,NaN,0,0,NaN,0,0,NaN,NaN,NaN,NaN,NaN,NaN,NaN,NaN,0,0,0,0,4093.32,202,381,376,98.69,22,1986,1980,99.7,571.2,3851,61,1.58,3910,3896,99.64
09/27/2025,11,5GNR,Florida,143,Jacksonville,ORANGE_PARK_SERVICES,1439529,0,0,0,0,NaN,0,0,0,NaN,0,NaN,0,0,NaN,0,0,NaN,NaN,NaN,NaN,NaN,NaN,NaN,NaN,0,0,0,0,4093.32,202,381,376,98.69,22,1986,1980,99.7,571.2,3851,61,1.58,3910,3896,99.64
09/27/2025,11,5GNR,Florida,143,Jacksonville,ORANGE_PARK_SERVICES,4439529,0,0,0,0,NaN,0,0,0,NaN,0,NaN,0,0,NaN,0,0,NaN,NaN,NaN,NaN,NaN,NaN,NaN,NaN,0,0,0,0,4093.32,202,381,376,98.69,22,1986,1980,99.7,571.2,3851,61,1.58,3910,3896,99.64
09/27/2025,11,5GNR,Florida,143,Jacksonville,ORANGE_TREE,1437081,0,0,0,0,NaN,0,0,0,NaN,0,NaN,0,0,NaN,0,0,NaN,NaN,NaN,NaN,NaN,NaN,NaN,NaN,0,0,0,0,4093.32,202,381,376,98.69,22,1986,1980,99.7,571.2,3851,61,1.58,3910,3896,99.64
09/27/2025,11,5GNR,Florida,143,Jacksonville,ORANGE_TREE,1439081,0,0,0,0,NaN,0,0,0,NaN,0,NaN,0,0,NaN,0,0,NaN,NaN,NaN,NaN,NaN,NaN,NaN,NaN,0,0,0,0,4093.32,202,381,376,98.69,22,1986,1980,99.7,571.2,3851,61,1.58,3910,3896,99.64
09/27/2025,11,5GNR,Florida,143,Jacksonville,ORANGE_TREE,4439081,0,0,0,0,NaN,0,0,0,NaN,0,NaN,0,0,NaN,0,0,NaN,NaN,NaN,NaN,NaN,NaN,NaN,NaN,0,0,0,0,4093.32,202,381,376,98.69,22,1986,1980,99.7,571.2,3851,61,1.58,3910,3896,99.64
09/27/2025,11,5GNR,Florida,143,Jacksonville,PACETTI_RD,1439513,0,0,0,0,NaN,0,0,0,NaN,0,NaN,0,0,NaN,0,0,NaN,NaN,NaN,NaN,NaN,NaN,NaN,NaN,0,0,0,0,4093.32,202,381,376,98.69,22,1986,1980,99.7,571.2,3851,61,1.58,3910,3896,99.64
09/27/2025,11,5GNR,Florida,143,Jacksonville,PALATKA_WEST,1439576,0,0,0,0,NaN,0,0,0,NaN,0,NaN,0,0,NaN,0,0,NaN,NaN,NaN,NaN,NaN,NaN,NaN,NaN,0,0,0,0,4093.32,202,381,376,98.69,22,1986,1980,99.7,571.2,3851,61,1.58,3910,3896,99.64
09/27/2025,11,5GNR,Florida,143,Jacksonville,PALATKA_WEST,4439576,0,0,0,0,NaN,0,0,0,NaN,0,NaN,0,0,NaN,0,0,NaN,NaN,NaN,NaN,NaN,NaN,NaN,NaN,0,0,0,0,4093.32,202,381,376,98.69,22,1986,1980,99.7,571.2,3851,61,1.58,3910,3896,99.64
09/27/2025,11,5GNR,Florida,143,Jacksonville,PALM_LN_N_S_ROSCOE_BLVD,1439291,0,0,0,0,NaN,0,0,0,NaN,0,NaN,0,0,NaN,0,0,NaN,NaN,NaN,NaN,NaN,NaN,NaN,NaN,0,0,0,0,4093.32,202,381,376,98.69,22,1986,1980,99.7,571.2,3851,61,1.58,3910,3896,99.64
09/27/2025,11,5GNR,Florida,143,Jacksonville,PANAMA_PARK,1437025,0,0,0,0,NaN,0,0,0,NaN,0,NaN,0,0,NaN,0,0,NaN,NaN,NaN,NaN,NaN,NaN,NaN,NaN,0,0,0,0,4093.32,202,381,376,98.69,22,1986,1980,99.7,571.2,3851,61,1.58,3910,3896,99.64
09/27/2025,11,5GNR,Florida,143,Jacksonville,PANAMA_PARK,1439025,0,0,0,0,NaN,0,0,0,NaN,0,NaN,0,0,NaN,0,0,NaN,NaN,NaN,NaN,NaN,NaN,NaN,NaN,0,0,0,0,4093.32,202,381,376,98.69,22,1986,1980,99.7,571.2,3851,61,1.58,3910,3896,99.64
09/27/2025,11,5GNR,Florida,143,Jacksonville,PARKER_PLACE,1437365,0,0,0,0,NaN,0,0,0,NaN,0,NaN,0,0,NaN,0,0,NaN,NaN,NaN,NaN,NaN,NaN,NaN,NaN,0,0,0,0,4093.32,202,381,376,98.69,22,1986,1980,99.7,571.2,3851,61,1.58,3910,3896,99.64
09/27/2025,11,5GNR,Florida,143,Jacksonville,PARKER_PLACE,1439365,0,0,0,0,NaN,0,0,0,NaN,0,NaN,0,0,NaN,0,0,NaN,NaN,NaN,NaN,NaN,NaN,NaN,NaN,0,0,0,0,4093.32,202,381,376,98.69,22,1986,1980,99.7,571.2,3851,61,1.58,3910,3896,99.64
09/27/2025,11,5GNR,Florida,143,Jacksonville,PARK_PLAZA,1437004,0,0,0,0,NaN,0,0,0,NaN,0,NaN,0,0,NaN,0,0,NaN,NaN,NaN,NaN,NaN,NaN,NaN,NaN,0,0,0,0,4093.32,202,381,376,98.69,22,1986,1980,99.7,571.2,3851,61,1.58,3910,3896,99.64
09/27/2025,11,5GNR,Florida,143,Jacksonville,PARK_PLAZA,1439004,0,0,0,0,NaN,0,0,0,NaN,0,NaN,0,0,NaN,0,0,NaN,NaN,NaN,NaN,NaN,NaN,NaN,NaN,0,0,0,0,4093.32,202,381,376,98.69,22,1986,1980,99.7,571.2,3851,61,1.58,3910,3896,99.64
09/27/2025,11,5GNR,Florida,143,Jacksonville,PENMAN_RD_WATER_TANK,1437037,0,0,0,0,NaN,0,0,0,NaN,0,NaN,0,0,NaN,0,0,NaN,NaN,NaN,NaN,NaN,NaN,NaN,NaN,0,0,0,0,4093.32,202,381,376,98.69,22,1986,1980,99.7,571.2,3851,61,1.58,3910,3896,99.64
09/27/2025,11,5GNR,Florida,143,Jacksonville,PENMAN_RD_WATER_TANK,1439037,0,0,0,0,NaN,0,0,0,NaN,0,NaN,0,0,NaN,0,0,NaN,NaN,NaN,NaN,NaN,NaN,NaN,NaN,0,0,0,0,4093.32,202,381,376,98.69,22,1986,1980,99.7,571.2,3851,61,1.58,3910,3896,99.64
09/27/2025,11,5GNR,Florida,143,Jacksonville,PERRY_NORTH,1439790,0,0,0,0,NaN,0,0,0,NaN,0,NaN,0,0,NaN,0,0,NaN,NaN,NaN,NaN,NaN,NaN,NaN,NaN,0,0,0,0,4093.32,202,381,376,98.69,22,1986,1980,99.7,571.2,3851,61,1.58,3910,3896,99.64
09/27/2025,11,5GNR,Florida,143,Jacksonville,PHILIP_SHEFFIELD_1,1437533,0,0,0,0,NaN,0,0,0,NaN,0,NaN,0,0,NaN,0,0,NaN,NaN,NaN,NaN,NaN,NaN,NaN,NaN,0,0,0,0,4093.32,202,381,376,98.69,22,1986,1980,99.7,571.2,3851,61,1.58,3910,3896,99.64
09/27/2025,11,5GNR,Florida,143,Jacksonville,PHILIP_SHEFFIELD_1,1439533,0,0,0,0,NaN,0,0,0,NaN,0,NaN,0,0,NaN,0,0,NaN,NaN,NaN,NaN,NaN,NaN,NaN,NaN,0,0,0,0,4093.32,202,381,376,98.69,22,1986,1980,99.7,571.2,3851,61,1.58,3910,3896,99.64
09/27/2025,11,5GNR,Florida,143,Jacksonville,PHILLIPS_POWERS,1437005,0,0,0,0,NaN,0,0,0,NaN,0,NaN,0,0,NaN,0,0,NaN,NaN,NaN,NaN,NaN,NaN,NaN,NaN,0,0,0,0,4093.32,202,381,376,98.69,22,1986,1980,99.7,571.2,3851,61,1.58,3910,3896,99.64
09/27/2025,11,5GNR,Florida,143,Jacksonville,PIER_17,1439014,0,0,0,0,NaN,0,0,0,NaN,0,NaN,0,0,NaN,0,0,NaN,NaN,NaN,NaN,NaN,NaN,NaN,NaN,0,0,0,0,4093.32,202,381,376,98.69,22,1986,1980,99.7,571.2,3851,61,1.58,3910,3896,99.64
09/27/2025,11,5GNR,Florida,143,Jacksonville,PINNACLE_TOWERCOM_BEAVER_ST,1437085,0,0,0,0,NaN,0,0,0,NaN,0,NaN,0,0,NaN,0,0,NaN,NaN,NaN,NaN,NaN,NaN,NaN,NaN,0,0,0,0,4093.32,202,381,376,98.69,22,1986,1980,99.7,571.2,3851,61,1.58,3910,3896,99.64
09/27/2025,11,5GNR,Florida,143,Jacksonville,PINNACLE_TOWERCOM_BEAVER_ST,1439085,0,0,0,0,NaN,0,0,0,NaN,0,NaN,0,0,NaN,0,0,NaN,NaN,NaN,NaN,NaN,NaN,NaN,NaN,0,0,0,0,4093.32,202,381,376,98.69,22,1986,1980,99.7,571.2,3851,61,1.58,3910,3896,99.64
09/27/2025,11,5GNR,Florida,143,Jacksonville,PINNACLE_TOWERCOM_STRICKLAND,1437087,0,0,0,0,NaN,0,0,0,NaN,0,NaN,0,0,NaN,0,0,NaN,NaN,NaN,NaN,NaN,NaN,NaN,NaN,0,0,0,0,4093.32,202,381,376,98.69,22,1986,1980,99.7,571.2,3851,61,1.58,3910,3896,99.64
09/27/2025,11,5GNR,Florida,143,Jacksonville,PINNACLE_TOWERCOM_STRICKLAND,1439087,0,0,0,0,NaN,0,0,0,NaN,0,NaN,0,0,NaN,0,0,NaN,NaN,NaN,NaN,NaN,NaN,NaN,NaN,0,0,0,0,4093.32,202,381,376,98.69,22,1986,1980,99.7,571.2,3851,61,1.58,3910,3896,99.64
09/27/2025,11,5GNR,Florida,143,Jacksonville,PINNACLE_TOWERCOM_S_MAIN,1439673,0,0,0,0,NaN,0,0,0,NaN,0,NaN,0,0,NaN,0,0,NaN,NaN,NaN,NaN,NaN,NaN,NaN,NaN,0,0,0,0,4093.32,202,381,376,98.69,22,1986,1980,99.7,571.2,3851,61,1.58,3910,3896,99.64
09/27/2025,11,5GNR,Florida,143,Jacksonville,PLUM_CREEK_WEST_LAKE_BUTLER,1439320,0,0,0,0,NaN,0,0,0,NaN,0,NaN,0,0,NaN,0,0,NaN,NaN,NaN,NaN,NaN,NaN,NaN,NaN,0,0,0,0,4093.32,202,381,376,98.69,22,1986,1980,99.7,571.2,3851,61,1.58,3910,3896,99.64
09/27/2025,11,5GNR,Florida,143,Jacksonville,POWERTEL_ARGYLE_FOREST,1437127,0,0,0,0,NaN,0,0,0,NaN,0,NaN,0,0,NaN,0,0,NaN,NaN,NaN,NaN,NaN,NaN,NaN,NaN,0,0,0,0,4093.32,202,381,376,98.69,22,1986,1980,99.7,571.2,3851,61,1.58,3910,3896,99.64
09/27/2025,11,5GNR,Florida,143,Jacksonville,POWERTEL_ARGYLE_FOREST,1439127,0,0,0,0,NaN,0,0,0,NaN,0,NaN,0,0,NaN,0,0,NaN,NaN,NaN,NaN,NaN,NaN,NaN,NaN,0,0,0,0,4093.32,202,381,376,98.69,22,1986,1980,99.7,571.2,3851,61,1.58,3910,3896,99.64
09/27/2025,11,5GNR,Florida,143,Jacksonville,POWERTEL_FISH_ISLAND,1437096,0,0,0,0,NaN,0,0,0,NaN,0,NaN,0,0,NaN,0,0,NaN,NaN,NaN,NaN,NaN,NaN,NaN,NaN,0,0,0,0,4093.32,202,381,376,98.69,22,1986,1980,99.7,571.2,3851,61,1.58,3910,3896,99.64
09/27/2025,11,5GNR,Florida,143,Jacksonville,POWERTEL_FISH_ISLAND,1439096,0,0,0,0,NaN,0,0,0,NaN,0,NaN,0,0,NaN,0,0,NaN,NaN,NaN,NaN,NaN,NaN,NaN,NaN,0,0,0,0,4093.32,202,381,376,98.69,22,1986,1980,99.7,571.2,3851,61,1.58,3910,3896,99.64
09/27/2025,11,5GNR,Florida,143,Jacksonville,POWERTEL_FRUITCOVE,1437142,0,0,0,0,NaN,0,0,0,NaN,0,NaN,0,0,NaN,0,0,NaN,NaN,NaN,NaN,NaN,NaN,NaN,NaN,0,0,0,0,4093.32,202,381,376,98.69,22,1986,1980,99.7,571.2,3851,61,1.58,3910,3896,99.64
09/27/2025,11,5GNR,Florida,143,Jacksonville,POWERTEL_FRUITCOVE,1439142,0,0,0,0,NaN,0,0,0,NaN,0,NaN,0,0,NaN,0,0,NaN,NaN,NaN,NaN,NaN,NaN,NaN,NaN,0,0,0,0,4093.32,202,381,376,98.69,22,1986,1980,99.7,571.2,3851,61,1.58,3910,3896,99.64
09/27/2025,11,5GNR,Florida,143,Jacksonville,POWERTEL_HERO,1439071,0,0,0,0,NaN,0,0,0,NaN,0,NaN,0,0,NaN,0,0,NaN,NaN,NaN,NaN,NaN,NaN,NaN,NaN,0,0,0,0,4093.32,202,381,376,98.69,22,1986,1980,99.7,571.2,3851,61,1.58,3910,3896,99.64
09/27/2025,11,5GNR,Florida,143,Jacksonville,PREVATT_BROOKER,1439449,0,0,0,0,NaN,0,0,0,NaN,0,NaN,0,0,NaN,0,0,NaN,NaN,NaN,NaN,NaN,NaN,NaN,NaN,0,0,0,0,4093.32,202,381,376,98.69,22,1986,1980,99.7,571.2,3851,61,1.58,3910,3896,99.64
09/27/2025,11,5GNR,Florida,143,Jacksonville,PT_TOWERS_OP,1439031,0,0,0,0,NaN,0,0,0,NaN,0,NaN,0,0,NaN,0,0,NaN,NaN,NaN,NaN,NaN,NaN,NaN,NaN,0,0,0,0,4093.32,202,381,376,98.69,22,1986,1980,99.7,571.2,3851,61,1.58,3910,3896,99.64
09/27/2025,11,5GNR,Florida,143,Jacksonville,PT_TOWERS_OP,4439031,0,0,0,0,NaN,0,0,0,NaN,0,NaN,0,0,NaN,0,0,NaN,NaN,NaN,NaN,NaN,NaN,NaN,NaN,0,0,0,0,4093.32,202,381,376,98.69,22,1986,1980,99.7,571.2,3851,61,1.58,3910,3896,99.64
09/27/2025,11,5GNR,Florida,143,Jacksonville,PUTNAM,1439844,0,0,0,0,NaN,0,0,0,NaN,0,NaN,0,0,NaN,0,0,NaN,NaN,NaN,NaN,NaN,NaN,NaN,NaN,0,0,0,0,4093.32,202,381,376,98.69,22,1986,1980,99.7,571.2,3851,61,1.58,3910,3896,99.64
09/27/2025,11,5GNR,Florida,143,Jacksonville,QUINCY_NORTH,1439923,0,0,0,0,NaN,0,0,0,NaN,0,NaN,0,0,NaN,0,0,NaN,NaN,NaN,NaN,NaN,NaN,NaN,NaN,0,0,0,0,4093.32,202,381,376,98.69,22,1986,1980,99.7,571.2,3851,61,1.58,3910,3896,99.64
09/27/2025,11,5GNR,Florida,143,Jacksonville,QUINCY_SOUTH,1439967,0,0,0,0,NaN,0,0,0,NaN,0,NaN,0,0,NaN,0,0,NaN,NaN,NaN,NaN,NaN,NaN,NaN,NaN,0,0,0,0,4093.32,202,381,376,98.69,22,1986,1980,99.7,571.2,3851,61,1.58,3910,3896,99.64
09/27/2025,11,5GNR,Florida,143,Jacksonville,RACETRACK_RD,1439051,0,0,0,0,NaN,0,0,0,NaN,0,NaN,0,0,NaN,0,0,NaN,NaN,NaN,NaN,NaN,NaN,NaN,NaN,0,0,0,0,4093.32,202,381,376,98.69,22,1986,1980,99.7,571.2,3851,61,1.58,3910,3896,99.64
09/27/2025,11,5GNR,Florida,143,Jacksonville,RAGGEDY_POINT,1437052,0,0,0,0,NaN,0,0,0,NaN,0,NaN,0,0,NaN,0,0,NaN,NaN,NaN,NaN,NaN,NaN,NaN,NaN,0,0,0,0,4093.32,202,381,376,98.69,22,1986,1980,99.7,571.2,3851,61,1.58,3910,3896,99.64
09/27/2025,11,5GNR,Florida,143,Jacksonville,RAGGEDY_POINT,1439052,0,0,0,0,NaN,0,0,0,NaN,0,NaN,0,0,NaN,0,0,NaN,NaN,NaN,NaN,NaN,NaN,NaN,NaN,0,0,0,0,4093.32,202,381,376,98.69,22,1986,1980,99.7,571.2,3851,61,1.58,3910,3896,99.64
09/27/2025,11,5GNR,Florida,143,Jacksonville,RAIFORD,1439636,0,0,0,0,NaN,0,0,0,NaN,0,NaN,0,0,NaN,0,0,NaN,NaN,NaN,NaN,NaN,NaN,NaN,NaN,0,0,0,0,4093.32,202,381,376,98.69,22,1986,1980,99.7,571.2,3851,61,1.58,3910,3896,99.64
09/27/2025,11,5GNR,Florida,143,Jacksonville,REDWATER,1437433,0,0,0,0,NaN,0,0,0,NaN,0,NaN,0,0,NaN,0,0,NaN,NaN,NaN,NaN,NaN,NaN,NaN,NaN,0,0,0,0,4093.32,202,381,376,98.69,22,1986,1980,99.7,571.2,3851,61,1.58,3910,3896,99.64
09/27/2025,11,5GNR,Florida,143,Jacksonville,REDWATER,1439433,0,0,0,0,NaN,0,0,0,NaN,0,NaN,0,0,NaN,0,0,NaN,NaN,NaN,NaN,NaN,NaN,NaN,NaN,0,0,0,0,4093.32,202,381,376,98.69,22,1986,1980,99.7,571.2,3851,61,1.58,3910,3896,99.64
09/27/2025,11,5GNR,Florida,143,Jacksonville,REGENCY_SQUARE_JAX,1439358,0,0,0,0,NaN,0,0,0,NaN,0,NaN,0,0,NaN,0,0,NaN,NaN,NaN,NaN,NaN,NaN,NaN,NaN,0,0,0,0,4093.32,202,381,376,98.69,22,1986,1980,99.7,571.2,3851,61,1.58,3910,3896,99.64
09/27/2025,11,5GNR,Florida,143,Jacksonville,REGENCY_SQUARE_JAX,4439358,0,0,0,0,NaN,0,0,0,NaN,0,NaN,0,0,NaN,0,0,NaN,NaN,NaN,NaN,NaN,NaN,NaN,NaN,0,0,0,0,4093.32,202,381,376,98.69,22,1986,1980,99.7,571.2,3851,61,1.58,3910,3896,99.64
09/27/2025,11,5GNR,Florida,143,Jacksonville,REMBERT_TOWERS_GIRLS_CLUB,1439666,0,0,0,0,NaN,0,0,0,NaN,0,NaN,0,0,NaN,0,0,NaN,NaN,NaN,NaN,NaN,NaN,NaN,NaN,0,0,0,0,4093.32,202,381,376,98.69,22,1986,1980,99.7,571.2,3851,61,1.58,3910,3896,99.64
09/27/2025,11,5GNR,Florida,143,Jacksonville,RICHARDSON,1439697,0,0,0,0,NaN,0,0,0,NaN,0,NaN,0,0,NaN,0,0,NaN,NaN,NaN,NaN,NaN,NaN,NaN,NaN,0,0,0,0,4093.32,202,381,376,98.69,22,1986,1980,99.7,571.2,3851,61,1.58,3910,3896,99.64
09/27/2025,11,5GNR,Florida,143,Jacksonville,ROBINSON_MICCOSUKEE_RD,1439808,0,0,0,0,NaN,0,0,0,NaN,0,NaN,0,0,NaN,0,0,NaN,NaN,NaN,NaN,NaN,NaN,NaN,NaN,0,0,0,0,4093.32,202,381,376,98.69,22,1986,1980,99.7,571.2,3851,61,1.58,3910,3896,99.64
09/27/2025,11,5GNR,Florida,143,Jacksonville,ROCHELLE,1439682,0,0,0,0,NaN,0,0,0,NaN,0,NaN,0,0,NaN,0,0,NaN,NaN,NaN,NaN,NaN,NaN,NaN,NaN,0,0,0,0,4093.32,202,381,376,98.69,22,1986,1980,99.7,571.2,3851,61,1.58,3910,3896,99.64
09/27/2025,11,5GNR,Florida,143,Jacksonville,RODMAN_ARP,1439695,0,0,0,0,NaN,0,0,0,NaN,0,NaN,0,0,NaN,0,0,NaN,NaN,NaN,NaN,NaN,NaN,NaN,NaN,0,0,0,0,4093.32,202,381,376,98.69,22,1986,1980,99.7,571.2,3851,61,1.58,3910,3896,99.64
09/27/2025,11,5GNR,Florida,143,Jacksonville,RODMAN_ARP,4439695,0,0,0,0,NaN,0,0,0,NaN,0,NaN,0,0,NaN,0,0,NaN,NaN,NaN,NaN,NaN,NaN,NaN,NaN,0,0,0,0,4093.32,202,381,376,98.69,22,1986,1980,99.7,571.2,3851,61,1.58,3910,3896,99.64
09/27/2025,11,5GNR,Florida,143,Jacksonville,ROOSEVELT_AND_295,1437434,0,0,0,0,NaN,0,0,0,NaN,0,NaN,0,0,NaN,0,0,NaN,NaN,NaN,NaN,NaN,NaN,NaN,NaN,0,0,0,0,4093.32,202,381,376,98.69,22,1986,1980,99.7,571.2,3851,61,1.58,3910,3896,99.64
09/27/2025,11,5GNR,Florida,143,Jacksonville,ROOSEVELT_AND_295,1439434,0,0,0,0,NaN,0,0,0,NaN,0,NaN,0,0,NaN,0,0,NaN,NaN,NaN,NaN,NaN,NaN,NaN,NaN,0,0,0,0,4093.32,202,381,376,98.69,22,1986,1980,99.7,571.2,3851,61,1.58,3910,3896,99.64
09/27/2025,11,5GNR,Florida,143,Jacksonville,ROOSEVELT_AND_295,4439434,0,0,0,0,NaN,0,0,0,NaN,0,NaN,0,0,NaN,0,0,NaN,NaN,NaN,NaN,NaN,NaN,NaN,NaN,0,0,0,0,4093.32,202,381,376,98.69,22,1986,1980,99.7,571.2,3851,61,1.58,3910,3896,99.64
09/27/2025,11,5GNR,Florida,143,Jacksonville,ROSEDALE,1439762,0,0,0,0,NaN,0,0,0,NaN,0,NaN,0,0,NaN,0,0,NaN,NaN,NaN,NaN,NaN,NaN,NaN,NaN,0,0,0,0,4093.32,202,381,376,98.69,22,1986,1980,99.7,571.2,3851,61,1.58,3910,3896,99.64
09/27/2025,11,5GNR,Florida,143,Jacksonville,SANTAFE_COLLEGE,1439223,0,0,0,0,NaN,0,0,0,NaN,0,NaN,0,0,NaN,0,0,NaN,NaN,NaN,NaN,NaN,NaN,NaN,NaN,0,0,0,0,4093.32,202,381,376,98.69,22,1986,1980,99.7,571.2,3851,61,1.58,3910,3896,99.64
09/27/2025,11,5GNR,Florida,143,Jacksonville,SANTA_FE,1439634,0,0,0,0,NaN,0,0,0,NaN,0,NaN,0,0,NaN,0,0,NaN,NaN,NaN,NaN,NaN,NaN,NaN,NaN,0,0,0,0,4093.32,202,381,376,98.69,22,1986,1980,99.7,571.2,3851,61,1.58,3910,3896,99.64
09/27/2025,11,5GNR,Florida,143,Jacksonville,SAN_LUIS_SL001,1430329,0,0,0,0,NaN,0,0,0,NaN,0,NaN,0,0,NaN,0,0,NaN,NaN,NaN,NaN,NaN,NaN,NaN,NaN,0,0,0,0,4093.32,202,381,376,98.69,22,1986,1980,99.7,571.2,3851,61,1.58,3910,3896,99.64
09/27/2025,11,5GNR,Florida,143,Jacksonville,SAN_LUIS_SL001,1430330,0,0,0,0,NaN,0,0,0,NaN,0,NaN,0,0,NaN,0,0,NaN,NaN,NaN,NaN,NaN,NaN,NaN,NaN,0,0,0,0,4093.32,202,381,376,98.69,22,1986,1980,99.7,571.2,3851,61,1.58,3910,3896,99.64
09/27/2025,11,5GNR,Florida,143,Jacksonville,SAN_LUIS_SL002,1430331,0,0,0,0,NaN,0,0,0,NaN,0,NaN,0,0,NaN,0,0,NaN,NaN,NaN,NaN,NaN,NaN,NaN,NaN,0,0,0,0,4093.32,202,381,376,98.69,22,1986,1980,99.7,571.2,3851,61,1.58,3910,3896,99.64
09/27/2025,11,5GNR,Florida,143,Jacksonville,SAN_LUIS_SL002,1430332,0,0,0,0,NaN,0,0,0,NaN,0,NaN,0,0,NaN,0,0,NaN,NaN,NaN,NaN,NaN,NaN,NaN,NaN,0,0,0,0,4093.32,202,381,376,98.69,22,1986,1980,99.7,571.2,3851,61,1.58,3910,3896,99.64
09/27/2025,11,5GNR,Florida,143,Jacksonville,SAN_LUIS_SL002,1430333,0,0,0,0,NaN,0,0,0,NaN,0,NaN,0,0,NaN,0,0,NaN,NaN,NaN,NaN,NaN,NaN,NaN,NaN,0,0,0,0,4093.32,202,381,376,98.69,22,1986,1980,99.7,571.2,3851,61,1.58,3910,3896,99.64
09/27/2025,11,5GNR,Florida,143,Jacksonville,SAN_LUIS_SL004,1430336,0,0,0,0,NaN,0,0,0,NaN,0,NaN,0,0,NaN,0,0,NaN,NaN,NaN,NaN,NaN,NaN,NaN,NaN,0,0,0,0,4093.32,202,381,376,98.69,22,1986,1980,99.7,571.2,3851,61,1.58,3910,3896,99.64
09/27/2025,11,5GNR,Florida,143,Jacksonville,SAN_LUIS_SL004,1430337,0,0,0,0,NaN,0,0,0,NaN,0,NaN,0,0,NaN,0,0,NaN,NaN,NaN,NaN,NaN,NaN,NaN,NaN,0,0,0,0,4093.32,202,381,376,98.69,22,1986,1980,99.7,571.2,3851,61,1.58,3910,3896,99.64
09/27/2025,11,5GNR,Florida,143,Jacksonville,SAN_LUIS_SL004,1430338,0,0,0,0,NaN,0,0,0,NaN,0,NaN,0,0,NaN,0,0,NaN,NaN,NaN,NaN,NaN,NaN,NaN,NaN,0,0,0,0,4093.32,202,381,376,98.69,22,1986,1980,99.7,571.2,3851,61,1.58,3910,3896,99.64
09/27/2025,11,5GNR,Florida,143,Jacksonville,SAN_LUIS_SL005,1430339,0,0,0,0,NaN,0,0,0,NaN,0,NaN,0,0,NaN,0,0,NaN,NaN,NaN,NaN,NaN,NaN,NaN,NaN,0,0,0,0,4093.32,202,381,376,98.69,22,1986,1980,99.7,571.2,3851,61,1.58,3910,3896,99.64
09/27/2025,11,5GNR,Florida,143,Jacksonville,SAN_LUIS_SL005,1430340,0,0,0,0,NaN,0,0,0,NaN,0,NaN,0,0,NaN,0,0,NaN,NaN,NaN,NaN,NaN,NaN,NaN,NaN,0,0,0,0,4093.32,202,381,376,98.69,22,1986,1980,99.7,571.2,3851,61,1.58,3910,3896,99.64
09/27/2025,11,5GNR,Florida,143,Jacksonville,SAN_LUIS_SL006,1430341,0,0,0,0,NaN,0,0,0,NaN,0,NaN,0,0,NaN,0,0,NaN,NaN,NaN,NaN,NaN,NaN,NaN,NaN,0,0,0,0,4093.32,202,381,376,98.69,22,1986,1980,99.7,571.2,3851,61,1.58,3910,3896,99.64
09/27/2025,11,5GNR,Florida,143,Jacksonville,SAN_LUIS_SL006,1430342,0,0,0,0,NaN,0,0,0,NaN,0,NaN,0,0,NaN,0,0,NaN,NaN,NaN,NaN,NaN,NaN,NaN,NaN,0,0,0,0,4093.32,202,381,376,98.69,22,1986,1980,99.7,571.2,3851,61,1.58,3910,3896,99.64
09/27/2025,11,5GNR,Florida,143,Jacksonville,SAN_LUIS_SL006,1430343,0,0,0,0,NaN,0,0,0,NaN,0,NaN,0,0,NaN,0,0,NaN,NaN,NaN,NaN,NaN,NaN,NaN,NaN,0,0,0,0,4093.32,202,381,376,98.69,22,1986,1980,99.7,571.2,3851,61,1.58,3910,3896,99.64
09/27/2025,11,5GNR,Florida,143,Jacksonville,SAN_PABLO_AND_BUTLER,1437343,0,0,0,0,NaN,0,0,0,NaN,0,NaN,0,0,NaN,0,0,NaN,NaN,NaN,NaN,NaN,NaN,NaN,NaN,0,0,0,0,4093.32,202,381,376,98.69,22,1986,1980,99.7,571.2,3851,61,1.58,3910,3896,99.64
09/27/2025,11,5GNR,Florida,143,Jacksonville,SAN_PABLO_AND_BUTLER,1439343,0,0,0,0,NaN,0,0,0,NaN,0,NaN,0,0,NaN,0,0,NaN,NaN,NaN,NaN,NaN,NaN,NaN,NaN,0,0,0,0,4093.32,202,381,376,98.69,22,1986,1980,99.7,571.2,3851,61,1.58,3910,3896,99.64
09/27/2025,11,5GNR,Florida,143,Jacksonville,SAN_PABLO_AND_BUTLER,4439343,0,0,0,0,NaN,0,0,0,NaN,0,NaN,0,0,NaN,0,0,NaN,NaN,NaN,NaN,NaN,NaN,NaN,NaN,0,0,0,0,4093.32,202,381,376,98.69,22,1986,1980,99.7,571.2,3851,61,1.58,3910,3896,99.64
09/27/2025,11,5GNR,Florida,143,Jacksonville,SBA_BARTRAM_PARK,1437552,0,0,0,0,NaN,0,0,0,NaN,0,NaN,0,0,NaN,0,0,NaN,NaN,NaN,NaN,NaN,NaN,NaN,NaN,0,0,0,0,4093.32,202,381,376,98.69,22,1986,1980,99.7,571.2,3851,61,1.58,3910,3896,99.64
09/27/2025,11,5GNR,Florida,143,Jacksonville,SBA_BARTRAM_PARK,1439552,0,0,0,0,NaN,0,0,0,NaN,0,NaN,0,0,NaN,0,0,NaN,NaN,NaN,NaN,NaN,NaN,NaN,NaN,0,0,0,0,4093.32,202,381,376,98.69,22,1986,1980,99.7,571.2,3851,61,1.58,3910,3896,99.64
09/27/2025,11,5GNR,Florida,143,Jacksonville,SBA_I10_AND_I75,1439366,0,0,0,0,NaN,0,0,0,NaN,0,NaN,0,0,NaN,0,0,NaN,NaN,NaN,NaN,NaN,NaN,NaN,NaN,0,0,0,0,4093.32,202,381,376,98.69,22,1986,1980,99.7,571.2,3851,61,1.58,3910,3896,99.64
09/27/2025,11,5GNR,Florida,143,Jacksonville,SBA_JAX_DT,1431065,0,0,0,0,NaN,0,0,0,NaN,0,NaN,0,0,NaN,0,0,NaN,NaN,NaN,NaN,NaN,NaN,NaN,NaN,0,0,0,0,4093.32,202,381,376,98.69,22,1986,1980,99.7,571.2,3851,61,1.58,3910,3896,99.64
09/27/2025,11,5GNR,Florida,143,Jacksonville,SBA_JAX_DT,1431066,0,0,0,0,NaN,0,0,0,NaN,0,NaN,0,0,NaN,0,0,NaN,NaN,NaN,NaN,NaN,NaN,NaN,NaN,0,0,0,0,4093.32,202,381,376,98.69,22,1986,1980,99.7,571.2,3851,61,1.58,3910,3896,99.64
09/27/2025,11,5GNR,Florida,143,Jacksonville,SBA_JAX_DT,1431067,0,0,0,0,NaN,0,0,0,NaN,0,NaN,0,0,NaN,0,0,NaN,NaN,NaN,NaN,NaN,NaN,NaN,NaN,0,0,0,0,4093.32,202,381,376,98.69,22,1986,1980,99.7,571.2,3851,61,1.58,3910,3896,99.64
09/27/2025,11,5GNR,Florida,143,Jacksonville,SBA_JAX_DT,1437556,0,0,0,0,NaN,0,0,0,NaN,0,NaN,0,0,NaN,0,0,NaN,NaN,NaN,NaN,NaN,NaN,NaN,NaN,0,0,0,0,4093.32,202,381,376,98.69,22,1986,1980,99.7,571.2,3851,61,1.58,3910,3896,99.64
09/27/2025,11,5GNR,Florida,143,Jacksonville,SBA_JAX_DT,1439556,0,0,0,0,NaN,0,0,0,NaN,0,NaN,0,0,NaN,0,0,NaN,NaN,NaN,NaN,NaN,NaN,NaN,NaN,0,0,0,0,4093.32,202,381,376,98.69,22,1986,1980,99.7,571.2,3851,61,1.58,3910,3896,99.64
09/27/2025,11,5GNR,Florida,143,Jacksonville,SBA_JORDAN,1437555,0,0,0,0,NaN,0,0,0,NaN,0,NaN,0,0,NaN,0,0,NaN,NaN,NaN,NaN,NaN,NaN,NaN,NaN,0,0,0,0,4093.32,202,381,376,98.69,22,1986,1980,99.7,571.2,3851,61,1.58,3910,3896,99.64
09/27/2025,11,5GNR,Florida,143,Jacksonville,SBA_JORDAN,1439555,0,0,0,0,NaN,0,0,0,NaN,0,NaN,0,0,NaN,0,0,NaN,NaN,NaN,NaN,NaN,NaN,NaN,NaN,0,0,0,0,4093.32,202,381,376,98.69,22,1986,1980,99.7,571.2,3851,61,1.58,3910,3896,99.64
09/27/2025,11,5GNR,Florida,143,Jacksonville,SBA_MCALPIN,1439318,0,0,0,0,NaN,0,0,0,NaN,0,NaN,0,0,NaN,0,0,NaN,NaN,NaN,NaN,NaN,NaN,NaN,NaN,0,0,0,0,4093.32,202,381,376,98.69,22,1986,1980,99.7,571.2,3851,61,1.58,3910,3896,99.64
09/27/2025,11,5GNR,Florida,143,Jacksonville,SBA_NASSAUVILLE,1437536,0,0,0,0,NaN,0,0,0,NaN,0,NaN,0,0,NaN,0,0,NaN,NaN,NaN,NaN,NaN,NaN,NaN,NaN,0,0,0,0,4093.32,202,381,376,98.69,22,1986,1980,99.7,571.2,3851,61,1.58,3910,3896,99.64
09/27/2025,11,5GNR,Florida,143,Jacksonville,SBA_NASSAUVILLE,1439536,0,0,0,0,NaN,0,0,0,NaN,0,NaN,0,0,NaN,0,0,NaN,NaN,NaN,NaN,NaN,NaN,NaN,NaN,0,0,0,0,4093.32,202,381,376,98.69,22,1986,1980,99.7,571.2,3851,61,1.58,3910,3896,99.64
09/27/2025,11,5GNR,Florida,143,Jacksonville,SBA_N_PALATKA,1437111,0,0,0,0,NaN,0,0,0,NaN,0,NaN,0,0,NaN,0,0,NaN,NaN,NaN,NaN,NaN,NaN,NaN,NaN,0,0,0,0,4093.32,202,381,376,98.69,22,1986,1980,99.7,571.2,3851,61,1.58,3910,3896,99.64
09/27/2025,11,5GNR,Florida,143,Jacksonville,SBA_N_PALATKA,1439111,0,0,0,0,NaN,0,0,0,NaN,0,NaN,0,0,NaN,0,0,NaN,NaN,NaN,NaN,NaN,NaN,NaN,NaN,0,0,0,0,4093.32,202,381,376,98.69,22,1986,1980,99.7,571.2,3851,61,1.58,3910,3896,99.64
09/27/2025,11,5GNR,Florida,143,Jacksonville,SBA_OLD_KINGS,1439562,0,0,0,0,NaN,0,0,0,NaN,0,NaN,0,0,NaN,0,0,NaN,NaN,NaN,NaN,NaN,NaN,NaN,NaN,0,0,0,0,4093.32,202,381,376,98.69,22,1986,1980,99.7,571.2,3851,61,1.58,3910,3896,99.64
09/27/2025,11,5GNR,Florida,143,Jacksonville,SBA_RIVER_OF_LIFE_CHURCH,1439389,0,0,0,0,NaN,0,0,0,NaN,0,NaN,0,0,NaN,0,0,NaN,NaN,NaN,NaN,NaN,NaN,NaN,NaN,0,0,0,0,4093.32,202,381,376,98.69,22,1986,1980,99.7,571.2,3851,61,1.58,3910,3896,99.64
09/27/2025,11,5GNR,Florida,143,Jacksonville,SBA_RIVER_OF_LIFE_CHURCH,4439389,0,0,0,0,NaN,0,0,0,NaN,0,NaN,0,0,NaN,0,0,NaN,NaN,NaN,NaN,NaN,NaN,NaN,NaN,0,0,0,0,4093.32,202,381,376,98.69,22,1986,1980,99.7,571.2,3851,61,1.58,3910,3896,99.64
09/27/2025,11,5GNR,Florida,143,Jacksonville,SBA_TOWERCOM_CRESCENT_BEACH,1437289,0,0,0,0,NaN,0,0,0,NaN,0,NaN,0,0,NaN,0,0,NaN,NaN,NaN,NaN,NaN,NaN,NaN,NaN,0,0,0,0,4093.32,202,381,376,98.69,22,1986,1980,99.7,571.2,3851,61,1.58,3910,3896,99.64
09/27/2025,11,5GNR,Florida,143,Jacksonville,SBA_TOWERCOM_CRESCENT_BEACH,1439289,0,0,0,0,NaN,0,0,0,NaN,0,NaN,0,0,NaN,0,0,NaN,NaN,NaN,NaN,NaN,NaN,NaN,NaN,0,0,0,0,4093.32,202,381,376,98.69,22,1986,1980,99.7,571.2,3851,61,1.58,3910,3896,99.64
09/27/2025,11,5GNR,Florida,143,Jacksonville,SBA_TOWERCOM_YULEE,1439381,0,0,0,0,NaN,0,0,0,NaN,0,NaN,0,0,NaN,0,0,NaN,NaN,NaN,NaN,NaN,NaN,NaN,NaN,0,0,0,0,4093.32,202,381,376,98.69,22,1986,1980,99.7,571.2,3851,61,1.58,3910,3896,99.64
09/27/2025,11,5GNR,Florida,143,Jacksonville,SBA_WEST_CALLAHAN,1437516,0,0,0,0,NaN,0,0,0,NaN,0,NaN,0,0,NaN,0,0,NaN,NaN,NaN,NaN,NaN,NaN,NaN,NaN,0,0,0,0,4093.32,202,381,376,98.69,22,1986,1980,99.7,571.2,3851,61,1.58,3910,3896,99.64
09/27/2025,11,5GNR,Florida,143,Jacksonville,SBA_WEST_CALLAHAN,1439516,0,0,0,0,NaN,0,0,0,NaN,0,NaN,0,0,NaN,0,0,NaN,NaN,NaN,NaN,NaN,NaN,NaN,NaN,0,0,0,0,4093.32,202,381,376,98.69,22,1986,1980,99.7,571.2,3851,61,1.58,3910,3896,99.64
09/27/2025,11,5GNR,Florida,143,Jacksonville,SELVA_MARINA_RELO,1439987,0,0,0,0,NaN,0,0,0,NaN,0,NaN,0,0,NaN,0,0,NaN,NaN,NaN,NaN,NaN,NaN,NaN,NaN,0,0,0,0,4093.32,202,381,376,98.69,22,1986,1980,99.7,571.2,3851,61,1.58,3910,3896,99.64
09/27/2025,11,5GNR,Florida,143,Jacksonville,SHARER,1439819,0,0,0,0,NaN,0,0,0,NaN,0,NaN,0,0,NaN,0,0,NaN,NaN,NaN,NaN,NaN,NaN,NaN,NaN,0,0,0,0,4093.32,202,381,376,98.69,22,1986,1980,99.7,571.2,3851,61,1.58,3910,3896,99.64
09/27/2025,11,5GNR,Florida,143,Jacksonville,SHELL_POINT,1437157,0,0,0,0,NaN,0,0,0,NaN,0,NaN,0,0,NaN,0,0,NaN,NaN,NaN,NaN,NaN,NaN,NaN,NaN,0,0,0,0,4093.32,202,381,376,98.69,22,1986,1980,99.7,571.2,3851,61,1.58,3910,3896,99.64
09/27/2025,11,5GNR,Florida,143,Jacksonville,SIMS_FARM,1439698,0,0,0,0,NaN,0,0,0,NaN,0,NaN,0,0,NaN,0,0,NaN,NaN,NaN,NaN,NaN,NaN,NaN,NaN,0,0,0,0,4093.32,202,381,376,98.69,22,1986,1980,99.7,571.2,3851,61,1.58,3910,3896,99.64
09/27/2025,11,5GNR,Florida,143,Jacksonville,SKYWAY_KYLE_STARK,1439448,0,0,0,0,NaN,0,0,0,NaN,0,NaN,0,0,NaN,0,0,NaN,NaN,NaN,NaN,NaN,NaN,NaN,NaN,0,0,0,0,4093.32,202,381,376,98.69,22,1986,1980,99.7,571.2,3851,61,1.58,3910,3896,99.64
09/27/2025,11,5GNR,Florida,143,Jacksonville,SKYWAY_LANGSTON_BRISTOL,1439321,0,0,0,0,NaN,0,0,0,NaN,0,NaN,0,0,NaN,0,0,NaN,NaN,NaN,NaN,NaN,NaN,NaN,NaN,0,0,0,0,4093.32,202,381,376,98.69,22,1986,1980,99.7,571.2,3851,61,1.58,3910,3896,99.64
09/27/2025,11,5GNR,Florida,143,Jacksonville,SKYWAY_SPARKMAN,1439309,0,0,0,0,NaN,0,0,0,NaN,0,NaN,0,0,NaN,0,0,NaN,NaN,NaN,NaN,NaN,NaN,NaN,NaN,0,0,0,0,4093.32,202,381,376,98.69,22,1986,1980,99.7,571.2,3851,61,1.58,3910,3896,99.64
09/27/2025,11,5GNR,Florida,143,Jacksonville,SMG_VETERANS_MEMORIAL_ARENA,1431068,0,0,0,0,NaN,0,0,0,NaN,0,NaN,0,0,NaN,0,0,NaN,NaN,NaN,NaN,NaN,NaN,NaN,NaN,0,0,0,0,4093.32,202,381,376,98.69,22,1986,1980,99.7,571.2,3851,61,1.58,3910,3896,99.64
09/27/2025,11,5GNR,Florida,143,Jacksonville,SMG_VETERANS_MEMORIAL_ARENA,1431069,0,0,0,0,NaN,0,0,0,NaN,0,NaN,0,0,NaN,0,0,NaN,NaN,NaN,NaN,NaN,NaN,NaN,NaN,0,0,0,0,4093.32,202,381,376,98.69,22,1986,1980,99.7,571.2,3851,61,1.58,3910,3896,99.64
09/27/2025,11,5GNR,Florida,143,Jacksonville,SMG_VETERANS_MEMORIAL_ARENA,1431070,0,0,0,0,NaN,0,0,0,NaN,0,NaN,0,0,NaN,0,0,NaN,NaN,NaN,NaN,NaN,NaN,NaN,NaN,0,0,0,0,4093.32,202,381,376,98.69,22,1986,1980,99.7,571.2,3851,61,1.58,3910,3896,99.64
09/27/2025,11,5GNR,Florida,143,Jacksonville,SMG_VETERANS_MEMORIAL_ARENA,1431071,0,0,0,0,NaN,0,0,0,NaN,0,NaN,0,0,NaN,0,0,NaN,NaN,NaN,NaN,NaN,NaN,NaN,NaN,0,0,0,0,4093.32,202,381,376,98.69,22,1986,1980,99.7,571.2,3851,61,1.58,3910,3896,99.64
09/27/2025,11,5GNR,Florida,143,Jacksonville,SOPCHOPPY,1439858,0,0,0,0,NaN,0,0,0,NaN,0,NaN,0,0,NaN,0,0,NaN,NaN,NaN,NaN,NaN,NaN,NaN,NaN,0,0,0,0,4093.32,202,381,376,98.69,22,1986,1980,99.7,571.2,3851,61,1.58,3910,3896,99.64
09/27/2025,11,5GNR,Florida,143,Jacksonville,SOUTHPOINT_001,1430947,0,0,0,0,NaN,0,0,0,NaN,0,NaN,0,0,NaN,0,0,NaN,NaN,NaN,NaN,NaN,NaN,NaN,NaN,0,0,0,0,4093.32,202,381,376,98.69,22,1986,1980,99.7,571.2,3851,61,1.58,3910,3896,99.64
09/27/2025,11,5GNR,Florida,143,Jacksonville,SOUTHPOINT_001,1430948,0,0,0,0,NaN,0,0,0,NaN,0,NaN,0,0,NaN,0,0,NaN,NaN,NaN,NaN,NaN,NaN,NaN,NaN,0,0,0,0,4093.32,202,381,376,98.69,22,1986,1980,99.7,571.2,3851,61,1.58,3910,3896,99.64
09/27/2025,11,5GNR,Florida,143,Jacksonville,SOUTHPOINT_001,1430949,0,0,0,0,NaN,0,0,0,NaN,0,NaN,0,0,NaN,0,0,NaN,NaN,NaN,NaN,NaN,NaN,NaN,NaN,0,0,0,0,4093.32,202,381,376,98.69,22,1986,1980,99.7,571.2,3851,61,1.58,3910,3896,99.64
09/27/2025,11,5GNR,Florida,143,Jacksonville,SOUTHPOINT_002,1430950,0,0,0,0,NaN,0,0,0,NaN,0,NaN,0,0,NaN,0,0,NaN,NaN,NaN,NaN,NaN,NaN,NaN,NaN,0,0,0,0,4093.32,202,381,376,98.69,22,1986,1980,99.7,571.2,3851,61,1.58,3910,3896,99.64
09/27/2025,11,5GNR,Florida,143,Jacksonville,SOUTHPOINT_002,1430951,0,0,0,0,NaN,0,0,0,NaN,0,NaN,0,0,NaN,0,0,NaN,NaN,NaN,NaN,NaN,NaN,NaN,NaN,0,0,0,0,4093.32,202,381,376,98.69,22,1986,1980,99.7,571.2,3851,61,1.58,3910,3896,99.64
09/27/2025,11,5GNR,Florida,143,Jacksonville,SOUTHPOINT_002,1430952,0,0,0,0,NaN,0,0,0,NaN,0,NaN,0,0,NaN,0,0,NaN,NaN,NaN,NaN,NaN,NaN,NaN,NaN,0,0,0,0,4093.32,202,381,376,98.69,22,1986,1980,99.7,571.2,3851,61,1.58,3910,3896,99.64
09/27/2025,11,5GNR,Florida,143,Jacksonville,SOUTHPOINT_003,1430953,0,0,0,0,NaN,0,0,0,NaN,0,NaN,0,0,NaN,0,0,NaN,NaN,NaN,NaN,NaN,NaN,NaN,NaN,0,0,0,0,4093.32,202,381,376,98.69,22,1986,1980,99.7,571.2,3851,61,1.58,3910,3896,99.64
09/27/2025,11,5GNR,Florida,143,Jacksonville,SOUTHPOINT_003,1430954,0,0,0,0,NaN,0,0,0,NaN,0,NaN,0,0,NaN,0,0,NaN,NaN,NaN,NaN,NaN,NaN,NaN,NaN,0,0,0,0,4093.32,202,381,376,98.69,22,1986,1980,99.7,571.2,3851,61,1.58,3910,3896,99.64
09/27/2025,11,5GNR,Florida,143,Jacksonville,SOUTHPOINT_003,1430955,0,0,0,0,NaN,0,0,0,NaN,0,NaN,0,0,NaN,0,0,NaN,NaN,NaN,NaN,NaN,NaN,NaN,NaN,0,0,0,0,4093.32,202,381,376,98.69,22,1986,1980,99.7,571.2,3851,61,1.58,3910,3896,99.64
09/27/2025,11,5GNR,Florida,143,Jacksonville,SOUTHPOINT_005,1430959,0,0,0,0,NaN,0,0,0,NaN,0,NaN,0,0,NaN,0,0,NaN,NaN,NaN,NaN,NaN,NaN,NaN,NaN,0,0,0,0,4093.32,202,381,376,98.69,22,1986,1980,99.7,571.2,3851,61,1.58,3910,3896,99.64
09/27/2025,11,5GNR,Florida,143,Jacksonville,SOUTHPOINT_005,1430960,0,0,0,0,NaN,0,0,0,NaN,0,NaN,0,0,NaN,0,0,NaN,NaN,NaN,NaN,NaN,NaN,NaN,NaN,0,0,0,0,4093.32,202,381,376,98.69,22,1986,1980,99.7,571.2,3851,61,1.58,3910,3896,99.64
09/27/2025,11,5GNR,Florida,143,Jacksonville,SOUTHPOINT_005,1430961,0,0,0,0,NaN,0,0,0,NaN,0,NaN,0,0,NaN,0,0,NaN,NaN,NaN,NaN,NaN,NaN,NaN,NaN,0,0,0,0,4093.32,202,381,376,98.69,22,1986,1980,99.7,571.2,3851,61,1.58,3910,3896,99.64
09/27/2025,11,5GNR,Florida,143,Jacksonville,SOUTHPOINT_009,1430971,0,0,0,0,NaN,0,0,0,NaN,0,NaN,0,0,NaN,0,0,NaN,NaN,NaN,NaN,NaN,NaN,NaN,NaN,0,0,0,0,4093.32,202,381,376,98.69,22,1986,1980,99.7,571.2,3851,61,1.58,3910,3896,99.64
09/27/2025,11,5GNR,Florida,143,Jacksonville,SOUTHPOINT_009,1430972,0,0,0,0,NaN,0,0,0,NaN,0,NaN,0,0,NaN,0,0,NaN,NaN,NaN,NaN,NaN,NaN,NaN,NaN,0,0,0,0,4093.32,202,381,376,98.69,22,1986,1980,99.7,571.2,3851,61,1.58,3910,3896,99.64
09/27/2025,11,5GNR,Florida,143,Jacksonville,SOUTHPOINT_009,1430973,0,0,0,0,NaN,0,0,0,NaN,0,NaN,0,0,NaN,0,0,NaN,NaN,NaN,NaN,NaN,NaN,NaN,NaN,0,0,0,0,4093.32,202,381,376,98.69,22,1986,1980,99.7,571.2,3851,61,1.58,3910,3896,99.64
09/27/2025,11,5GNR,Florida,143,Jacksonville,SOUTHPOINT_011,1430977,0,0,0,0,NaN,0,0,0,NaN,0,NaN,0,0,NaN,0,0,NaN,NaN,NaN,NaN,NaN,NaN,NaN,NaN,0,0,0,0,4093.32,202,381,376,98.69,22,1986,1980,99.7,571.2,3851,61,1.58,3910,3896,99.64
09/27/2025,11,5GNR,Florida,143,Jacksonville,SOUTHPOINT_011,1430978,0,0,0,0,NaN,0,0,0,NaN,0,NaN,0,0,NaN,0,0,NaN,NaN,NaN,NaN,NaN,NaN,NaN,NaN,0,0,0,0,4093.32,202,381,376,98.69,22,1986,1980,99.7,571.2,3851,61,1.58,3910,3896,99.64
09/27/2025,11,5GNR,Florida,143,Jacksonville,SOUTHPOINT_011,1430979,0,0,0,0,NaN,0,0,0,NaN,0,NaN,0,0,NaN,0,0,NaN,NaN,NaN,NaN,NaN,NaN,NaN,NaN,0,0,0,0,4093.32,202,381,376,98.69,22,1986,1980,99.7,571.2,3851,61,1.58,3910,3896,99.64
09/27/2025,11,5GNR,Florida,143,Jacksonville,SOUTHPOINT_012,1430980,0,0,0,0,NaN,0,0,0,NaN,0,NaN,0,0,NaN,0,0,NaN,NaN,NaN,NaN,NaN,NaN,NaN,NaN,0,0,0,0,4093.32,202,381,376,98.69,22,1986,1980,99.7,571.2,3851,61,1.58,3910,3896,99.64
09/27/2025,11,5GNR,Florida,143,Jacksonville,SOUTHPOINT_012,1430981,0,0,0,0,NaN,0,0,0,NaN,0,NaN,0,0,NaN,0,0,NaN,NaN,NaN,NaN,NaN,NaN,NaN,NaN,0,0,0,0,4093.32,202,381,376,98.69,22,1986,1980,99.7,571.2,3851,61,1.58,3910,3896,99.64
09/27/2025,11,5GNR,Florida,143,Jacksonville,SOUTHPOINT_012,1430982,0,0,0,0,NaN,0,0,0,NaN,0,NaN,0,0,NaN,0,0,NaN,NaN,NaN,NaN,NaN,NaN,NaN,NaN,0,0,0,0,4093.32,202,381,376,98.69,22,1986,1980,99.7,571.2,3851,61,1.58,3910,3896,99.64
09/27/2025,11,5GNR,Florida,143,Jacksonville,SOUTHPOINT_014,1430986,0,0,0,0,NaN,0,0,0,NaN,0,NaN,0,0,NaN,0,0,NaN,NaN,NaN,NaN,NaN,NaN,NaN,NaN,0,0,0,0,4093.32,202,381,376,98.69,22,1986,1980,99.7,571.2,3851,61,1.58,3910,3896,99.64
09/27/2025,11,5GNR,Florida,143,Jacksonville,SOUTHPOINT_014,1430987,0,0,0,0,NaN,0,0,0,NaN,0,NaN,0,0,NaN,0,0,NaN,NaN,NaN,NaN,NaN,NaN,NaN,NaN,0,0,0,0,4093.32,202,381,376,98.69,22,1986,1980,99.7,571.2,3851,61,1.58,3910,3896,99.64
09/27/2025,11,5GNR,Florida,143,Jacksonville,SOUTHPOINT_014,1430988,0,0,0,0,NaN,0,0,0,NaN,0,NaN,0,0,NaN,0,0,NaN,NaN,NaN,NaN,NaN,NaN,NaN,NaN,0,0,0,0,4093.32,202,381,376,98.69,22,1986,1980,99.7,571.2,3851,61,1.58,3910,3896,99.64
09/27/2025,11,5GNR,Florida,143,Jacksonville,SOUTHPOINT_015,1430989,0,0,0,0,NaN,0,0,0,NaN,0,NaN,0,0,NaN,0,0,NaN,NaN,NaN,NaN,NaN,NaN,NaN,NaN,0,0,0,0,4093.32,202,381,376,98.69,22,1986,1980,99.7,571.2,3851,61,1.58,3910,3896,99.64
09/27/2025,11,5GNR,Florida,143,Jacksonville,SOUTHPOINT_015,1430990,0,0,0,0,NaN,0,0,0,NaN,0,NaN,0,0,NaN,0,0,NaN,NaN,NaN,NaN,NaN,NaN,NaN,NaN,0,0,0,0,4093.32,202,381,376,98.69,22,1986,1980,99.7,571.2,3851,61,1.58,3910,3896,99.64
09/27/2025,11,5GNR,Florida,143,Jacksonville,SOUTHPOINT_015,1430991,0,0,0,0,NaN,0,0,0,NaN,0,NaN,0,0,NaN,0,0,NaN,NaN,NaN,NaN,NaN,NaN,NaN,NaN,0,0,0,0,4093.32,202,381,376,98.69,22,1986,1980,99.7,571.2,3851,61,1.58,3910,3896,99.64
09/27/2025,11,5GNR,Florida,143,Jacksonville,SOUTHPOINT_016,1430992,0,0,0,0,NaN,0,0,0,NaN,0,NaN,0,0,NaN,0,0,NaN,NaN,NaN,NaN,NaN,NaN,NaN,NaN,0,0,0,0,4093.32,202,381,376,98.69,22,1986,1980,99.7,571.2,3851,61,1.58,3910,3896,99.64
09/27/2025,11,5GNR,Florida,143,Jacksonville,SOUTHPOINT_016,1430993,0,0,0,0,NaN,0,0,0,NaN,0,NaN,0,0,NaN,0,0,NaN,NaN,NaN,NaN,NaN,NaN,NaN,NaN,0,0,0,0,4093.32,202,381,376,98.69,22,1986,1980,99.7,571.2,3851,61,1.58,3910,3896,99.64
09/27/2025,11,5GNR,Florida,143,Jacksonville,SOUTHPOINT_016,1430994,0,0,0,0,NaN,0,0,0,NaN,0,NaN,0,0,NaN,0,0,NaN,NaN,NaN,NaN,NaN,NaN,NaN,NaN,0,0,0,0,4093.32,202,381,376,98.69,22,1986,1980,99.7,571.2,3851,61,1.58,3910,3896,99.64
09/27/2025,11,5GNR,Florida,143,Jacksonville,SOUTHPOINT_017,1430995,0,0,0,0,NaN,0,0,0,NaN,0,NaN,0,0,NaN,0,0,NaN,NaN,NaN,NaN,NaN,NaN,NaN,NaN,0,0,0,0,4093.32,202,381,376,98.69,22,1986,1980,99.7,571.2,3851,61,1.58,3910,3896,99.64
09/27/2025,11,5GNR,Florida,143,Jacksonville,SOUTHPOINT_017,1430996,0,0,0,0,NaN,0,0,0,NaN,0,NaN,0,0,NaN,0,0,NaN,NaN,NaN,NaN,NaN,NaN,NaN,NaN,0,0,0,0,4093.32,202,381,376,98.69,22,1986,1980,99.7,571.2,3851,61,1.58,3910,3896,99.64
09/27/2025,11,5GNR,Florida,143,Jacksonville,SOUTHPOINT_017,1430997,0,0,0,0,NaN,0,0,0,NaN,0,NaN,0,0,NaN,0,0,NaN,NaN,NaN,NaN,NaN,NaN,NaN,NaN,0,0,0,0,4093.32,202,381,376,98.69,22,1986,1980,99.7,571.2,3851,61,1.58,3910,3896,99.64
09/27/2025,11,5GNR,Florida,143,Jacksonville,SOUTHPOINT_018,1430998,0,0,0,0,NaN,0,0,0,NaN,0,NaN,0,0,NaN,0,0,NaN,NaN,NaN,NaN,NaN,NaN,NaN,NaN,0,0,0,0,4093.32,202,381,376,98.69,22,1986,1980,99.7,571.2,3851,61,1.58,3910,3896,99.64
09/27/2025,11,5GNR,Florida,143,Jacksonville,SOUTHPOINT_018,1430999,0,0,0,0,NaN,0,0,0,NaN,0,NaN,0,0,NaN,0,0,NaN,NaN,NaN,NaN,NaN,NaN,NaN,NaN,0,0,0,0,4093.32,202,381,376,98.69,22,1986,1980,99.7,571.2,3851,61,1.58,3910,3896,99.64
09/27/2025,11,5GNR,Florida,143,Jacksonville,SOUTHPOINT_018,1431000,0,0,0,0,NaN,0,0,0,NaN,0,NaN,0,0,NaN,0,0,NaN,NaN,NaN,NaN,NaN,NaN,NaN,NaN,0,0,0,0,4093.32,202,381,376,98.69,22,1986,1980,99.7,571.2,3851,61,1.58,3910,3896,99.64
09/27/2025,11,5GNR,Florida,143,Jacksonville,SOUTHPOINT_019,1431001,0,0,0,0,NaN,0,0,0,NaN,0,NaN,0,0,NaN,0,0,NaN,NaN,NaN,NaN,NaN,NaN,NaN,NaN,0,0,0,0,4093.32,202,381,376,98.69,22,1986,1980,99.7,571.2,3851,61,1.58,3910,3896,99.64
09/27/2025,11,5GNR,Florida,143,Jacksonville,SOUTHPOINT_019,1431002,0,0,0,0,NaN,0,0,0,NaN,0,NaN,0,0,NaN,0,0,NaN,NaN,NaN,NaN,NaN,NaN,NaN,NaN,0,0,0,0,4093.32,202,381,376,98.69,22,1986,1980,99.7,571.2,3851,61,1.58,3910,3896,99.64
09/27/2025,11,5GNR,Florida,143,Jacksonville,SOUTHPOINT_019,1431003,0,0,0,0,NaN,0,0,0,NaN,0,NaN,0,0,NaN,0,0,NaN,NaN,NaN,NaN,NaN,NaN,NaN,NaN,0,0,0,0,4093.32,202,381,376,98.69,22,1986,1980,99.7,571.2,3851,61,1.58,3910,3896,99.64
09/27/2025,11,5GNR,Florida,143,Jacksonville,SOUTHPOINT_020,1431004,0,0,0,0,NaN,0,0,0,NaN,0,NaN,0,0,NaN,0,0,NaN,NaN,NaN,NaN,NaN,NaN,NaN,NaN,0,0,0,0,4093.32,202,381,376,98.69,22,1986,1980,99.7,571.2,3851,61,1.58,3910,3896,99.64
09/27/2025,11,5GNR,Florida,143,Jacksonville,SOUTHPOINT_020,1431005,0,0,0,0,NaN,0,0,0,NaN,0,NaN,0,0,NaN,0,0,NaN,NaN,NaN,NaN,NaN,NaN,NaN,NaN,0,0,0,0,4093.32,202,381,376,98.69,22,1986,1980,99.7,571.2,3851,61,1.58,3910,3896,99.64
09/27/2025,11,5GNR,Florida,143,Jacksonville,SOUTHPOINT_020,1431006,0,0,0,0,NaN,0,0,0,NaN,0,NaN,0,0,NaN,0,0,NaN,NaN,NaN,NaN,NaN,NaN,NaN,NaN,0,0,0,0,4093.32,202,381,376,98.69,22,1986,1980,99.7,571.2,3851,61,1.58,3910,3896,99.64
09/27/2025,11,5GNR,Florida,143,Jacksonville,SOUTHPOINT_021,1431007,0,0,0,0,NaN,0,0,0,NaN,0,NaN,0,0,NaN,0,0,NaN,NaN,NaN,NaN,NaN,NaN,NaN,NaN,0,0,0,0,4093.32,202,381,376,98.69,22,1986,1980,99.7,571.2,3851,61,1.58,3910,3896,99.64
09/27/2025,11,5GNR,Florida,143,Jacksonville,SOUTHPOINT_021,1431008,0,0,0,0,NaN,0,0,0,NaN,0,NaN,0,0,NaN,0,0,NaN,NaN,NaN,NaN,NaN,NaN,NaN,NaN,0,0,0,0,4093.32,202,381,376,98.69,22,1986,1980,99.7,571.2,3851,61,1.58,3910,3896,99.64
09/27/2025,11,5GNR,Florida,143,Jacksonville,SOUTHPOINT_021,1431009,0,0,0,0,NaN,0,0,0,NaN,0,NaN,0,0,NaN,0,0,NaN,NaN,NaN,NaN,NaN,NaN,NaN,NaN,0,0,0,0,4093.32,202,381,376,98.69,22,1986,1980,99.7,571.2,3851,61,1.58,3910,3896,99.64
09/27/2025,11,5GNR,Florida,143,Jacksonville,SOUTHPOINT_022,1431010,0,0,0,0,NaN,0,0,0,NaN,0,NaN,0,0,NaN,0,0,NaN,NaN,NaN,NaN,NaN,NaN,NaN,NaN,0,0,0,0,4093.32,202,381,376,98.69,22,1986,1980,99.7,571.2,3851,61,1.58,3910,3896,99.64
09/27/2025,11,5GNR,Florida,143,Jacksonville,SOUTHPOINT_022,1431011,0,0,0,0,NaN,0,0,0,NaN,0,NaN,0,0,NaN,0,0,NaN,NaN,NaN,NaN,NaN,NaN,NaN,NaN,0,0,0,0,4093.32,202,381,376,98.69,22,1986,1980,99.7,571.2,3851,61,1.58,3910,3896,99.64
09/27/2025,11,5GNR,Florida,143,Jacksonville,SOUTHPOINT_022,1431012,0,0,0,0,NaN,0,0,0,NaN,0,NaN,0,0,NaN,0,0,NaN,NaN,NaN,NaN,NaN,NaN,NaN,NaN,0,0,0,0,4093.32,202,381,376,98.69,22,1986,1980,99.7,571.2,3851,61,1.58,3910,3896,99.64
09/27/2025,11,5GNR,Florida,143,Jacksonville,SOUTHPOINT_023,1431013,0,0,0,0,NaN,0,0,0,NaN,0,NaN,0,0,NaN,0,0,NaN,NaN,NaN,NaN,NaN,NaN,NaN,NaN,0,0,0,0,4093.32,202,381,376,98.69,22,1986,1980,99.7,571.2,3851,61,1.58,3910,3896,99.64
09/27/2025,11,5GNR,Florida,143,Jacksonville,SOUTHPOINT_023,1431014,0,0,0,0,NaN,0,0,0,NaN,0,NaN,0,0,NaN,0,0,NaN,NaN,NaN,NaN,NaN,NaN,NaN,NaN,0,0,0,0,4093.32,202,381,376,98.69,22,1986,1980,99.7,571.2,3851,61,1.58,3910,3896,99.64
09/27/2025,11,5GNR,Florida,143,Jacksonville,SOUTHPOINT_023,1431015,0,0,0,0,NaN,0,0,0,NaN,0,NaN,0,0,NaN,0,0,NaN,NaN,NaN,NaN,NaN,NaN,NaN,NaN,0,0,0,0,4093.32,202,381,376,98.69,22,1986,1980,99.7,571.2,3851,61,1.58,3910,3896,99.64
09/27/2025,11,5GNR,Florida,143,Jacksonville,SOUTHPOINT_024,1431016,0,0,0,0,NaN,0,0,0,NaN,0,NaN,0,0,NaN,0,0,NaN,NaN,NaN,NaN,NaN,NaN,NaN,NaN,0,0,0,0,4093.32,202,381,376,98.69,22,1986,1980,99.7,571.2,3851,61,1.58,3910,3896,99.64
09/27/2025,11,5GNR,Florida,143,Jacksonville,SOUTHPOINT_024,1431017,0,0,0,0,NaN,0,0,0,NaN,0,NaN,0,0,NaN,0,0,NaN,NaN,NaN,NaN,NaN,NaN,NaN,NaN,0,0,0,0,4093.32,202,381,376,98.69,22,1986,1980,99.7,571.2,3851,61,1.58,3910,3896,99.64
09/27/2025,11,5GNR,Florida,143,Jacksonville,SOUTHPOINT_024,1431018,0,0,0,0,NaN,0,0,0,NaN,0,NaN,0,0,NaN,0,0,NaN,NaN,NaN,NaN,NaN,NaN,NaN,NaN,0,0,0,0,4093.32,202,381,376,98.69,22,1986,1980,99.7,571.2,3851,61,1.58,3910,3896,99.64
09/27/2025,11,5GNR,Florida,143,Jacksonville,SOUTHPOINT_025,1431019,0,0,0,0,NaN,0,0,0,NaN,0,NaN,0,0,NaN,0,0,NaN,NaN,NaN,NaN,NaN,NaN,NaN,NaN,0,0,0,0,4093.32,202,381,376,98.69,22,1986,1980,99.7,571.2,3851,61,1.58,3910,3896,99.64
09/27/2025,11,5GNR,Florida,143,Jacksonville,SOUTHPOINT_025,1431020,0,0,0,0,NaN,0,0,0,NaN,0,NaN,0,0,NaN,0,0,NaN,NaN,NaN,NaN,NaN,NaN,NaN,NaN,0,0,0,0,4093.32,202,381,376,98.69,22,1986,1980,99.7,571.2,3851,61,1.58,3910,3896,99.64
09/27/2025,11,5GNR,Florida,143,Jacksonville,SOUTHPOINT_025,1431021,0,0,0,0,NaN,0,0,0,NaN,0,NaN,0,0,NaN,0,0,NaN,NaN,NaN,NaN,NaN,NaN,NaN,NaN,0,0,0,0,4093.32,202,381,376,98.69,22,1986,1980,99.7,571.2,3851,61,1.58,3910,3896,99.64
09/27/2025,11,5GNR,Florida,143,Jacksonville,SOUTHPOINT_026,1431022,0,0,0,0,NaN,0,0,0,NaN,0,NaN,0,0,NaN,0,0,NaN,NaN,NaN,NaN,NaN,NaN,NaN,NaN,0,0,0,0,4093.32,202,381,376,98.69,22,1986,1980,99.7,571.2,3851,61,1.58,3910,3896,99.64
09/27/2025,11,5GNR,Florida,143,Jacksonville,SOUTHPOINT_026,1431023,0,0,0,0,NaN,0,0,0,NaN,0,NaN,0,0,NaN,0,0,NaN,NaN,NaN,NaN,NaN,NaN,NaN,NaN,0,0,0,0,4093.32,202,381,376,98.69,22,1986,1980,99.7,571.2,3851,61,1.58,3910,3896,99.64
09/27/2025,11,5GNR,Florida,143,Jacksonville,SOUTHPOINT_026,1431024,0,0,0,0,NaN,0,0,0,NaN,0,NaN,0,0,NaN,0,0,NaN,NaN,NaN,NaN,NaN,NaN,NaN,NaN,0,0,0,0,4093.32,202,381,376,98.69,22,1986,1980,99.7,571.2,3851,61,1.58,3910,3896,99.64
09/27/2025,11,5GNR,Florida,143,Jacksonville,SOUTHPOINT_028,1431028,0,0,0,0,NaN,0,0,0,NaN,0,NaN,0,0,NaN,0,0,NaN,NaN,NaN,NaN,NaN,NaN,NaN,NaN,0,0,0,0,4093.32,202,381,376,98.69,22,1986,1980,99.7,571.2,3851,61,1.58,3910,3896,99.64
09/27/2025,11,5GNR,Florida,143,Jacksonville,SOUTHPOINT_028,1431029,0,0,0,0,NaN,0,0,0,NaN,0,NaN,0,0,NaN,0,0,NaN,NaN,NaN,NaN,NaN,NaN,NaN,NaN,0,0,0,0,4093.32,202,381,376,98.69,22,1986,1980,99.7,571.2,3851,61,1.58,3910,3896,99.64
09/27/2025,11,5GNR,Florida,143,Jacksonville,SOUTHPOINT_028,1431030,0,0,0,0,NaN,0,0,0,NaN,0,NaN,0,0,NaN,0,0,NaN,NaN,NaN,NaN,NaN,NaN,NaN,NaN,0,0,0,0,4093.32,202,381,376,98.69,22,1986,1980,99.7,571.2,3851,61,1.58,3910,3896,99.64
09/27/2025,11,5GNR,Florida,143,Jacksonville,SOUTHPOINT_029,1431031,0,0,0,0,NaN,0,0,0,NaN,0,NaN,0,0,NaN,0,0,NaN,NaN,NaN,NaN,NaN,NaN,NaN,NaN,0,0,0,0,4093.32,202,381,376,98.69,22,1986,1980,99.7,571.2,3851,61,1.58,3910,3896,99.64
09/27/2025,11,5GNR,Florida,143,Jacksonville,SOUTHPOINT_029,1431032,0,0,0,0,NaN,0,0,0,NaN,0,NaN,0,0,NaN,0,0,NaN,NaN,NaN,NaN,NaN,NaN,NaN,NaN,0,0,0,0,4093.32,202,381,376,98.69,22,1986,1980,99.7,571.2,3851,61,1.58,3910,3896,99.64
09/27/2025,11,5GNR,Florida,143,Jacksonville,SOUTHPOINT_029,1431033,0,0,0,0,NaN,0,0,0,NaN,0,NaN,0,0,NaN,0,0,NaN,NaN,NaN,NaN,NaN,NaN,NaN,NaN,0,0,0,0,4093.32,202,381,376,98.69,22,1986,1980,99.7,571.2,3851,61,1.58,3910,3896,99.64
09/27/2025,11,5GNR,Florida,143,Jacksonville,SPECTRASITE_BAYARD,1437034,0,0,0,0,NaN,0,0,0,NaN,0,NaN,0,0,NaN,0,0,NaN,NaN,NaN,NaN,NaN,NaN,NaN,NaN,0,0,0,0,4093.32,202,381,376,98.69,22,1986,1980,99.7,571.2,3851,61,1.58,3910,3896,99.64
09/27/2025,11,5GNR,Florida,143,Jacksonville,SPECTRASITE_BAYARD,1439034,0,0,0,0,NaN,0,0,0,NaN,0,NaN,0,0,NaN,0,0,NaN,NaN,NaN,NaN,NaN,NaN,NaN,NaN,0,0,0,0,4093.32,202,381,376,98.69,22,1986,1980,99.7,571.2,3851,61,1.58,3910,3896,99.64
09/27/2025,11,5GNR,Florida,143,Jacksonville,SPECTRASITE_BURNES_RD,1437249,0,0,0,0,NaN,0,0,0,NaN,0,NaN,0,0,NaN,0,0,NaN,NaN,NaN,NaN,NaN,NaN,NaN,NaN,0,0,0,0,4093.32,202,381,376,98.69,22,1986,1980,99.7,571.2,3851,61,1.58,3910,3896,99.64
09/27/2025,11,5GNR,Florida,143,Jacksonville,SPECTRASITE_BURNES_RD,1439249,0,0,0,0,NaN,0,0,0,NaN,0,NaN,0,0,NaN,0,0,NaN,NaN,NaN,NaN,NaN,NaN,NaN,NaN,0,0,0,0,4093.32,202,381,376,98.69,22,1986,1980,99.7,571.2,3851,61,1.58,3910,3896,99.64
09/27/2025,11,5GNR,Florida,143,Jacksonville,SPECTRASITE_DICKERT,1439606,0,0,0,0,NaN,0,0,0,NaN,0,NaN,0,0,NaN,0,0,NaN,NaN,NaN,NaN,NaN,NaN,NaN,NaN,0,0,0,0,4093.32,202,381,376,98.69,22,1986,1980,99.7,571.2,3851,61,1.58,3910,3896,99.64
09/27/2025,11,5GNR,Florida,143,Jacksonville,SPECTRASITE_HAWTHORNE,1439684,0,0,0,0,NaN,0,0,0,NaN,0,NaN,0,0,NaN,0,0,NaN,NaN,NaN,NaN,NaN,NaN,NaN,NaN,0,0,0,0,4093.32,202,381,376,98.69,22,1986,1980,99.7,571.2,3851,61,1.58,3910,3896,99.64
09/27/2025,11,5GNR,Florida,143,Jacksonville,SPECTRASITE_KERNAN,1439260,0,0,0,0,NaN,0,0,0,NaN,0,NaN,0,0,NaN,0,0,NaN,NaN,NaN,NaN,NaN,NaN,NaN,NaN,0,0,0,0,4093.32,202,381,376,98.69,22,1986,1980,99.7,571.2,3851,61,1.58,3910,3896,99.64
09/27/2025,11,5GNR,Florida,143,Jacksonville,SPECTRASITE_KERNAN,4439260,0,0,0,0,NaN,0,0,0,NaN,0,NaN,0,0,NaN,0,0,NaN,NaN,NaN,NaN,NaN,NaN,NaN,NaN,0,0,0,0,4093.32,202,381,376,98.69,22,1986,1980,99.7,571.2,3851,61,1.58,3910,3896,99.64
09/27/2025,11,5GNR,Florida,143,Jacksonville,SPECTRASITE_LACROSSE,1439630,0,0,0,0,NaN,0,0,0,NaN,0,NaN,0,0,NaN,0,0,NaN,NaN,NaN,NaN,NaN,NaN,NaN,NaN,0,0,0,0,4093.32,202,381,376,98.69,22,1986,1980,99.7,571.2,3851,61,1.58,3910,3896,99.64
09/27/2025,11,5GNR,Florida,143,Jacksonville,SPECTRASITE_MILL_COVE,1439270,0,0,0,0,NaN,0,0,0,NaN,0,NaN,0,0,NaN,0,0,NaN,NaN,NaN,NaN,NaN,NaN,NaN,NaN,0,0,0,0,4093.32,202,381,376,98.69,22,1986,1980,99.7,571.2,3851,61,1.58,3910,3896,99.64
09/27/2025,11,5GNR,Florida,143,Jacksonville,SPENCER_RD_N_BLANDING_BLVD,1439237,0,0,0,0,NaN,0,0,0,NaN,0,NaN,0,0,NaN,0,0,NaN,NaN,NaN,NaN,NaN,NaN,NaN,NaN,0,0,0,0,4093.32,202,381,376,98.69,22,1986,1980,99.7,571.2,3851,61,1.58,3910,3896,99.64
09/27/2025,11,5GNR,Florida,143,Jacksonville,SPRINGER_COOKS_HAMMOCK,1439315,0,0,0,0,NaN,0,0,0,NaN,0,NaN,0,0,NaN,0,0,NaN,NaN,NaN,NaN,NaN,NaN,NaN,NaN,0,0,0,0,4093.32,202,381,376,98.69,22,1986,1980,99.7,571.2,3851,61,1.58,3910,3896,99.64
09/27/2025,11,5GNR,Florida,143,Jacksonville,SPRINT_BELMORE,1437264,0,0,0,0,NaN,0,0,0,NaN,0,NaN,0,0,NaN,0,0,NaN,NaN,NaN,NaN,NaN,NaN,NaN,NaN,0,0,0,0,4093.32,202,381,376,98.69,22,1986,1980,99.7,571.2,3851,61,1.58,3910,3896,99.64
09/27/2025,11,5GNR,Florida,143,Jacksonville,SPRINT_BELMORE,1439264,0,0,0,0,NaN,0,0,0,NaN,0,NaN,0,0,NaN,0,0,NaN,NaN,NaN,NaN,NaN,NaN,NaN,NaN,0,0,0,0,4093.32,202,381,376,98.69,22,1986,1980,99.7,571.2,3851,61,1.58,3910,3896,99.64
09/27/2025,11,5GNR,Florida,143,Jacksonville,SPRINT_HECKSHER,1439105,0,0,0,0,NaN,0,0,0,NaN,0,NaN,0,0,NaN,0,0,NaN,NaN,NaN,NaN,NaN,NaN,NaN,NaN,0,0,0,0,4093.32,202,381,376,98.69,22,1986,1980,99.7,571.2,3851,61,1.58,3910,3896,99.64
09/27/2025,11,5GNR,Florida,143,Jacksonville,SPRINT_MOLASSES_JUNCTION,1437507,0,0,0,0,NaN,0,0,0,NaN,0,NaN,0,0,NaN,0,0,NaN,NaN,NaN,NaN,NaN,NaN,NaN,NaN,0,0,0,0,4093.32,202,381,376,98.69,22,1986,1980,99.7,571.2,3851,61,1.58,3910,3896,99.64
09/27/2025,11,5GNR,Florida,143,Jacksonville,SPRINT_MOLASSES_JUNCTION,1439507,0,0,0,0,NaN,0,0,0,NaN,0,NaN,0,0,NaN,0,0,NaN,NaN,NaN,NaN,NaN,NaN,NaN,NaN,0,0,0,0,4093.32,202,381,376,98.69,22,1986,1980,99.7,571.2,3851,61,1.58,3910,3896,99.64
09/27/2025,11,5GNR,Florida,143,Jacksonville,SR6_AND_I75,1439924,0,0,0,0,NaN,0,0,0,NaN,0,NaN,0,0,NaN,0,0,NaN,NaN,NaN,NaN,NaN,NaN,NaN,NaN,0,0,0,0,4093.32,202,381,376,98.69,22,1986,1980,99.7,571.2,3851,61,1.58,3910,3896,99.64
09/27/2025,11,5GNR,Florida,143,Jacksonville,STARKE,1439688,0,0,0,0,NaN,0,0,0,NaN,0,NaN,0,0,NaN,0,0,NaN,NaN,NaN,NaN,NaN,NaN,NaN,NaN,0,0,0,0,4093.32,202,381,376,98.69,22,1986,1980,99.7,571.2,3851,61,1.58,3910,3896,99.64
09/27/2025,11,5GNR,Florida,143,Jacksonville,STARKE,1439689,0,0,0,0,NaN,0,0,0,NaN,0,NaN,0,0,NaN,0,0,NaN,NaN,NaN,NaN,NaN,NaN,NaN,NaN,0,0,0,0,4093.32,202,381,376,98.69,22,1986,1980,99.7,571.2,3851,61,1.58,3910,3896,99.64
09/27/2025,11,5GNR,Florida,143,Jacksonville,STARKE_FL100,1439482,0,0,0,0,NaN,0,0,0,NaN,0,NaN,0,0,NaN,0,0,NaN,NaN,NaN,NaN,NaN,NaN,NaN,NaN,0,0,0,0,4093.32,202,381,376,98.69,22,1986,1980,99.7,571.2,3851,61,1.58,3910,3896,99.64
09/27/2025,11,5GNR,Florida,143,Jacksonville,ST_GEORGE_ISLAND_WT,1439865,0,0,0,0,NaN,0,0,0,NaN,0,NaN,0,0,NaN,0,0,NaN,NaN,NaN,NaN,NaN,NaN,NaN,NaN,0,0,0,0,4093.32,202,381,376,98.69,22,1986,1980,99.7,571.2,3851,61,1.58,3910,3896,99.64
09/27/2025,11,5GNR,Florida,143,Jacksonville,ST_JOHNS_CTY_OFFICE,1437928,0,0,0,0,NaN,0,0,0,NaN,0,NaN,0,0,NaN,0,0,NaN,NaN,NaN,NaN,NaN,NaN,NaN,NaN,0,0,0,0,4093.32,202,381,376,98.69,22,1986,1980,99.7,571.2,3851,61,1.58,3910,3896,99.64
09/27/2025,11,5GNR,Florida,143,Jacksonville,ST_JOHNS_CTY_OFFICE,1439928,0,0,0,0,NaN,0,0,0,NaN,0,NaN,0,0,NaN,0,0,NaN,NaN,NaN,NaN,NaN,NaN,NaN,NaN,0,0,0,0,4093.32,202,381,376,98.69,22,1986,1980,99.7,571.2,3851,61,1.58,3910,3896,99.64
09/27/2025,11,5GNR,Florida,143,Jacksonville,ST_JOHNS_CTY_OFFICE,4439928,0,0,0,0,NaN,0,0,0,NaN,0,NaN,0,0,NaN,0,0,NaN,NaN,NaN,NaN,NaN,NaN,NaN,NaN,0,0,0,0,4093.32,202,381,376,98.69,22,1986,1980,99.7,571.2,3851,61,1.58,3910,3896,99.64
09/27/2025,11,5GNR,Florida,143,Jacksonville,ST_JOHNS_FIRE,1437498,0,0,0,0,NaN,0,0,0,NaN,0,NaN,0,0,NaN,0,0,NaN,NaN,NaN,NaN,NaN,NaN,NaN,NaN,0,0,0,0,4093.32,202,381,376,98.69,22,1986,1980,99.7,571.2,3851,61,1.58,3910,3896,99.64
09/27/2025,11,5GNR,Florida,143,Jacksonville,ST_JOHNS_FIRE,1439498,0,0,0,0,NaN,0,0,0,NaN,0,NaN,0,0,NaN,0,0,NaN,NaN,NaN,NaN,NaN,NaN,NaN,NaN,0,0,0,0,4093.32,202,381,376,98.69,22,1986,1980,99.7,571.2,3851,61,1.58,3910,3896,99.64
09/27/2025,11,5GNR,Florida,143,Jacksonville,ST_TERESA,1437861,0,0,0,0,NaN,0,0,0,NaN,0,NaN,0,0,NaN,0,0,NaN,NaN,NaN,NaN,NaN,NaN,NaN,NaN,0,0,0,0,4093.32,202,381,376,98.69,22,1986,1980,99.7,571.2,3851,61,1.58,3910,3896,99.64
09/27/2025,11,5GNR,Florida,143,Jacksonville,ST_TERESA,1439861,0,0,0,0,NaN,0,0,0,NaN,0,NaN,0,0,NaN,0,0,NaN,NaN,NaN,NaN,NaN,NaN,NaN,NaN,0,0,0,0,4093.32,202,381,376,98.69,22,1986,1980,99.7,571.2,3851,61,1.58,3910,3896,99.64
09/27/2025,11,5GNR,Florida,143,Jacksonville,SUGAR_HILL,1437996,0,0,0,0,NaN,0,0,0,NaN,0,NaN,0,0,NaN,0,0,NaN,NaN,NaN,NaN,NaN,NaN,NaN,NaN,0,0,0,0,4093.32,202,381,376,98.69,22,1986,1980,99.7,571.2,3851,61,1.58,3910,3896,99.64
09/27/2025,11,5GNR,Florida,143,Jacksonville,SUGAR_HILL,1439996,0,0,0,0,NaN,0,0,0,NaN,0,NaN,0,0,NaN,0,0,NaN,NaN,NaN,NaN,NaN,NaN,NaN,NaN,0,0,0,0,4093.32,202,381,376,98.69,22,1986,1980,99.7,571.2,3851,61,1.58,3910,3896,99.64
09/27/2025,11,5GNR,Florida,143,Jacksonville,SUNBEAM_RD_UHAUL,1439356,0,0,0,0,NaN,0,0,0,NaN,0,NaN,0,0,NaN,0,0,NaN,NaN,NaN,NaN,NaN,NaN,NaN,NaN,0,0,0,0,4093.32,202,381,376,98.69,22,1986,1980,99.7,571.2,3851,61,1.58,3910,3896,99.64
09/27/2025,11,5GNR,Florida,143,Jacksonville,SUNBEAM_RD_UHAUL,4439356,0,0,0,0,NaN,0,0,0,NaN,0,NaN,0,0,NaN,0,0,NaN,NaN,NaN,NaN,NaN,NaN,NaN,NaN,0,0,0,0,4093.32,202,381,376,98.69,22,1986,1980,99.7,571.2,3851,61,1.58,3910,3896,99.64
09/27/2025,11,5GNR,Florida,143,Jacksonville,SWITZERLAND,1439053,0,0,0,0,NaN,0,0,0,NaN,0,NaN,0,0,NaN,0,0,NaN,NaN,NaN,NaN,NaN,NaN,NaN,NaN,0,0,0,0,4093.32,202,381,376,98.69,22,1986,1980,99.7,571.2,3851,61,1.58,3910,3896,99.64
09/27/2025,11,5GNR,Florida,143,Jacksonville,SW_69TH_DR,1437159,0,0,0,0,NaN,0,0,0,NaN,0,NaN,0,0,NaN,0,0,NaN,NaN,NaN,NaN,NaN,NaN,NaN,NaN,0,0,0,0,4093.32,202,381,376,98.69,22,1986,1980,99.7,571.2,3851,61,1.58,3910,3896,99.64
09/27/2025,11,5GNR,Florida,143,Jacksonville,SW_GAINESVILLE,1439656,0,0,0,0,NaN,0,0,0,NaN,0,NaN,0,0,NaN,0,0,NaN,NaN,NaN,NaN,NaN,NaN,NaN,NaN,0,0,0,0,4093.32,202,381,376,98.69,22,1986,1980,99.7,571.2,3851,61,1.58,3910,3896,99.64
09/27/2025,11,5GNR,Florida,143,Jacksonville,SYKES_HWY_207,1437505,0,0,0,0,NaN,0,0,0,NaN,0,NaN,0,0,NaN,0,0,NaN,NaN,NaN,NaN,NaN,NaN,NaN,NaN,0,0,0,0,4093.32,202,381,376,98.69,22,1986,1980,99.7,571.2,3851,61,1.58,3910,3896,99.64
09/27/2025,11,5GNR,Florida,143,Jacksonville,SYKES_HWY_207,1439505,0,0,0,0,NaN,0,0,0,NaN,0,NaN,0,0,NaN,0,0,NaN,NaN,NaN,NaN,NaN,NaN,NaN,NaN,0,0,0,0,4093.32,202,381,376,98.69,22,1986,1980,99.7,571.2,3851,61,1.58,3910,3896,99.64
09/27/2025,11,5GNR,Florida,143,Jacksonville,TALLAHASSEE_PD,1431335,0,0,0,0,NaN,0,0,0,NaN,0,NaN,0,0,NaN,0,0,NaN,NaN,NaN,NaN,NaN,NaN,NaN,NaN,0,0,0,0,4093.32,202,381,376,98.69,22,1986,1980,99.7,571.2,3851,61,1.58,3910,3896,99.64
09/27/2025,11,5GNR,Florida,143,Jacksonville,TALLAHASSEE_PD,1431336,0,0,0,0,NaN,0,0,0,NaN,0,NaN,0,0,NaN,0,0,NaN,NaN,NaN,NaN,NaN,NaN,NaN,NaN,0,0,0,0,4093.32,202,381,376,98.69,22,1986,1980,99.7,571.2,3851,61,1.58,3910,3896,99.64
09/27/2025,11,5GNR,Florida,143,Jacksonville,TALLAHASSEE_PD,1431337,0,0,0,0,NaN,0,0,0,NaN,0,NaN,0,0,NaN,0,0,NaN,NaN,NaN,NaN,NaN,NaN,NaN,NaN,0,0,0,0,4093.32,202,381,376,98.69,22,1986,1980,99.7,571.2,3851,61,1.58,3910,3896,99.64
09/27/2025,11,5GNR,Florida,143,Jacksonville,TALLAHASSEE_SHERIFF_OFFICE,1430344,0,0,0,0,NaN,0,0,0,NaN,0,NaN,0,0,NaN,0,0,NaN,NaN,NaN,NaN,NaN,NaN,NaN,NaN,0,0,0,0,4093.32,202,381,376,98.69,22,1986,1980,99.7,571.2,3851,61,1.58,3910,3896,99.64
09/27/2025,11,5GNR,Florida,143,Jacksonville,TALLAHASSEE_SHERIFF_OFFICE,1430345,0,0,0,0,NaN,0,0,0,NaN,0,NaN,0,0,NaN,0,0,NaN,NaN,NaN,NaN,NaN,NaN,NaN,NaN,0,0,0,0,4093.32,202,381,376,98.69,22,1986,1980,99.7,571.2,3851,61,1.58,3910,3896,99.64
09/27/2025,11,5GNR,Florida,143,Jacksonville,TALLAHASSEE_SHERIFF_OFFICE,1430346,0,0,0,0,NaN,0,0,0,NaN,0,NaN,0,0,NaN,0,0,NaN,NaN,NaN,NaN,NaN,NaN,NaN,NaN,0,0,0,0,4093.32,202,381,376,98.69,22,1986,1980,99.7,571.2,3851,61,1.58,3910,3896,99.64
09/27/2025,11,5GNR,Florida,143,Jacksonville,TBCOM_DOCTORS_LAKE,1437259,0,0,0,0,NaN,0,0,0,NaN,0,NaN,0,0,NaN,0,0,NaN,NaN,NaN,NaN,NaN,NaN,NaN,NaN,0,0,0,0,4093.32,202,381,376,98.69,22,1986,1980,99.7,571.2,3851,61,1.58,3910,3896,99.64
09/27/2025,11,5GNR,Florida,143,Jacksonville,TBCOM_DOCTORS_LAKE,1439259,0,0,0,0,NaN,0,0,0,NaN,0,NaN,0,0,NaN,0,0,NaN,NaN,NaN,NaN,NaN,NaN,NaN,NaN,0,0,0,0,4093.32,202,381,376,98.69,22,1986,1980,99.7,571.2,3851,61,1.58,3910,3896,99.64
09/27/2025,11,5GNR,Florida,143,Jacksonville,TBCOM_MANDARIN_EAST,1437279,0,0,0,0,NaN,0,0,0,NaN,0,NaN,0,0,NaN,0,0,NaN,NaN,NaN,NaN,NaN,NaN,NaN,NaN,0,0,0,0,4093.32,202,381,376,98.69,22,1986,1980,99.7,571.2,3851,61,1.58,3910,3896,99.64
09/27/2025,11,5GNR,Florida,143,Jacksonville,TBCOM_MANDARIN_EAST,1439279,0,0,0,0,NaN,0,0,0,NaN,0,NaN,0,0,NaN,0,0,NaN,NaN,NaN,NaN,NaN,NaN,NaN,NaN,0,0,0,0,4093.32,202,381,376,98.69,22,1986,1980,99.7,571.2,3851,61,1.58,3910,3896,99.64
09/27/2025,11,5GNR,Florida,143,Jacksonville,TCC_TCC002,1430350,0,0,0,0,NaN,0,0,0,NaN,0,NaN,0,0,NaN,0,0,NaN,NaN,NaN,NaN,NaN,NaN,NaN,NaN,0,0,0,0,4093.32,202,381,376,98.69,22,1986,1980,99.7,571.2,3851,61,1.58,3910,3896,99.64
09/27/2025,11,5GNR,Florida,143,Jacksonville,TCC_TCC002,1430351,0,0,0,0,NaN,0,0,0,NaN,0,NaN,0,0,NaN,0,0,NaN,NaN,NaN,NaN,NaN,NaN,NaN,NaN,0,0,0,0,4093.32,202,381,376,98.69,22,1986,1980,99.7,571.2,3851,61,1.58,3910,3896,99.64
09/27/2025,11,5GNR,Florida,143,Jacksonville,TCC_TCC002,1430352,0,0,0,0,NaN,0,0,0,NaN,0,NaN,0,0,NaN,0,0,NaN,NaN,NaN,NaN,NaN,NaN,NaN,NaN,0,0,0,0,4093.32,202,381,376,98.69,22,1986,1980,99.7,571.2,3851,61,1.58,3910,3896,99.64
09/27/2025,11,5GNR,Florida,143,Jacksonville,TCC_TCC003,1430353,0,0,0,0,NaN,0,0,0,NaN,0,NaN,0,0,NaN,0,0,NaN,NaN,NaN,NaN,NaN,NaN,NaN,NaN,0,0,0,0,4093.32,202,381,376,98.69,22,1986,1980,99.7,571.2,3851,61,1.58,3910,3896,99.64
09/27/2025,11,5GNR,Florida,143,Jacksonville,TCC_TCC003,1430354,0,0,0,0,NaN,0,0,0,NaN,0,NaN,0,0,NaN,0,0,NaN,NaN,NaN,NaN,NaN,NaN,NaN,NaN,0,0,0,0,4093.32,202,381,376,98.69,22,1986,1980,99.7,571.2,3851,61,1.58,3910,3896,99.64
09/27/2025,11,5GNR,Florida,143,Jacksonville,TCC_TCC003,1430355,0,0,0,0,NaN,0,0,0,NaN,0,NaN,0,0,NaN,0,0,NaN,NaN,NaN,NaN,NaN,NaN,NaN,NaN,0,0,0,0,4093.32,202,381,376,98.69,22,1986,1980,99.7,571.2,3851,61,1.58,3910,3896,99.64
09/27/2025,11,5GNR,Florida,143,Jacksonville,TCC_TCC004,1430356,0,0,0,0,NaN,0,0,0,NaN,0,NaN,0,0,NaN,0,0,NaN,NaN,NaN,NaN,NaN,NaN,NaN,NaN,0,0,0,0,4093.32,202,381,376,98.69,22,1986,1980,99.7,571.2,3851,61,1.58,3910,3896,99.64
09/27/2025,11,5GNR,Florida,143,Jacksonville,TCC_TCC004,1430357,0,0,0,0,NaN,0,0,0,NaN,0,NaN,0,0,NaN,0,0,NaN,NaN,NaN,NaN,NaN,NaN,NaN,NaN,0,0,0,0,4093.32,202,381,376,98.69,22,1986,1980,99.7,571.2,3851,61,1.58,3910,3896,99.64
09/27/2025,11,5GNR,Florida,143,Jacksonville,TCC_TCC004,1430358,0,0,0,0,NaN,0,0,0,NaN,0,NaN,0,0,NaN,0,0,NaN,NaN,NaN,NaN,NaN,NaN,NaN,NaN,0,0,0,0,4093.32,202,381,376,98.69,22,1986,1980,99.7,571.2,3851,61,1.58,3910,3896,99.64
09/27/2025,11,5GNR,Florida,143,Jacksonville,TCC_TCC005,1430359,0,0,0,0,NaN,0,0,0,NaN,0,NaN,0,0,NaN,0,0,NaN,NaN,NaN,NaN,NaN,NaN,NaN,NaN,0,0,0,0,4093.32,202,381,376,98.69,22,1986,1980,99.7,571.2,3851,61,1.58,3910,3896,99.64
09/27/2025,11,5GNR,Florida,143,Jacksonville,TCC_TCC005,1430360,0,0,0,0,NaN,0,0,0,NaN,0,NaN,0,0,NaN,0,0,NaN,NaN,NaN,NaN,NaN,NaN,NaN,NaN,0,0,0,0,4093.32,202,381,376,98.69,22,1986,1980,99.7,571.2,3851,61,1.58,3910,3896,99.64
09/27/2025,11,5GNR,Florida,143,Jacksonville,TCC_TCC005,1430361,0,0,0,0,NaN,0,0,0,NaN,0,NaN,0,0,NaN,0,0,NaN,NaN,NaN,NaN,NaN,NaN,NaN,NaN,0,0,0,0,4093.32,202,381,376,98.69,22,1986,1980,99.7,571.2,3851,61,1.58,3910,3896,99.64
09/27/2025,11,5GNR,Florida,143,Jacksonville,TCC_TCC006,1430362,0,0,0,0,NaN,0,0,0,NaN,0,NaN,0,0,NaN,0,0,NaN,NaN,NaN,NaN,NaN,NaN,NaN,NaN,0,0,0,0,4093.32,202,381,376,98.69,22,1986,1980,99.7,571.2,3851,61,1.58,3910,3896,99.64
09/27/2025,11,5GNR,Florida,143,Jacksonville,TCC_TCC006,1430363,0,0,0,0,NaN,0,0,0,NaN,0,NaN,0,0,NaN,0,0,NaN,NaN,NaN,NaN,NaN,NaN,NaN,NaN,0,0,0,0,4093.32,202,381,376,98.69,22,1986,1980,99.7,571.2,3851,61,1.58,3910,3896,99.64
09/27/2025,11,5GNR,Florida,143,Jacksonville,TCC_TCC006,1430364,0,0,0,0,NaN,0,0,0,NaN,0,NaN,0,0,NaN,0,0,NaN,NaN,NaN,NaN,NaN,NaN,NaN,NaN,0,0,0,0,4093.32,202,381,376,98.69,22,1986,1980,99.7,571.2,3851,61,1.58,3910,3896,99.64
09/27/2025,11,5GNR,Florida,143,Jacksonville,TECH_TOWER_CORP_SQUARE,4439250,0,0,0,0,NaN,0,0,0,NaN,0,NaN,0,0,NaN,0,0,NaN,NaN,NaN,NaN,NaN,NaN,NaN,NaN,0,0,0,0,4093.32,202,381,376,98.69,22,1986,1980,99.7,571.2,3851,61,1.58,3910,3896,99.64
09/27/2025,11,5GNR,Florida,143,Jacksonville,TIMBERLANE,1439815,0,0,0,0,NaN,0,0,0,NaN,0,NaN,0,0,NaN,0,0,NaN,NaN,NaN,NaN,NaN,NaN,NaN,NaN,0,0,0,0,4093.32,202,381,376,98.69,22,1986,1980,99.7,571.2,3851,61,1.58,3910,3896,99.64
09/27/2025,11,5GNR,Florida,143,Jacksonville,TIMUQUANA,1439015,0,0,0,0,NaN,0,0,0,NaN,0,NaN,0,0,NaN,0,0,NaN,NaN,NaN,NaN,NaN,NaN,NaN,NaN,0,0,0,0,4093.32,202,381,376,98.69,22,1986,1980,99.7,571.2,3851,61,1.58,3910,3896,99.64
09/27/2025,11,5GNR,Florida,143,Jacksonville,TMOBILE_CECIL_FIELD_EAST,1439394,0,0,0,0,NaN,0,0,0,NaN,0,NaN,0,0,NaN,0,0,NaN,NaN,NaN,NaN,NaN,NaN,NaN,NaN,0,0,0,0,4093.32,202,381,376,98.69,22,1986,1980,99.7,571.2,3851,61,1.58,3910,3896,99.64
09/27/2025,11,5GNR,Florida,143,Jacksonville,TMOBILE_CECIL_FIELD_EAST,4439394,0,0,0,0,NaN,0,0,0,NaN,0,NaN,0,0,NaN,0,0,NaN,NaN,NaN,NaN,NaN,NaN,NaN,NaN,0,0,0,0,4093.32,202,381,376,98.69,22,1986,1980,99.7,571.2,3851,61,1.58,3910,3896,99.64
09/27/2025,11,5GNR,Florida,143,Jacksonville,TMOBILE_CLARKS,1439520,0,0,0,0,NaN,0,0,0,NaN,0,NaN,0,0,NaN,0,0,NaN,NaN,NaN,NaN,NaN,NaN,NaN,NaN,0,0,0,0,4093.32,202,381,376,98.69,22,1986,1980,99.7,571.2,3851,61,1.58,3910,3896,99.64
09/27/2025,11,5GNR,Florida,143,Jacksonville,TMOBILE_CLARKS,4439520,0,0,0,0,NaN,0,0,0,NaN,0,NaN,0,0,NaN,0,0,NaN,NaN,NaN,NaN,NaN,NaN,NaN,NaN,0,0,0,0,4093.32,202,381,376,98.69,22,1986,1980,99.7,571.2,3851,61,1.58,3910,3896,99.64
09/27/2025,11,5GNR,Florida,143,Jacksonville,TMOBILE_FOLEY,1439793,0,0,0,0,NaN,0,0,0,NaN,0,NaN,0,0,NaN,0,0,NaN,NaN,NaN,NaN,NaN,NaN,NaN,NaN,0,0,0,0,4093.32,202,381,376,98.69,22,1986,1980,99.7,571.2,3851,61,1.58,3910,3896,99.64
09/27/2025,11,5GNR,Florida,143,Jacksonville,TMOBILE_GUANA_PARK,1439295,0,0,0,0,NaN,0,0,0,NaN,0,NaN,0,0,NaN,0,0,NaN,NaN,NaN,NaN,NaN,NaN,NaN,NaN,0,0,0,0,4093.32,202,381,376,98.69,22,1986,1980,99.7,571.2,3851,61,1.58,3910,3896,99.64
09/27/2025,11,5GNR,Florida,143,Jacksonville,TMOBILE_SAN_MATEO,1439500,0,0,0,0,NaN,0,0,0,NaN,0,NaN,0,0,NaN,0,0,NaN,NaN,NaN,NaN,NaN,NaN,NaN,NaN,0,0,0,0,4093.32,202,381,376,98.69,22,1986,1980,99.7,571.2,3851,61,1.58,3910,3896,99.64
09/27/2025,11,5GNR,Florida,143,Jacksonville,TMOBILE_SIX_MILE_CREEK,1439541,0,0,0,0,NaN,0,0,0,NaN,0,NaN,0,0,NaN,0,0,NaN,NaN,NaN,NaN,NaN,NaN,NaN,NaN,0,0,0,0,4093.32,202,381,376,98.69,22,1986,1980,99.7,571.2,3851,61,1.58,3910,3896,99.64
09/27/2025,11,5GNR,Florida,143,Jacksonville,TMOBILE_SIX_MILE_CREEK,4439541,0,0,0,0,NaN,0,0,0,NaN,0,NaN,0,0,NaN,0,0,NaN,NaN,NaN,NaN,NaN,NaN,NaN,NaN,0,0,0,0,4093.32,202,381,376,98.69,22,1986,1980,99.7,571.2,3851,61,1.58,3910,3896,99.64
09/27/2025,11,5GNR,Florida,143,Jacksonville,TOWERCOM_ARCHER,1439647,0,0,0,0,NaN,0,0,0,NaN,0,NaN,0,0,NaN,0,0,NaN,NaN,NaN,NaN,NaN,NaN,NaN,NaN,0,0,0,0,4093.32,202,381,376,98.69,22,1986,1980,99.7,571.2,3851,61,1.58,3910,3896,99.64
09/27/2025,11,5GNR,Florida,143,Jacksonville,TOWERCOM_FERNANDINA_BEACH,1439073,0,0,0,0,NaN,0,0,0,NaN,0,NaN,0,0,NaN,0,0,NaN,NaN,NaN,NaN,NaN,NaN,NaN,NaN,0,0,0,0,4093.32,202,381,376,98.69,22,1986,1980,99.7,571.2,3851,61,1.58,3910,3896,99.64
09/27/2025,11,5GNR,Florida,143,Jacksonville,TOWERCOM_FERNANDINA_BEACH,4439073,0,0,0,0,NaN,0,0,0,NaN,0,NaN,0,0,NaN,0,0,NaN,NaN,NaN,NaN,NaN,NaN,NaN,NaN,0,0,0,0,4093.32,202,381,376,98.69,22,1986,1980,99.7,571.2,3851,61,1.58,3910,3896,99.64
09/27/2025,11,5GNR,Florida,143,Jacksonville,TOWERCOM_GVILLE_REG_AIRPORT,1439680,0,0,0,0,NaN,0,0,0,NaN,0,NaN,0,0,NaN,0,0,NaN,NaN,NaN,NaN,NaN,NaN,NaN,NaN,0,0,0,0,4093.32,202,381,376,98.69,22,1986,1980,99.7,571.2,3851,61,1.58,3910,3896,99.64
09/27/2025,11,5GNR,Florida,143,Jacksonville,TOWERCOM_NATURAL_BRIDGE,1439875,0,0,0,0,NaN,0,0,0,NaN,0,NaN,0,0,NaN,0,0,NaN,NaN,NaN,NaN,NaN,NaN,NaN,NaN,0,0,0,0,4093.32,202,381,376,98.69,22,1986,1980,99.7,571.2,3851,61,1.58,3910,3896,99.64
09/27/2025,11,5GNR,Florida,143,Jacksonville,TOWERCOM_PALATKA,1439246,0,0,0,0,NaN,0,0,0,NaN,0,NaN,0,0,NaN,0,0,NaN,NaN,NaN,NaN,NaN,NaN,NaN,NaN,0,0,0,0,4093.32,202,381,376,98.69,22,1986,1980,99.7,571.2,3851,61,1.58,3910,3896,99.64
09/27/2025,11,5GNR,Florida,143,Jacksonville,TOWERCOM_PALATKA,4439246,0,0,0,0,NaN,0,0,0,NaN,0,NaN,0,0,NaN,0,0,NaN,NaN,NaN,NaN,NaN,NaN,NaN,NaN,0,0,0,0,4093.32,202,381,376,98.69,22,1986,1980,99.7,571.2,3851,61,1.58,3910,3896,99.64
09/27/2025,11,5GNR,Florida,143,Jacksonville,TOWERCOM_PONTE_VEDRA,4439070,0,0,0,0,NaN,0,0,0,NaN,0,NaN,0,0,NaN,0,0,NaN,NaN,NaN,NaN,NaN,NaN,NaN,NaN,0,0,0,0,4093.32,202,381,376,98.69,22,1986,1980,99.7,571.2,3851,61,1.58,3910,3896,99.64
09/27/2025,11,5GNR,Florida,143,Jacksonville,TOWERCOM_PV_HIGH_SCHOOL,1437573,0,0,0,0,NaN,0,0,0,NaN,0,NaN,0,0,NaN,0,0,NaN,NaN,NaN,NaN,NaN,NaN,NaN,NaN,0,0,0,0,4093.32,202,381,376,98.69,22,1986,1980,99.7,571.2,3851,61,1.58,3910,3896,99.64
09/27/2025,11,5GNR,Florida,143,Jacksonville,TOWERCOM_PV_HIGH_SCHOOL,1439573,0,0,0,0,NaN,0,0,0,NaN,0,NaN,0,0,NaN,0,0,NaN,NaN,NaN,NaN,NaN,NaN,NaN,NaN,0,0,0,0,4093.32,202,381,376,98.69,22,1986,1980,99.7,571.2,3851,61,1.58,3910,3896,99.64
09/27/2025,11,5GNR,Florida,143,Jacksonville,TOWERCOM_SAN_JOSE,1437391,0,0,0,0,NaN,0,0,0,NaN,0,NaN,0,0,NaN,0,0,NaN,NaN,NaN,NaN,NaN,NaN,NaN,NaN,0,0,0,0,4093.32,202,381,376,98.69,22,1986,1980,99.7,571.2,3851,61,1.58,3910,3896,99.64
09/27/2025,11,5GNR,Florida,143,Jacksonville,TOWERCOM_SAN_JOSE,1439391,0,0,0,0,NaN,0,0,0,NaN,0,NaN,0,0,NaN,0,0,NaN,NaN,NaN,NaN,NaN,NaN,NaN,NaN,0,0,0,0,4093.32,202,381,376,98.69,22,1986,1980,99.7,571.2,3851,61,1.58,3910,3896,99.64
09/27/2025,11,5GNR,Florida,143,Jacksonville,TOWERCOM_ST_JOHNS_AIRPORT,1437547,0,0,0,0,NaN,0,0,0,NaN,0,NaN,0,0,NaN,0,0,NaN,NaN,NaN,NaN,NaN,NaN,NaN,NaN,0,0,0,0,4093.32,202,381,376,98.69,22,1986,1980,99.7,571.2,3851,61,1.58,3910,3896,99.64
09/27/2025,11,5GNR,Florida,143,Jacksonville,TOWERCOM_ST_JOHNS_AIRPORT,1439547,0,0,0,0,NaN,0,0,0,NaN,0,NaN,0,0,NaN,0,0,NaN,NaN,NaN,NaN,NaN,NaN,NaN,NaN,0,0,0,0,4093.32,202,381,376,98.69,22,1986,1980,99.7,571.2,3851,61,1.58,3910,3896,99.64
09/27/2025,11,5GNR,Florida,143,Jacksonville,TOWERCOM_US_1,1437245,0,0,0,0,NaN,0,0,0,NaN,0,NaN,0,0,NaN,0,0,NaN,NaN,NaN,NaN,NaN,NaN,NaN,NaN,0,0,0,0,4093.32,202,381,376,98.69,22,1986,1980,99.7,571.2,3851,61,1.58,3910,3896,99.64
09/27/2025,11,5GNR,Florida,143,Jacksonville,TOWERCOM_US_1,1439245,0,0,0,0,NaN,0,0,0,NaN,0,NaN,0,0,NaN,0,0,NaN,NaN,NaN,NaN,NaN,NaN,NaN,NaN,0,0,0,0,4093.32,202,381,376,98.69,22,1986,1980,99.7,571.2,3851,61,1.58,3910,3896,99.64
09/27/2025,11,5GNR,Florida,143,Jacksonville,TOWERCO_PUTNAM_HALL,1439565,0,0,0,0,NaN,0,0,0,NaN,0,NaN,0,0,NaN,0,0,NaN,NaN,NaN,NaN,NaN,NaN,NaN,NaN,0,0,0,0,4093.32,202,381,376,98.69,22,1986,1980,99.7,571.2,3851,61,1.58,3910,3896,99.64
09/27/2025,11,5GNR,Florida,143,Jacksonville,TOWERCO_PUTNAM_HALL,4439565,0,0,0,0,NaN,0,0,0,NaN,0,NaN,0,0,NaN,0,0,NaN,NaN,NaN,NaN,NaN,NaN,NaN,NaN,0,0,0,0,4093.32,202,381,376,98.69,22,1986,1980,99.7,571.2,3851,61,1.58,3910,3896,99.64
09/27/2025,11,5GNR,Florida,143,Jacksonville,TOWER_COM_210_E,1437095,0,0,0,0,NaN,0,0,0,NaN,0,NaN,0,0,NaN,0,0,NaN,NaN,NaN,NaN,NaN,NaN,NaN,NaN,0,0,0,0,4093.32,202,381,376,98.69,22,1986,1980,99.7,571.2,3851,61,1.58,3910,3896,99.64
09/27/2025,11,5GNR,Florida,143,Jacksonville,TOWER_COM_210_E,1439095,0,0,0,0,NaN,0,0,0,NaN,0,NaN,0,0,NaN,0,0,NaN,NaN,NaN,NaN,NaN,NaN,NaN,NaN,0,0,0,0,4093.32,202,381,376,98.69,22,1986,1980,99.7,571.2,3851,61,1.58,3910,3896,99.64
09/27/2025,11,5GNR,Florida,143,Jacksonville,TOWN_CENTER_E_001,1431082,0,0,0,0,NaN,0,0,0,NaN,0,NaN,0,0,NaN,0,0,NaN,NaN,NaN,NaN,NaN,NaN,NaN,NaN,0,0,0,0,4093.32,202,381,376,98.69,22,1986,1980,99.7,571.2,3851,61,1.58,3910,3896,99.64
09/27/2025,11,5GNR,Florida,143,Jacksonville,TOWN_CENTER_E_001,1431083,0,0,0,0,NaN,0,0,0,NaN,0,NaN,0,0,NaN,0,0,NaN,NaN,NaN,NaN,NaN,NaN,NaN,NaN,0,0,0,0,4093.32,202,381,376,98.69,22,1986,1980,99.7,571.2,3851,61,1.58,3910,3896,99.64
09/27/2025,11,5GNR,Florida,143,Jacksonville,TOWN_CENTER_E_001,1431084,0,0,0,0,NaN,0,0,0,NaN,0,NaN,0,0,NaN,0,0,NaN,NaN,NaN,NaN,NaN,NaN,NaN,NaN,0,0,0,0,4093.32,202,381,376,98.69,22,1986,1980,99.7,571.2,3851,61,1.58,3910,3896,99.64
09/27/2025,11,5GNR,Florida,143,Jacksonville,TOWN_CENTER_E_003,1431088,0,0,0,0,NaN,0,0,0,NaN,0,NaN,0,0,NaN,0,0,NaN,NaN,NaN,NaN,NaN,NaN,NaN,NaN,0,0,0,0,4093.32,202,381,376,98.69,22,1986,1980,99.7,571.2,3851,61,1.58,3910,3896,99.64
09/27/2025,11,5GNR,Florida,143,Jacksonville,TOWN_CENTER_E_003,1431089,0,0,0,0,NaN,0,0,0,NaN,0,NaN,0,0,NaN,0,0,NaN,NaN,NaN,NaN,NaN,NaN,NaN,NaN,0,0,0,0,4093.32,202,381,376,98.69,22,1986,1980,99.7,571.2,3851,61,1.58,3910,3896,99.64
09/27/2025,11,5GNR,Florida,143,Jacksonville,TOWN_CENTER_E_003,1431090,0,0,0,0,NaN,0,0,0,NaN,0,NaN,0,0,NaN,0,0,NaN,NaN,NaN,NaN,NaN,NaN,NaN,NaN,0,0,0,0,4093.32,202,381,376,98.69,22,1986,1980,99.7,571.2,3851,61,1.58,3910,3896,99.64
09/27/2025,11,5GNR,Florida,143,Jacksonville,TOWN_CENTER_E_004,1431091,0,0,0,0,NaN,0,0,0,NaN,0,NaN,0,0,NaN,0,0,NaN,NaN,NaN,NaN,NaN,NaN,NaN,NaN,0,0,0,0,4093.32,202,381,376,98.69,22,1986,1980,99.7,571.2,3851,61,1.58,3910,3896,99.64
09/27/2025,11,5GNR,Florida,143,Jacksonville,TOWN_CENTER_E_004,1431092,0,0,0,0,NaN,0,0,0,NaN,0,NaN,0,0,NaN,0,0,NaN,NaN,NaN,NaN,NaN,NaN,NaN,NaN,0,0,0,0,4093.32,202,381,376,98.69,22,1986,1980,99.7,571.2,3851,61,1.58,3910,3896,99.64
09/27/2025,11,5GNR,Florida,143,Jacksonville,TOWN_CENTER_E_004,1431093,0,0,0,0,NaN,0,0,0,NaN,0,NaN,0,0,NaN,0,0,NaN,NaN,NaN,NaN,NaN,NaN,NaN,NaN,0,0,0,0,4093.32,202,381,376,98.69,22,1986,1980,99.7,571.2,3851,61,1.58,3910,3896,99.64
09/27/2025,11,5GNR,Florida,143,Jacksonville,TOWN_CENTER_E_004,1439983,0,0,0,0,NaN,0,0,0,NaN,0,NaN,0,0,NaN,0,0,NaN,NaN,NaN,NaN,NaN,NaN,NaN,NaN,0,0,0,0,4093.32,202,381,376,98.69,22,1986,1980,99.7,571.2,3851,61,1.58,3910,3896,99.64
09/27/2025,11,5GNR,Florida,143,Jacksonville,TOWN_CENTER_E_004,7439111,0,0,0,0,NaN,0,0,0,NaN,0,NaN,0,0,NaN,0,0,NaN,NaN,NaN,NaN,NaN,NaN,NaN,NaN,0,0,0,0,4093.32,202,381,376,98.69,22,1986,1980,99.7,571.2,3851,61,1.58,3910,3896,99.64
09/27/2025,11,5GNR,Florida,143,Jacksonville,TOWN_CENTER_E_005,1431094,0,0,0,0,NaN,0,0,0,NaN,0,NaN,0,0,NaN,0,0,NaN,NaN,NaN,NaN,NaN,NaN,NaN,NaN,0,0,0,0,4093.32,202,381,376,98.69,22,1986,1980,99.7,571.2,3851,61,1.58,3910,3896,99.64
09/27/2025,11,5GNR,Florida,143,Jacksonville,TOWN_CENTER_E_005,1431095,0,0,0,0,NaN,0,0,0,NaN,0,NaN,0,0,NaN,0,0,NaN,NaN,NaN,NaN,NaN,NaN,NaN,NaN,0,0,0,0,4093.32,202,381,376,98.69,22,1986,1980,99.7,571.2,3851,61,1.58,3910,3896,99.64
09/27/2025,11,5GNR,Florida,143,Jacksonville,TOWN_CENTER_E_005,1431096,0,0,0,0,NaN,0,0,0,NaN,0,NaN,0,0,NaN,0,0,NaN,NaN,NaN,NaN,NaN,NaN,NaN,NaN,0,0,0,0,4093.32,202,381,376,98.69,22,1986,1980,99.7,571.2,3851,61,1.58,3910,3896,99.64
09/27/2025,11,5GNR,Florida,143,Jacksonville,TOWN_CENTER_E_007,1431100,0,0,0,0,NaN,0,0,0,NaN,0,NaN,0,0,NaN,0,0,NaN,NaN,NaN,NaN,NaN,NaN,NaN,NaN,0,0,0,0,4093.32,202,381,376,98.69,22,1986,1980,99.7,571.2,3851,61,1.58,3910,3896,99.64
09/27/2025,11,5GNR,Florida,143,Jacksonville,TOWN_CENTER_E_007,1431101,0,0,0,0,NaN,0,0,0,NaN,0,NaN,0,0,NaN,0,0,NaN,NaN,NaN,NaN,NaN,NaN,NaN,NaN,0,0,0,0,4093.32,202,381,376,98.69,22,1986,1980,99.7,571.2,3851,61,1.58,3910,3896,99.64
09/27/2025,11,5GNR,Florida,143,Jacksonville,TOWN_CENTER_E_007,1431102,0,0,0,0,NaN,0,0,0,NaN,0,NaN,0,0,NaN,0,0,NaN,NaN,NaN,NaN,NaN,NaN,NaN,NaN,0,0,0,0,4093.32,202,381,376,98.69,22,1986,1980,99.7,571.2,3851,61,1.58,3910,3896,99.64
09/27/2025,11,5GNR,Florida,143,Jacksonville,TOWN_CENTER_W_001,1431112,0,0,0,0,NaN,0,0,0,NaN,0,NaN,0,0,NaN,0,0,NaN,NaN,NaN,NaN,NaN,NaN,NaN,NaN,0,0,0,0,4093.32,202,381,376,98.69,22,1986,1980,99.7,571.2,3851,61,1.58,3910,3896,99.64
09/27/2025,11,5GNR,Florida,143,Jacksonville,TOWN_CENTER_W_001,1431113,0,0,0,0,NaN,0,0,0,NaN,0,NaN,0,0,NaN,0,0,NaN,NaN,NaN,NaN,NaN,NaN,NaN,NaN,0,0,0,0,4093.32,202,381,376,98.69,22,1986,1980,99.7,571.2,3851,61,1.58,3910,3896,99.64
09/27/2025,11,5GNR,Florida,143,Jacksonville,TOWN_CENTER_W_001,1431114,0,0,0,0,NaN,0,0,0,NaN,0,NaN,0,0,NaN,0,0,NaN,NaN,NaN,NaN,NaN,NaN,NaN,NaN,0,0,0,0,4093.32,202,381,376,98.69,22,1986,1980,99.7,571.2,3851,61,1.58,3910,3896,99.64
09/27/2025,11,5GNR,Florida,143,Jacksonville,TOWN_CENTER_W_002,1431115,0,0,0,0,NaN,0,0,0,NaN,0,NaN,0,0,NaN,0,0,NaN,NaN,NaN,NaN,NaN,NaN,NaN,NaN,0,0,0,0,4093.32,202,381,376,98.69,22,1986,1980,99.7,571.2,3851,61,1.58,3910,3896,99.64
09/27/2025,11,5GNR,Florida,143,Jacksonville,TOWN_CENTER_W_002,1431116,0,0,0,0,NaN,0,0,0,NaN,0,NaN,0,0,NaN,0,0,NaN,NaN,NaN,NaN,NaN,NaN,NaN,NaN,0,0,0,0,4093.32,202,381,376,98.69,22,1986,1980,99.7,571.2,3851,61,1.58,3910,3896,99.64
09/27/2025,11,5GNR,Florida,143,Jacksonville,TOWN_CENTER_W_002,1431117,0,0,0,0,NaN,0,0,0,NaN,0,NaN,0,0,NaN,0,0,NaN,NaN,NaN,NaN,NaN,NaN,NaN,NaN,0,0,0,0,4093.32,202,381,376,98.69,22,1986,1980,99.7,571.2,3851,61,1.58,3910,3896,99.64
09/27/2025,11,5GNR,Florida,143,Jacksonville,TOWN_CENTER_W_003,1431118,0,0,0,0,NaN,0,0,0,NaN,0,NaN,0,0,NaN,0,0,NaN,NaN,NaN,NaN,NaN,NaN,NaN,NaN,0,0,0,0,4093.32,202,381,376,98.69,22,1986,1980,99.7,571.2,3851,61,1.58,3910,3896,99.64
09/27/2025,11,5GNR,Florida,143,Jacksonville,TOWN_CENTER_W_003,1431119,0,0,0,0,NaN,0,0,0,NaN,0,NaN,0,0,NaN,0,0,NaN,NaN,NaN,NaN,NaN,NaN,NaN,NaN,0,0,0,0,4093.32,202,381,376,98.69,22,1986,1980,99.7,571.2,3851,61,1.58,3910,3896,99.64
09/27/2025,11,5GNR,Florida,143,Jacksonville,TOWN_CENTER_W_003,1431120,0,0,0,0,NaN,0,0,0,NaN,0,NaN,0,0,NaN,0,0,NaN,NaN,NaN,NaN,NaN,NaN,NaN,NaN,0,0,0,0,4093.32,202,381,376,98.69,22,1986,1980,99.7,571.2,3851,61,1.58,3910,3896,99.64
09/27/2025,11,5GNR,Florida,143,Jacksonville,TOWN_CENTER_W_004,1431121,0,0,0,0,NaN,0,0,0,NaN,0,NaN,0,0,NaN,0,0,NaN,NaN,NaN,NaN,NaN,NaN,NaN,NaN,0,0,0,0,4093.32,202,381,376,98.69,22,1986,1980,99.7,571.2,3851,61,1.58,3910,3896,99.64
09/27/2025,11,5GNR,Florida,143,Jacksonville,TOWN_CENTER_W_004,1431122,0,0,0,0,NaN,0,0,0,NaN,0,NaN,0,0,NaN,0,0,NaN,NaN,NaN,NaN,NaN,NaN,NaN,NaN,0,0,0,0,4093.32,202,381,376,98.69,22,1986,1980,99.7,571.2,3851,61,1.58,3910,3896,99.64
09/27/2025,11,5GNR,Florida,143,Jacksonville,TOWN_CENTER_W_004,1431123,0,0,0,0,NaN,0,0,0,NaN,0,NaN,0,0,NaN,0,0,NaN,NaN,NaN,NaN,NaN,NaN,NaN,NaN,0,0,0,0,4093.32,202,381,376,98.69,22,1986,1980,99.7,571.2,3851,61,1.58,3910,3896,99.64
09/27/2025,11,5GNR,Florida,143,Jacksonville,TOWN_CENTER_W_005,1431124,0,0,0,0,NaN,0,0,0,NaN,0,NaN,0,0,NaN,0,0,NaN,NaN,NaN,NaN,NaN,NaN,NaN,NaN,0,0,0,0,4093.32,202,381,376,98.69,22,1986,1980,99.7,571.2,3851,61,1.58,3910,3896,99.64
09/27/2025,11,5GNR,Florida,143,Jacksonville,TOWN_CENTER_W_005,1431125,0,0,0,0,NaN,0,0,0,NaN,0,NaN,0,0,NaN,0,0,NaN,NaN,NaN,NaN,NaN,NaN,NaN,NaN,0,0,0,0,4093.32,202,381,376,98.69,22,1986,1980,99.7,571.2,3851,61,1.58,3910,3896,99.64
09/27/2025,11,5GNR,Florida,143,Jacksonville,TOWN_CENTER_W_005,1431126,0,0,0,0,NaN,0,0,0,NaN,0,NaN,0,0,NaN,0,0,NaN,NaN,NaN,NaN,NaN,NaN,NaN,NaN,0,0,0,0,4093.32,202,381,376,98.69,22,1986,1980,99.7,571.2,3851,61,1.58,3910,3896,99.64
09/27/2025,11,5GNR,Florida,143,Jacksonville,TOWN_CENTER_W_007,1431130,0,0,0,0,NaN,0,0,0,NaN,0,NaN,0,0,NaN,0,0,NaN,NaN,NaN,NaN,NaN,NaN,NaN,NaN,0,0,0,0,4093.32,202,381,376,98.69,22,1986,1980,99.7,571.2,3851,61,1.58,3910,3896,99.64
09/27/2025,11,5GNR,Florida,143,Jacksonville,TOWN_CENTER_W_007,1431131,0,0,0,0,NaN,0,0,0,NaN,0,NaN,0,0,NaN,0,0,NaN,NaN,NaN,NaN,NaN,NaN,NaN,NaN,0,0,0,0,4093.32,202,381,376,98.69,22,1986,1980,99.7,571.2,3851,61,1.58,3910,3896,99.64
09/27/2025,11,5GNR,Florida,143,Jacksonville,TOWN_CENTER_W_007,1431132,0,0,0,0,NaN,0,0,0,NaN,0,NaN,0,0,NaN,0,0,NaN,NaN,NaN,NaN,NaN,NaN,NaN,NaN,0,0,0,0,4093.32,202,381,376,98.69,22,1986,1980,99.7,571.2,3851,61,1.58,3910,3896,99.64
09/27/2025,11,5GNR,Florida,143,Jacksonville,TOWN_CENTER_W_008,1431133,0,0,0,0,NaN,0,0,0,NaN,0,NaN,0,0,NaN,0,0,NaN,NaN,NaN,NaN,NaN,NaN,NaN,NaN,0,0,0,0,4093.32,202,381,376,98.69,22,1986,1980,99.7,571.2,3851,61,1.58,3910,3896,99.64
09/27/2025,11,5GNR,Florida,143,Jacksonville,TOWN_CENTER_W_008,1431134,0,0,0,0,NaN,0,0,0,NaN,0,NaN,0,0,NaN,0,0,NaN,NaN,NaN,NaN,NaN,NaN,NaN,NaN,0,0,0,0,4093.32,202,381,376,98.69,22,1986,1980,99.7,571.2,3851,61,1.58,3910,3896,99.64
09/27/2025,11,5GNR,Florida,143,Jacksonville,TOWN_CENTER_W_008,1431135,0,0,0,0,NaN,0,0,0,NaN,0,NaN,0,0,NaN,0,0,NaN,NaN,NaN,NaN,NaN,NaN,NaN,NaN,0,0,0,0,4093.32,202,381,376,98.69,22,1986,1980,99.7,571.2,3851,61,1.58,3910,3896,99.64
09/27/2025,11,5GNR,Florida,143,Jacksonville,TOWN_CENTER_W_011,1431139,0,0,0,0,NaN,0,0,0,NaN,0,NaN,0,0,NaN,0,0,NaN,NaN,NaN,NaN,NaN,NaN,NaN,NaN,0,0,0,0,4093.32,202,381,376,98.69,22,1986,1980,99.7,571.2,3851,61,1.58,3910,3896,99.64
09/27/2025,11,5GNR,Florida,143,Jacksonville,TOWN_CENTER_W_011,1431140,0,0,0,0,NaN,0,0,0,NaN,0,NaN,0,0,NaN,0,0,NaN,NaN,NaN,NaN,NaN,NaN,NaN,NaN,0,0,0,0,4093.32,202,381,376,98.69,22,1986,1980,99.7,571.2,3851,61,1.58,3910,3896,99.64
09/27/2025,11,5GNR,Florida,143,Jacksonville,TOWN_CENTER_W_011,1431141,0,0,0,0,NaN,0,0,0,NaN,0,NaN,0,0,NaN,0,0,NaN,NaN,NaN,NaN,NaN,NaN,NaN,NaN,0,0,0,0,4093.32,202,381,376,98.69,22,1986,1980,99.7,571.2,3851,61,1.58,3910,3896,99.64
09/27/2025,11,5GNR,Florida,143,Jacksonville,TOWN_CENTER_W_013,1431145,0,0,0,0,NaN,0,0,0,NaN,0,NaN,0,0,NaN,0,0,NaN,NaN,NaN,NaN,NaN,NaN,NaN,NaN,0,0,0,0,4093.32,202,381,376,98.69,22,1986,1980,99.7,571.2,3851,61,1.58,3910,3896,99.64
09/27/2025,11,5GNR,Florida,143,Jacksonville,TOWN_CENTER_W_013,1431146,0,0,0,0,NaN,0,0,0,NaN,0,NaN,0,0,NaN,0,0,NaN,NaN,NaN,NaN,NaN,NaN,NaN,NaN,0,0,0,0,4093.32,202,381,376,98.69,22,1986,1980,99.7,571.2,3851,61,1.58,3910,3896,99.64
09/27/2025,11,5GNR,Florida,143,Jacksonville,TOWN_CENTER_W_013,1431147,0,0,0,0,NaN,0,0,0,NaN,0,NaN,0,0,NaN,0,0,NaN,NaN,NaN,NaN,NaN,NaN,NaN,NaN,0,0,0,0,4093.32,202,381,376,98.69,22,1986,1980,99.7,571.2,3851,61,1.58,3910,3896,99.64
09/27/2025,11,5GNR,Florida,143,Jacksonville,TOWN_CENTER_W_014,1431148,0,0,0,0,NaN,0,0,0,NaN,0,NaN,0,0,NaN,0,0,NaN,NaN,NaN,NaN,NaN,NaN,NaN,NaN,0,0,0,0,4093.32,202,381,376,98.69,22,1986,1980,99.7,571.2,3851,61,1.58,3910,3896,99.64
09/27/2025,11,5GNR,Florida,143,Jacksonville,TOWN_CENTER_W_014,1431149,0,0,0,0,NaN,0,0,0,NaN,0,NaN,0,0,NaN,0,0,NaN,NaN,NaN,NaN,NaN,NaN,NaN,NaN,0,0,0,0,4093.32,202,381,376,98.69,22,1986,1980,99.7,571.2,3851,61,1.58,3910,3896,99.64
09/27/2025,11,5GNR,Florida,143,Jacksonville,TOWN_CENTER_W_014,1431150,0,0,0,0,NaN,0,0,0,NaN,0,NaN,0,0,NaN,0,0,NaN,NaN,NaN,NaN,NaN,NaN,NaN,NaN,0,0,0,0,4093.32,202,381,376,98.69,22,1986,1980,99.7,571.2,3851,61,1.58,3910,3896,99.64
09/27/2025,11,5GNR,Florida,143,Jacksonville,TOWN_CENTER_W_015,1431151,0,0,0,0,NaN,0,0,0,NaN,0,NaN,0,0,NaN,0,0,NaN,NaN,NaN,NaN,NaN,NaN,NaN,NaN,0,0,0,0,4093.32,202,381,376,98.69,22,1986,1980,99.7,571.2,3851,61,1.58,3910,3896,99.64
09/27/2025,11,5GNR,Florida,143,Jacksonville,TOWN_CENTER_W_015,1431152,0,0,0,0,NaN,0,0,0,NaN,0,NaN,0,0,NaN,0,0,NaN,NaN,NaN,NaN,NaN,NaN,NaN,NaN,0,0,0,0,4093.32,202,381,376,98.69,22,1986,1980,99.7,571.2,3851,61,1.58,3910,3896,99.64
09/27/2025,11,5GNR,Florida,143,Jacksonville,TOWN_CENTER_W_015,1431153,0,0,0,0,NaN,0,0,0,NaN,0,NaN,0,0,NaN,0,0,NaN,NaN,NaN,NaN,NaN,NaN,NaN,NaN,0,0,0,0,4093.32,202,381,376,98.69,22,1986,1980,99.7,571.2,3851,61,1.58,3910,3896,99.64
09/27/2025,11,5GNR,Florida,143,Jacksonville,TOWN_CENTER_W_017,1431157,0,0,0,0,NaN,0,0,0,NaN,0,NaN,0,0,NaN,0,0,NaN,NaN,NaN,NaN,NaN,NaN,NaN,NaN,0,0,0,0,4093.32,202,381,376,98.69,22,1986,1980,99.7,571.2,3851,61,1.58,3910,3896,99.64
09/27/2025,11,5GNR,Florida,143,Jacksonville,TOWN_CENTER_W_017,1431158,0,0,0,0,NaN,0,0,0,NaN,0,NaN,0,0,NaN,0,0,NaN,NaN,NaN,NaN,NaN,NaN,NaN,NaN,0,0,0,0,4093.32,202,381,376,98.69,22,1986,1980,99.7,571.2,3851,61,1.58,3910,3896,99.64
09/27/2025,11,5GNR,Florida,143,Jacksonville,TOWN_CENTER_W_017,1431159,0,0,0,0,NaN,0,0,0,NaN,0,NaN,0,0,NaN,0,0,NaN,NaN,NaN,NaN,NaN,NaN,NaN,NaN,0,0,0,0,4093.32,202,381,376,98.69,22,1986,1980,99.7,571.2,3851,61,1.58,3910,3896,99.64
09/27/2025,11,5GNR,Florida,143,Jacksonville,TOWN_CENTER_W_018,1431160,0,0,0,0,NaN,0,0,0,NaN,0,NaN,0,0,NaN,0,0,NaN,NaN,NaN,NaN,NaN,NaN,NaN,NaN,0,0,0,0,4093.32,202,381,376,98.69,22,1986,1980,99.7,571.2,3851,61,1.58,3910,3896,99.64
09/27/2025,11,5GNR,Florida,143,Jacksonville,TOWN_CENTER_W_018,1431161,0,0,0,0,NaN,0,0,0,NaN,0,NaN,0,0,NaN,0,0,NaN,NaN,NaN,NaN,NaN,NaN,NaN,NaN,0,0,0,0,4093.32,202,381,376,98.69,22,1986,1980,99.7,571.2,3851,61,1.58,3910,3896,99.64
09/27/2025,11,5GNR,Florida,143,Jacksonville,TOWN_CENTER_W_018,1431162,0,0,0,0,NaN,0,0,0,NaN,0,NaN,0,0,NaN,0,0,NaN,NaN,NaN,NaN,NaN,NaN,NaN,NaN,0,0,0,0,4093.32,202,381,376,98.69,22,1986,1980,99.7,571.2,3851,61,1.58,3910,3896,99.64
09/27/2025,11,5GNR,Florida,143,Jacksonville,TOWN_CENTER_W_023,1431175,0,0,0,0,NaN,0,0,0,NaN,0,NaN,0,0,NaN,0,0,NaN,NaN,NaN,NaN,NaN,NaN,NaN,NaN,0,0,0,0,4093.32,202,381,376,98.69,22,1986,1980,99.7,571.2,3851,61,1.58,3910,3896,99.64
09/27/2025,11,5GNR,Florida,143,Jacksonville,TOWN_CENTER_W_023,1431176,0,0,0,0,NaN,0,0,0,NaN,0,NaN,0,0,NaN,0,0,NaN,NaN,NaN,NaN,NaN,NaN,NaN,NaN,0,0,0,0,4093.32,202,381,376,98.69,22,1986,1980,99.7,571.2,3851,61,1.58,3910,3896,99.64
09/27/2025,11,5GNR,Florida,143,Jacksonville,TOWN_CENTER_W_023,1431177,0,0,0,0,NaN,0,0,0,NaN,0,NaN,0,0,NaN,0,0,NaN,NaN,NaN,NaN,NaN,NaN,NaN,NaN,0,0,0,0,4093.32,202,381,376,98.69,22,1986,1980,99.7,571.2,3851,61,1.58,3910,3896,99.64
09/27/2025,11,5GNR,Florida,143,Jacksonville,TPC_SAWGRASS_2022_COW_TEMP,4439930,0,0,0,0,NaN,0,0,0,NaN,0,NaN,0,0,NaN,0,0,NaN,NaN,NaN,NaN,NaN,NaN,NaN,NaN,0,0,0,0,4093.32,202,381,376,98.69,22,1986,1980,99.7,571.2,3851,61,1.58,3910,3896,99.64
09/27/2025,11,5GNR,Florida,143,Jacksonville,TPC_SAWGRASS_2023_COW_TEMP,1437930,0,0,0,0,NaN,0,0,0,NaN,0,NaN,0,0,NaN,0,0,NaN,NaN,NaN,NaN,NaN,NaN,NaN,NaN,0,0,0,0,4093.32,202,381,376,98.69,22,1986,1980,99.7,571.2,3851,61,1.58,3910,3896,99.64
09/27/2025,11,5GNR,Florida,143,Jacksonville,TPC_SAWGRASS_2023_COW_TEMP,1439930,0,0,0,0,NaN,0,0,0,NaN,0,NaN,0,0,NaN,0,0,NaN,NaN,NaN,NaN,NaN,NaN,NaN,NaN,0,0,0,0,4093.32,202,381,376,98.69,22,1986,1980,99.7,571.2,3851,61,1.58,3910,3896,99.64
09/27/2025,11,5GNR,Florida,143,Jacksonville,TPC_SAWGRASS_2023_COW_TEMP,1439931,0,0,0,0,NaN,0,0,0,NaN,0,NaN,0,0,NaN,0,0,NaN,NaN,NaN,NaN,NaN,NaN,NaN,NaN,0,0,0,0,4093.32,202,381,376,98.69,22,1986,1980,99.7,571.2,3851,61,1.58,3910,3896,99.64
09/27/2025,11,5GNR,Florida,143,Jacksonville,TRILLION_YULEE,1439579,0,0,0,0,NaN,0,0,0,NaN,0,NaN,0,0,NaN,0,0,NaN,NaN,NaN,NaN,NaN,NaN,NaN,NaN,0,0,0,0,4093.32,202,381,376,98.69,22,1986,1980,99.7,571.2,3851,61,1.58,3910,3896,99.64
09/27/2025,11,5GNR,Florida,143,Jacksonville,TRINITY_CHRISTIAN_CHURCH,1439817,0,0,0,0,NaN,0,0,0,NaN,0,NaN,0,0,NaN,0,0,NaN,NaN,NaN,NaN,NaN,NaN,NaN,NaN,0,0,0,0,4093.32,202,381,376,98.69,22,1986,1980,99.7,571.2,3851,61,1.58,3910,3896,99.64
09/27/2025,11,5GNR,Florida,143,Jacksonville,UF_BARTRAM_HALL,1439671,0,0,0,0,NaN,0,0,0,NaN,0,NaN,0,0,NaN,0,0,NaN,NaN,NaN,NaN,NaN,NaN,NaN,NaN,0,0,0,0,4093.32,202,381,376,98.69,22,1986,1980,99.7,571.2,3851,61,1.58,3910,3896,99.64
09/27/2025,11,5GNR,Florida,143,Jacksonville,UF_FOUNDATION,1439668,0,0,0,0,NaN,0,0,0,NaN,0,NaN,0,0,NaN,0,0,NaN,NaN,NaN,NaN,NaN,NaN,NaN,NaN,0,0,0,0,4093.32,202,381,376,98.69,22,1986,1980,99.7,571.2,3851,61,1.58,3910,3896,99.64
09/27/2025,11,5GNR,Florida,143,Jacksonville,UF_STADIUM,1439670,0,0,0,0,NaN,0,0,0,NaN,0,NaN,0,0,NaN,0,0,NaN,NaN,NaN,NaN,NaN,NaN,NaN,NaN,0,0,0,0,4093.32,202,381,376,98.69,22,1986,1980,99.7,571.2,3851,61,1.58,3910,3896,99.64
09/27/2025,11,5GNR,Florida,143,Jacksonville,UNF_ST_JOHNS_BLUFF_RD,1431052,0,0,0,0,NaN,0,0,0,NaN,0,NaN,0,0,NaN,0,0,NaN,NaN,NaN,NaN,NaN,NaN,NaN,NaN,0,0,0,0,4093.32,202,381,376,98.69,22,1986,1980,99.7,571.2,3851,61,1.58,3910,3896,99.64
09/27/2025,11,5GNR,Florida,143,Jacksonville,UNF_ST_JOHNS_BLUFF_RD,1431053,0,0,0,0,NaN,0,0,0,NaN,0,NaN,0,0,NaN,0,0,NaN,NaN,NaN,NaN,NaN,NaN,NaN,NaN,0,0,0,0,4093.32,202,381,376,98.69,22,1986,1980,99.7,571.2,3851,61,1.58,3910,3896,99.64
09/27/2025,11,5GNR,Florida,143,Jacksonville,UNF_ST_JOHNS_BLUFF_RD,1431054,0,0,0,0,NaN,0,0,0,NaN,0,NaN,0,0,NaN,0,0,NaN,NaN,NaN,NaN,NaN,NaN,NaN,NaN,0,0,0,0,4093.32,202,381,376,98.69,22,1986,1980,99.7,571.2,3851,61,1.58,3910,3896,99.64
09/27/2025,11,5GNR,Florida,143,Jacksonville,UNF_ST_JOHNS_BLUFF_RD,1437286,0,0,0,0,NaN,0,0,0,NaN,0,NaN,0,0,NaN,0,0,NaN,NaN,NaN,NaN,NaN,NaN,NaN,NaN,0,0,0,0,4093.32,202,381,376,98.69,22,1986,1980,99.7,571.2,3851,61,1.58,3910,3896,99.64
09/27/2025,11,5GNR,Florida,143,Jacksonville,UNF_ST_JOHNS_BLUFF_RD,1439286,0,0,0,0,NaN,0,0,0,NaN,0,NaN,0,0,NaN,0,0,NaN,NaN,NaN,NaN,NaN,NaN,NaN,NaN,0,0,0,0,4093.32,202,381,376,98.69,22,1986,1980,99.7,571.2,3851,61,1.58,3910,3896,99.64
09/27/2025,11,5GNR,Florida,143,Jacksonville,VAUSE,1439407,0,0,0,0,NaN,0,0,0,NaN,0,NaN,0,0,NaN,0,0,NaN,NaN,NaN,NaN,NaN,NaN,NaN,NaN,0,0,0,0,4093.32,202,381,376,98.69,22,1986,1980,99.7,571.2,3851,61,1.58,3910,3896,99.64
09/27/2025,11,5GNR,Florida,143,Jacksonville,VENETIA_PLAZA,1439974,0,0,0,0,NaN,0,0,0,NaN,0,NaN,0,0,NaN,0,0,NaN,NaN,NaN,NaN,NaN,NaN,NaN,NaN,0,0,0,0,4093.32,202,381,376,98.69,22,1986,1980,99.7,571.2,3851,61,1.58,3910,3896,99.64
09/27/2025,11,5GNR,Florida,143,Jacksonville,VENTURE_GREEN_COVE,1437257,0,0,0,0,NaN,0,0,0,NaN,0,NaN,0,0,NaN,0,0,NaN,NaN,NaN,NaN,NaN,NaN,NaN,NaN,0,0,0,0,4093.32,202,381,376,98.69,22,1986,1980,99.7,571.2,3851,61,1.58,3910,3896,99.64
09/27/2025,11,5GNR,Florida,143,Jacksonville,VENTURE_GREEN_COVE,1439257,0,0,0,0,NaN,0,0,0,NaN,0,NaN,0,0,NaN,0,0,NaN,NaN,NaN,NaN,NaN,NaN,NaN,NaN,0,0,0,0,4093.32,202,381,376,98.69,22,1986,1980,99.7,571.2,3851,61,1.58,3910,3896,99.64
09/27/2025,11,5GNR,Florida,143,Jacksonville,VERTEX_WEST_HAMILTON,1439319,0,0,0,0,NaN,0,0,0,NaN,0,NaN,0,0,NaN,0,0,NaN,NaN,NaN,NaN,NaN,NaN,NaN,NaN,0,0,0,0,4093.32,202,381,376,98.69,22,1986,1980,99.7,571.2,3851,61,1.58,3910,3896,99.64
09/27/2025,11,5GNR,Florida,143,Jacksonville,VERTIKAL_PINE_ISLAND,1437528,0,0,0,0,NaN,0,0,0,NaN,0,NaN,0,0,NaN,0,0,NaN,NaN,NaN,NaN,NaN,NaN,NaN,NaN,0,0,0,0,4093.32,202,381,376,98.69,22,1986,1980,99.7,571.2,3851,61,1.58,3910,3896,99.64
09/27/2025,11,5GNR,Florida,143,Jacksonville,VERTIKAL_PINE_ISLAND,1439528,0,0,0,0,NaN,0,0,0,NaN,0,NaN,0,0,NaN,0,0,NaN,NaN,NaN,NaN,NaN,NaN,NaN,NaN,0,0,0,0,4093.32,202,381,376,98.69,22,1986,1980,99.7,571.2,3851,61,1.58,3910,3896,99.64
09/27/2025,11,5GNR,Florida,143,Jacksonville,VERTIKAL_WELAKA,1437548,0,0,0,0,NaN,0,0,0,NaN,0,NaN,0,0,NaN,0,0,NaN,NaN,NaN,NaN,NaN,NaN,NaN,NaN,0,0,0,0,4093.32,202,381,376,98.69,22,1986,1980,99.7,571.2,3851,61,1.58,3910,3896,99.64
09/27/2025,11,5GNR,Florida,143,Jacksonville,VERTIKAL_WELAKA,1439548,0,0,0,0,NaN,0,0,0,NaN,0,NaN,0,0,NaN,0,0,NaN,NaN,NaN,NaN,NaN,NaN,NaN,NaN,0,0,0,0,4093.32,202,381,376,98.69,22,1986,1980,99.7,571.2,3851,61,1.58,3910,3896,99.64
09/27/2025,11,5GNR,Florida,143,Jacksonville,VW_DOWNTOWN_JAX,1437273,0,0,0,0,NaN,0,0,0,NaN,0,NaN,0,0,NaN,0,0,NaN,NaN,NaN,NaN,NaN,NaN,NaN,NaN,0,0,0,0,4093.32,202,381,376,98.69,22,1986,1980,99.7,571.2,3851,61,1.58,3910,3896,99.64
09/27/2025,11,5GNR,Florida,143,Jacksonville,VW_DOWNTOWN_JAX,4439273,0,0,0,0,NaN,0,0,0,NaN,0,NaN,0,0,NaN,0,0,NaN,NaN,NaN,NaN,NaN,NaN,NaN,NaN,0,0,0,0,4093.32,202,381,376,98.69,22,1986,1980,99.7,571.2,3851,61,1.58,3910,3896,99.64
09/27/2025,11,5GNR,Florida,143,Jacksonville,VZ_STORE_GSM,1431350,0,0,0,0,NaN,0,0,0,NaN,0,NaN,0,0,NaN,0,0,NaN,NaN,NaN,NaN,NaN,NaN,NaN,NaN,0,0,0,0,4093.32,202,381,376,98.69,22,1986,1980,99.7,571.2,3851,61,1.58,3910,3896,99.64
09/27/2025,11,5GNR,Florida,143,Jacksonville,VZ_STORE_GSM,1431351,0,0,0,0,NaN,0,0,0,NaN,0,NaN,0,0,NaN,0,0,NaN,NaN,NaN,NaN,NaN,NaN,NaN,NaN,0,0,0,0,4093.32,202,381,376,98.69,22,1986,1980,99.7,571.2,3851,61,1.58,3910,3896,99.64
09/27/2025,11,5GNR,Florida,143,Jacksonville,VZ_STORE_GSM,1431352,0,0,0,0,NaN,0,0,0,NaN,0,NaN,0,0,NaN,0,0,NaN,NaN,NaN,NaN,NaN,NaN,NaN,NaN,0,0,0,0,4093.32,202,381,376,98.69,22,1986,1980,99.7,571.2,3851,61,1.58,3910,3896,99.64
09/27/2025,11,5GNR,Florida,143,Jacksonville,WAKULLA_SPRINGS_TALQUIN,1439870,0,0,0,0,NaN,0,0,0,NaN,0,NaN,0,0,NaN,0,0,NaN,NaN,NaN,NaN,NaN,NaN,NaN,NaN,0,0,0,0,4093.32,202,381,376,98.69,22,1986,1980,99.7,571.2,3851,61,1.58,3910,3896,99.64
09/27/2025,11,5GNR,Florida,143,Jacksonville,WATERS_DEERLAKE,1439802,0,0,0,0,NaN,0,0,0,NaN,0,NaN,0,0,NaN,0,0,NaN,NaN,NaN,NaN,NaN,NaN,NaN,NaN,0,0,0,0,4093.32,202,381,376,98.69,22,1986,1980,99.7,571.2,3851,61,1.58,3910,3896,99.64
09/27/2025,11,5GNR,Florida,143,Jacksonville,WEEDMAN,1439247,0,0,0,0,NaN,0,0,0,NaN,0,NaN,0,0,NaN,0,0,NaN,NaN,NaN,NaN,NaN,NaN,NaN,NaN,0,0,0,0,4093.32,202,381,376,98.69,22,1986,1980,99.7,571.2,3851,61,1.58,3910,3896,99.64
09/27/2025,11,5GNR,Florida,143,Jacksonville,WEEDMAN,4439247,0,0,0,0,NaN,0,0,0,NaN,0,NaN,0,0,NaN,0,0,NaN,NaN,NaN,NaN,NaN,NaN,NaN,NaN,0,0,0,0,4093.32,202,381,376,98.69,22,1986,1980,99.7,571.2,3851,61,1.58,3910,3896,99.64
09/27/2025,11,5GNR,Florida,143,Jacksonville,WEINAUG_WOODLANDS,1437519,0,0,0,0,NaN,0,0,0,NaN,0,NaN,0,0,NaN,0,0,NaN,NaN,NaN,NaN,NaN,NaN,NaN,NaN,0,0,0,0,4093.32,202,381,376,98.69,22,1986,1980,99.7,571.2,3851,61,1.58,3910,3896,99.64
09/27/2025,11,5GNR,Florida,143,Jacksonville,WEINAUG_WOODLANDS,1439519,0,0,0,0,NaN,0,0,0,NaN,0,NaN,0,0,NaN,0,0,NaN,NaN,NaN,NaN,NaN,NaN,NaN,NaN,0,0,0,0,4093.32,202,381,376,98.69,22,1986,1980,99.7,571.2,3851,61,1.58,3910,3896,99.64
09/27/2025,11,5GNR,Florida,143,Jacksonville,WEINAUG_WOODLANDS,4439519,0,0,0,0,NaN,0,0,0,NaN,0,NaN,0,0,NaN,0,0,NaN,NaN,NaN,NaN,NaN,NaN,NaN,NaN,0,0,0,0,4093.32,202,381,376,98.69,22,1986,1980,99.7,571.2,3851,61,1.58,3910,3896,99.64
09/27/2025,11,5GNR,Florida,143,Jacksonville,WELLBORN,1439614,0,0,0,0,NaN,0,0,0,NaN,0,NaN,0,0,NaN,0,0,NaN,NaN,NaN,NaN,NaN,NaN,NaN,NaN,0,0,0,0,4093.32,202,381,376,98.69,22,1986,1980,99.7,571.2,3851,61,1.58,3910,3896,99.64
09/27/2025,11,5GNR,Florida,143,Jacksonville,WEST_MCCORMIC,1437334,0,0,0,0,NaN,0,0,0,NaN,0,NaN,0,0,NaN,0,0,NaN,NaN,NaN,NaN,NaN,NaN,NaN,NaN,0,0,0,0,4093.32,202,381,376,98.69,22,1986,1980,99.7,571.2,3851,61,1.58,3910,3896,99.64
09/27/2025,11,5GNR,Florida,143,Jacksonville,WEST_MCCORMIC,1439334,0,0,0,0,NaN,0,0,0,NaN,0,NaN,0,0,NaN,0,0,NaN,NaN,NaN,NaN,NaN,NaN,NaN,NaN,0,0,0,0,4093.32,202,381,376,98.69,22,1986,1980,99.7,571.2,3851,61,1.58,3910,3896,99.64
09/27/2025,11,5GNR,Florida,143,Jacksonville,WHITE_SPRINGS,1439603,0,0,0,0,NaN,0,0,0,NaN,0,NaN,0,0,NaN,0,0,NaN,NaN,NaN,NaN,NaN,NaN,NaN,NaN,0,0,0,0,4093.32,202,381,376,98.69,22,1986,1980,99.7,571.2,3851,61,1.58,3910,3896,99.64
09/27/2025,11,5GNR,Florida,143,Jacksonville,WILLIAMS,1439672,0,0,0,0,NaN,0,0,0,NaN,0,NaN,0,0,NaN,0,0,NaN,NaN,NaN,NaN,NaN,NaN,NaN,NaN,0,0,0,0,4093.32,202,381,376,98.69,22,1986,1980,99.7,571.2,3851,61,1.58,3910,3896,99.64
09/27/2025,11,5GNR,Florida,143,Jacksonville,WILLIAMSON_NORTH_FORT_WHITE,1439447,0,0,0,0,NaN,0,0,0,NaN,0,NaN,0,0,NaN,0,0,NaN,NaN,NaN,NaN,NaN,NaN,NaN,NaN,0,0,0,0,4093.32,202,381,376,98.69,22,1986,1980,99.7,571.2,3851,61,1.58,3910,3896,99.64
09/27/2025,11,5GNR,Florida,143,Jacksonville,WILLIFORD,1439937,0,0,0,0,NaN,0,0,0,NaN,0,NaN,0,0,NaN,0,0,NaN,NaN,NaN,NaN,NaN,NaN,NaN,NaN,0,0,0,0,4093.32,202,381,376,98.69,22,1986,1980,99.7,571.2,3851,61,1.58,3910,3896,99.64
09/27/2025,11,5GNR,Florida,143,Jacksonville,WOODMONT,1439820,0,0,0,0,NaN,0,0,0,NaN,0,NaN,0,0,NaN,0,0,NaN,NaN,NaN,NaN,NaN,NaN,NaN,NaN,0,0,0,0,4093.32,202,381,376,98.69,22,1986,1980,99.7,571.2,3851,61,1.58,3910,3896,99.64
09/27/2025,11,5GNR,Florida,143,Jacksonville,WOODRUN,1439811,0,0,0,0,NaN,0,0,0,NaN,0,NaN,0,0,NaN,0,0,NaN,NaN,NaN,NaN,NaN,NaN,NaN,NaN,0,0,0,0,4093.32,202,381,376,98.69,22,1986,1980,99.7,571.2,3851,61,1.58,3910,3896,99.64
09/27/2025,11,5GNR,Florida,143,Jacksonville,WOODVILLE,1439851,0,0,0,0,NaN,0,0,0,NaN,0,NaN,0,0,NaN,0,0,NaN,NaN,NaN,NaN,NaN,NaN,NaN,NaN,0,0,0,0,4093.32,202,381,376,98.69,22,1986,1980,99.7,571.2,3851,61,1.58,3910,3896,99.64
09/27/2025,11,5GNR,Florida,143,Jacksonville,YOUNG_MIDDLEBURG,1437217,0,0,0,0,NaN,0,0,0,NaN,0,NaN,0,0,NaN,0,0,NaN,NaN,NaN,NaN,NaN,NaN,NaN,NaN,0,0,0,0,4093.32,202,381,376,98.69,22,1986,1980,99.7,571.2,3851,61,1.58,3910,3896,99.64
09/27/2025,11,5GNR,Florida,143,Jacksonville,YOUNG_MIDDLEBURG,1439217,0,0,0,0,NaN,0,0,0,NaN,0,NaN,0,0,NaN,0,0,NaN,NaN,NaN,NaN,NaN,NaN,NaN,NaN,0,0,0,0,4093.32,202,381,376,98.69,22,1986,1980,99.7,571.2,3851,61,1.58,3910,3896,99.64
Total,*,*,*,*,*,*,*,4093.32,214,381,376,98.69,21,1978,1978,100,571.2,99.67,3897,3910,1.58,61,3850,101.02,12.89,1.85,1.09,2.75,0.14,100,NaN,214.0,3910.0,38152.520000000004,38048.72,8739238.200000256,431270.0,813435,802760,98.69,22,4240110.0,4227300.0,212859.50000000684,1219511.9999999509,8221885,130235,1.58,8347850,8317960,99.64
