DAY,HR,5G,REGION,MARKET,MARKET_DESC,SITE,GNB,DUNAME,DU,SECTOR,5GNR_ENDC_Drop%,5GNR_ENDC_Drop_%_num,5GNR_ENDC_Drop_%_den,S5NR_Cell_Availability_%,ErabAddAtt_per_GNB,ErabAddSucc_per_GNB,S5NR_DLMACLayerDataVolume_MB,S5NR_DLPRBUtilization_%,S5NR_DLUserPerceivedTput_Mbps,S5NR_PDCCH_SlotRationBlocking_DL_%,S5NR_PDCCH_SlotRationBlocking_Tot_%,S5NR_PDCCH_SlotRationBlocking_UL_%,S5NR_PUCCH_BLER_%,S5NR_PUCCHAvgSINR_dB,S5NR_PUSCHAvgSINR_dB,S5NR_TotalDLRLCLayerDataVolume_MB,S5NR_TotalERABSetupFailureRate_%,S5NR_TotalULRLCLayerDataVolume_MB,S5NR_ULMACLayerDataVolume_MB,S5NR_ULPRBUtilization_%,S5NR_ULUserPerceivedTput_Mbps,S5NC_DRBDrop_%_SA,S5NC_NRDCAdd_MN_Succ_%_SA,S5NC_NGSetupFailure_%_SA,S5NC_RRCSetupFailure_%_SA,S5NC_EPSFB_IRAT_HO_PrepFailure_%_SA,S5NC_EmergFB_IRAT_HO_Failure_%_SA,S5NC_EPSFB_IRAT_HO_Failure_%_SA,S5NC_DRBSetupFail_%_SA_SNSSAI6,S5NC_DRBSetupFail_%_den_SA_SNSSAI6,S5NC_DRBSetupFail_num_SA_SNSSAI6,S5NC_PDUSetupFail_%_SA_SNSSAI6,S5NC_PDUSetupFail_%_den_SA_SNSSAI6,S5NC_PDUSetupFail_%_num_SA_SNSSAI6,S5ND_AvgAirIfDelay_DL_SA_us_5QI133_SNSSAI6,S5ND_AvgIPLatency_DL_us_5QI133_SNSSAI6,S5ND_AvgRLCDelay_DL_SA_us_5QI133_SNSSAI6,S5ND_AvgRLCDelay_UL_SA_us_5QI133_SNSSAI6,S5ND_AvgUEThpt_SA_Mbps_5QI133_RFSP95_SNSSAI6,S5ND_DLActiveUE_Avg_SNSSAI6,S5ND_DLRLC_SDU_Drop_pmm%_5QI133_SNSSAI6,S5NR_DLPRBUtilization_%_SNSSAI6,S5NU_AvgPDCPDelay_DL_us_Cell_SNSSAI,S5NU_AvgPDCPDelay_DL_us_Cell_5QI133_SNSSAI6,S5NU_AvgPDCPDelay_UL_us_Cell_SNSSAI,S5NU_AvgPDCPDelay_UL_us_Cell_5QI133_SNSSAI6,S5NU_DLPDCP_SDU_DataVolume_MB_5QI133_SNSSAI6,S5NU_ULPDCP_SDU_DataVolume_MB_5QI133_SNSSAI6,RLCDLPKTDISCARDCNTPDCP_5QI133,RLCDLPKTDROPCNTFULLBUF_5QI133,RLCDLPKTRECEIVECNT_5QI133,Sum_DLRLCDataVolume_MB
09/27/2025,09,5GNR,Upstate New York,070,Buffalo,HNRT,0700002,ALLENTOWN-HNRT,0080,80,15.38,4,26,100,29,29,36.34,0.03,67.95,0,0,0,0.36,18.1,12.95,25.78,0,2.87,8.36,0.01,5.28,NaN,NaN,NaN,NaN,NaN,NaN,NaN,NaN,0,0,NaN,0,0,NaN,NaN,NaN,NaN,NaN,NaN,NaN,NaN,NaN,NaN,NaN,NaN,0,0,0,0,0,25.78
09/27/2025,09,5GNR,Upstate New York,070,Buffalo,HNRT,0700002,ALLENTOWN-HNRT,0081,81,6.67,1,15,100,13,13,21.3,0.02,21.58,0.12,0.1,0,4.37,16.28,10.65,12.84,0,0.47,2.51,0,1.06,NaN,NaN,NaN,NaN,NaN,NaN,NaN,NaN,0,0,NaN,0,0,NaN,NaN,NaN,NaN,NaN,NaN,NaN,NaN,NaN,NaN,NaN,NaN,0,0,0,0,0,12.84
09/27/2025,09,5GNR,Upstate New York,070,Buffalo,HNRT,0700002,ALLENTOWN-HNRT,0082,82,0,0,4,100,4,4,2.98,0,240.25,0,0,0,5.69,16.78,10.54,1.94,0,0.05,0.09,0,3.87,NaN,NaN,NaN,NaN,NaN,NaN,NaN,NaN,0,0,NaN,0,0,NaN,NaN,NaN,NaN,NaN,NaN,NaN,NaN,NaN,NaN,NaN,NaN,0,0,0,0,0,1.94
09/27/2025,09,5GNR,Upstate New York,070,Buffalo,HNRT,0700002,AMERICAN_STORAGE-HNRT,0095,95,11.54,3,26,100,29,29,1075.46,0.16,100.91,0.03,0.03,0.01,0.2,17.58,18.63,386.29,0,14.39,50.29,0.03,4.93,NaN,NaN,NaN,NaN,NaN,NaN,NaN,NaN,0,0,NaN,0,0,NaN,NaN,NaN,NaN,NaN,NaN,NaN,NaN,NaN,NaN,NaN,NaN,0,0,0,0,0,442.43
09/27/2025,09,5GNR,Upstate New York,070,Buffalo,HNRT,0700002,AMERICAN_STORAGE-HNRT,0096,96,0,0,12,100,15,15,151.67,0.01,265.34,0,0,0,0.03,18.72,23.28,71.53,0,3.96,18.54,0.01,11.04,NaN,NaN,NaN,NaN,NaN,NaN,NaN,NaN,0,0,NaN,0,0,NaN,NaN,NaN,NaN,NaN,NaN,NaN,NaN,NaN,NaN,NaN,NaN,0,0,0,0,0,71.53
09/27/2025,09,5GNR,Upstate New York,070,Buffalo,HNRT,0700002,AMERICAN_STORAGE-HNRT,0097,97,11.11,1,9,100,13,13,10319.44,0.59,271.62,0.01,0.01,0,0.12,17.13,20.18,3833.73,0,220.61,519.62,0.12,36.06,NaN,NaN,NaN,NaN,NaN,NaN,NaN,NaN,0,0,NaN,0,0,NaN,NaN,NaN,NaN,NaN,NaN,NaN,NaN,NaN,NaN,NaN,NaN,0,0,0,0,0,3962.28
09/27/2025,09,5GNR,Upstate New York,070,Buffalo,HNRT,0700002,ARGYLE_PARK-HNRT,0086,86,0,0,2,100,2,2,97.24,0.06,32.07,0,0,0,3.78,16.51,9.53,2.36,0,0.07,1.5,0,0.47,NaN,NaN,NaN,NaN,NaN,NaN,NaN,NaN,0,0,NaN,0,0,NaN,NaN,NaN,NaN,NaN,NaN,NaN,NaN,NaN,NaN,NaN,NaN,0,0,0,0,0,72.11
09/27/2025,09,5GNR,Upstate New York,070,Buffalo,HNRT,0700002,ARGYLE_PARK-HNRT,0087,87,0,0,2,100,2,2,32.32,0.01,31.91,0,0,0,0.41,17.05,15.9,0.13,0,0.06,1.17,0,6.92,NaN,NaN,NaN,NaN,NaN,NaN,NaN,NaN,0,0,NaN,0,0,NaN,NaN,NaN,NaN,NaN,NaN,NaN,NaN,NaN,NaN,NaN,NaN,0,0,0,0,0,17.02
09/27/2025,09,5GNR,Upstate New York,070,Buffalo,HNRT,0700002,ARGYLE_PARK-HNRT,0088,88,0,0,1,100,1,1,1.43,0,23.96,0,0.04,0.06,9.5,15.6,2.95,0.3,0,0.19,0.31,0,0.25,NaN,NaN,NaN,NaN,NaN,NaN,NaN,NaN,0,0,NaN,0,0,NaN,NaN,NaN,NaN,NaN,NaN,NaN,NaN,NaN,NaN,NaN,NaN,0,0,0,0,0,0.97
09/27/2025,09,5GNR,Upstate New York,070,Buffalo,HNRT,0700002,BAILEY CLINTON-HNRT,0047,47,10.43,12,115,100,93,93,458.34,0.18,23.75,0.1,0.1,0.13,9.7,16.31,12.74,101.15,0,9.46,23.55,0.03,3.31,NaN,NaN,NaN,NaN,NaN,NaN,NaN,NaN,0,0,NaN,0,0,NaN,NaN,NaN,NaN,NaN,NaN,NaN,NaN,NaN,NaN,NaN,NaN,0,0,0,0,0,295.03
09/27/2025,09,5GNR,Upstate New York,070,Buffalo,HNRT,0700002,BAILEY CLINTON-HNRT,0048,48,7.55,4,53,100,43,43,279.16,0.11,90.44,0.03,0.02,0,2.07,16.75,12.67,129.31,0,5.09,11.58,0.01,4.11,NaN,NaN,NaN,NaN,NaN,NaN,NaN,NaN,0,0,NaN,0,0,1458.33,54750,28937.5,NaN,10.35,NaN,0,NaN,NaN,0,NaN,0,0.15,0.04,0,0,0,185.36
09/27/2025,09,5GNR,Upstate New York,070,Buffalo,HNRT,0700002,BAILEY CLINTON-HNRT,0049,49,8.82,9,102,100,71,70,449.7,0.19,76.12,0.08,0.08,0.06,15.3,16.2,10.59,303.14,1.41,6.16,13.89,0.03,0.91,NaN,NaN,NaN,NaN,NaN,NaN,NaN,NaN,0,0,NaN,0,0,NaN,NaN,NaN,NaN,NaN,NaN,NaN,NaN,NaN,NaN,NaN,NaN,0,0,0,0,0,345.08
09/27/2025,09,5GNR,Upstate New York,070,Buffalo,HNRT,0700002,BAILEY-33-HNRT,0016,16,0,0,13,100,10,8,371.94,0.1,92.48,0,0,0,0.64,15.91,8.2,189.6,20,7.77,14.4,0.02,2.02,NaN,NaN,NaN,NaN,NaN,NaN,NaN,NaN,0,0,NaN,0,0,NaN,NaN,NaN,NaN,NaN,NaN,NaN,NaN,NaN,NaN,NaN,NaN,0,0,0,0,0,219.72
09/27/2025,09,5GNR,Upstate New York,070,Buffalo,HNRT,0700002,BAILEY-33-HNRT,0017,17,12.9,4,31,100,25,25,499.4,0.08,132.94,0.07,0.07,0.06,0.76,17.05,16.09,189.17,0,20.53,78.75,0.04,19.22,NaN,NaN,NaN,NaN,NaN,NaN,NaN,NaN,0,0,NaN,0,0,NaN,NaN,NaN,NaN,NaN,NaN,NaN,NaN,NaN,NaN,NaN,NaN,0,0,0,0,0,226.05
09/27/2025,09,5GNR,Upstate New York,070,Buffalo,HNRT,0700002,BAILEY-33-HNRT,0018,18,NaN,0,0,100,0,0,6.05,0,NaN,0,0,0,1.19,16.53,11.18,0,NaN,0,0.12,0,NaN,NaN,NaN,NaN,NaN,NaN,NaN,NaN,NaN,0,0,NaN,0,0,NaN,NaN,NaN,NaN,NaN,NaN,NaN,NaN,NaN,NaN,NaN,NaN,0,0,0,0,0,4.13
09/27/2025,09,5GNR,Upstate New York,070,Buffalo,HNRT,0700002,BILLS LOT 1 TEMP 24-HNRT,0142,142,NaN,0,0,87.14,0,0,0,0,NaN,NaN,NaN,NaN,NaN,0,0,0,NaN,0,0,0,NaN,NaN,NaN,NaN,NaN,NaN,NaN,NaN,NaN,0,0,NaN,0,0,NaN,NaN,NaN,NaN,NaN,NaN,NaN,NaN,NaN,NaN,NaN,NaN,0,0,0,0,0,0
09/27/2025,09,5GNR,Upstate New York,070,Buffalo,HNRT,0700002,BILLS LOT 1 TEMP 24-HNRT,0143,143,25,1,4,87.03,4,4,6.97,0,60.7,0,0,0,1.18,15.25,12.15,4.61,0,0.42,0.88,0,8.73,NaN,NaN,NaN,NaN,NaN,NaN,NaN,NaN,0,0,NaN,0,0,NaN,NaN,NaN,NaN,NaN,NaN,NaN,NaN,NaN,NaN,NaN,NaN,0,0,0,0,0,4.68
09/27/2025,09,5GNR,Upstate New York,070,Buffalo,HNRT,0700002,BILLS LOT 1 TEMP 24-HNRT,0144,144,0,0,1,85.97,2,2,0.1,0,26.21,0,0,0,0.77,16.18,12.27,0.02,0,0.01,0.07,0,2.58,NaN,NaN,NaN,NaN,NaN,NaN,NaN,NaN,0,0,NaN,0,0,NaN,NaN,NaN,NaN,NaN,NaN,NaN,NaN,NaN,NaN,NaN,NaN,0,0,0,0,0,0.05
09/27/2025,09,5GNR,Upstate New York,070,Buffalo,HNRT,0700002,BILLS LOT 5 TEMP 24-HNRT,0132,132,0,0,45,93.82,46,46,26.35,0.01,44.06,0,0.03,0.13,3.57,15.7,14.44,18.84,0,1.51,2.54,0,4.59,NaN,NaN,NaN,NaN,NaN,NaN,NaN,NaN,0,0,NaN,0,0,NaN,NaN,NaN,NaN,NaN,NaN,NaN,NaN,NaN,NaN,NaN,NaN,0,0,0,0,0,18.93
09/27/2025,09,5GNR,Upstate New York,070,Buffalo,HNRT,0700002,BILLS LOT 5 TEMP 24-HNRT,0133,133,0.97,1,103,97.38,107,107,206.79,0.03,187.32,0,0,0,3.35,15.97,14.73,161.63,0,12.62,16.48,0.01,15.79,NaN,NaN,NaN,NaN,NaN,NaN,NaN,NaN,0,0,NaN,0,0,NaN,NaN,NaN,NaN,NaN,NaN,NaN,NaN,NaN,NaN,NaN,NaN,0,0,0,0,0,161.65
09/27/2025,09,5GNR,Upstate New York,070,Buffalo,HNRT,0700002,BILLS LOT 5 TEMP 24-HNRT,0134,134,3.89,11,283,96.92,281,281,1186.02,0.27,171.77,0.01,0.01,0.01,4.39,15.79,14.66,790.15,0,20.88,48.99,0.04,4.93,NaN,NaN,NaN,NaN,NaN,NaN,NaN,NaN,0,0,NaN,0,0,NaN,NaN,NaN,NaN,NaN,NaN,NaN,NaN,NaN,NaN,NaN,NaN,0,0,0,0,0,871.9
09/27/2025,09,5GNR,Upstate New York,070,Buffalo,HNRT,0700002,BRISBURN-HNRT,0137,137,NaN,0,0,100,0,0,0,0,NaN,NaN,NaN,NaN,NaN,0,0,0,NaN,0,0,0,NaN,NaN,NaN,NaN,NaN,NaN,NaN,NaN,NaN,0,0,NaN,0,0,NaN,NaN,NaN,NaN,NaN,NaN,NaN,NaN,NaN,NaN,NaN,NaN,0,0,0,0,0,0
09/27/2025,09,5GNR,Upstate New York,070,Buffalo,HNRT,0700002,BRISBURN-HNRT,0138,138,14.29,1,7,100,7,7,25.51,0.01,51.87,0,0,0,5.48,14,7.86,15.68,0,0.1,0.78,0,0.9,NaN,NaN,NaN,NaN,NaN,NaN,NaN,NaN,0,0,NaN,0,0,NaN,NaN,NaN,NaN,NaN,NaN,NaN,NaN,NaN,NaN,NaN,NaN,0,0,0,0,0,16.36
09/27/2025,09,5GNR,Upstate New York,070,Buffalo,HNRT,0700002,BRISBURN-HNRT,0139,139,0,0,10,100,10,10,20.41,0.01,31.49,0,0,0,3.77,15.9,10.96,1.1,0,0.17,0.48,0,1.13,NaN,NaN,NaN,NaN,NaN,NaN,NaN,NaN,0,0,NaN,0,0,NaN,NaN,NaN,NaN,NaN,NaN,NaN,NaN,NaN,NaN,NaN,NaN,0,0,0,0,0,15.81
09/27/2025,09,5GNR,Upstate New York,070,Buffalo,HNRT,0700002,BUFFALO_STATE-HNRT,0033,33,10,3,30,100,30,30,317.42,0.09,145.62,0.24,0.39,1.65,2.43,16.48,13.23,209.46,0,4.39,8.3,0.01,3.95,NaN,NaN,NaN,NaN,NaN,NaN,NaN,NaN,0,0,NaN,0,0,NaN,NaN,NaN,NaN,NaN,NaN,NaN,NaN,NaN,NaN,NaN,NaN,0,0,0,0,0,213.35
09/27/2025,09,5GNR,Upstate New York,070,Buffalo,HNRT,0700002,BUFFALO_STATE-HNRT,0034,34,6.67,1,15,100,14,14,12.96,0.01,25.19,0.01,0.01,0,4.21,16.63,11.33,3.77,0,0.21,0.76,0,1.47,NaN,NaN,NaN,NaN,NaN,NaN,NaN,NaN,0,0,NaN,0,0,NaN,NaN,NaN,NaN,NaN,NaN,NaN,NaN,NaN,NaN,NaN,NaN,0,0,0,0,0,8.86
09/27/2025,09,5GNR,Upstate New York,070,Buffalo,HNRT,0700002,BUFFALO_STATE-HNRT,0035,35,4.17,1,24,100,24,24,789.28,0.13,181.99,0,0,0,0.62,17.07,15.34,428.24,0,25.06,62.47,0.04,9.93,NaN,NaN,NaN,NaN,NaN,NaN,NaN,NaN,0,0,NaN,0,0,NaN,NaN,NaN,NaN,NaN,NaN,NaN,NaN,NaN,NaN,NaN,NaN,0,0,0,0,0,484.22
09/27/2025,09,5GNR,Upstate New York,070,Buffalo,HNRT,0700002,BUFFALO_WATERFRONT-HNRT,0069,69,8.25,8,97,100,88,88,242.18,0.09,79.32,0.04,0.03,0.01,8.03,16.38,12.69,125.57,0,4.36,10.73,0.01,2.52,NaN,NaN,NaN,NaN,NaN,NaN,NaN,NaN,0,0,NaN,0,0,NaN,NaN,NaN,NaN,NaN,NaN,NaN,NaN,NaN,NaN,NaN,NaN,0,0,0,0,0,149.98
09/27/2025,09,5GNR,Upstate New York,070,Buffalo,HNRT,0700002,BUFFALO_WATERFRONT-HNRT,0070,70,5.33,4,75,100,42,42,284.36,0.08,60.02,0.1,0.14,0.3,2.57,16.81,13.41,71.69,0,9.49,22.18,0.03,3.76,NaN,NaN,NaN,NaN,NaN,NaN,NaN,NaN,0,0,NaN,0,0,NaN,NaN,NaN,NaN,NaN,NaN,NaN,NaN,NaN,NaN,NaN,NaN,0,0,0,0,0,147.2
09/27/2025,09,5GNR,Upstate New York,070,Buffalo,HNRT,0700002,CHIPPEWA-HNRT,0120,120,8.57,3,35,100,28,28,354.06,0.08,197.62,0.03,0.02,0,0.82,16.47,13.72,227.48,0,6.82,16.87,0.02,7.41,NaN,NaN,NaN,NaN,NaN,NaN,NaN,NaN,0,0,NaN,0,0,2510.48,17904.07,13467.69,NaN,25.92,NaN,0,NaN,NaN,1376.19,NaN,425.42,9.69,9.53,0,0,0,254.14
09/27/2025,09,5GNR,Upstate New York,070,Buffalo,HNRT,0700002,CHIPPEWA-HNRT,0121,121,7.41,2,27,100,24,24,427.78,0.09,167.97,0.01,0.01,0.01,0.94,16.58,12.72,281.18,0,27.98,56.82,0.04,6.5,NaN,NaN,NaN,NaN,NaN,NaN,NaN,NaN,0,0,NaN,0,0,NaN,NaN,NaN,NaN,NaN,NaN,NaN,NaN,NaN,NaN,NaN,NaN,0,0,0,0,0,287.92
09/27/2025,09,5GNR,Upstate New York,070,Buffalo,HNRT,0700002,CHIPPEWA-HNRT,0122,122,5.13,2,39,100,27,27,293.36,0.08,76.41,0.04,0.04,0.05,1.13,16.36,13.88,74.2,0,18.42,30.38,0.02,17.18,NaN,NaN,NaN,NaN,NaN,NaN,NaN,NaN,0,0,NaN,0,0,NaN,NaN,NaN,NaN,NaN,NaN,NaN,NaN,NaN,NaN,NaN,NaN,0,0,0,0,0,196.17
09/27/2025,09,5GNR,Upstate New York,070,Buffalo,HNRT,0700002,ERIE BASIN-HNRT,0107,107,12.5,3,24,100,14,14,16.66,0,81.73,0,0,0,30.43,17.17,15.09,6.83,0,0.17,0.73,0,3.46,NaN,NaN,NaN,NaN,NaN,NaN,NaN,NaN,0,0,NaN,0,0,NaN,NaN,NaN,NaN,NaN,NaN,NaN,NaN,NaN,NaN,NaN,NaN,0,0,0,0,0,8.27
09/27/2025,09,5GNR,Upstate New York,070,Buffalo,HNRT,0700002,ERIE BASIN-HNRT,0108,108,9.96,27,271,100,214,214,890.03,0.28,59.12,0.11,0.11,0.09,3.27,16.67,13.81,384.84,0,27.76,73.71,0.06,3.15,NaN,NaN,NaN,NaN,NaN,NaN,NaN,NaN,0,0,NaN,0,0,NaN,NaN,NaN,NaN,NaN,NaN,NaN,NaN,NaN,NaN,NaN,NaN,0,0,0,0,0,473.67
09/27/2025,09,5GNR,Upstate New York,070,Buffalo,HNRT,0700002,ERIE BASIN-HNRT,0109,109,8.14,7,86,100,20,20,54.87,0.03,39.47,0.62,0.53,0,4.18,16.5,13.04,24.96,0,0.61,10.68,0.01,13.49,NaN,NaN,NaN,NaN,NaN,NaN,NaN,NaN,0,0,NaN,0,0,NaN,NaN,NaN,NaN,NaN,NaN,NaN,NaN,NaN,NaN,NaN,NaN,0,0,0,0,0,33.98
09/27/2025,09,5GNR,Upstate New York,070,Buffalo,HNRT,0700002,ERIE_COUNTY_FAIRGROUNDS-HNRT,0077,77,11.11,1,9,100,8,8,20.97,0.01,89.11,0.01,0,0,5.33,14.5,10.73,12.36,0,0.29,0.64,0,2.59,NaN,NaN,NaN,NaN,NaN,NaN,NaN,NaN,0,0,NaN,0,0,NaN,NaN,NaN,NaN,NaN,NaN,NaN,NaN,NaN,NaN,NaN,NaN,0,0,0,0,0,12.36
09/27/2025,09,5GNR,Upstate New York,070,Buffalo,HNRT,0700002,ERIE_COUNTY_FAIRGROUNDS-HNRT,0078,78,0,0,2,100,4,4,0.17,0,110.22,0,0,0,10.19,16.18,11.45,0.06,0,0.01,0.03,0,5.14,NaN,NaN,NaN,NaN,NaN,NaN,NaN,NaN,0,0,NaN,0,0,NaN,NaN,NaN,NaN,NaN,NaN,NaN,NaN,NaN,NaN,NaN,NaN,0,0,0,0,0,0.07
09/27/2025,09,5GNR,Upstate New York,070,Buffalo,HNRT,0700002,ERIE_COUNTY_FAIRGROUNDS-HNRT,0079,79,0,0,1,100,1,1,12.92,0,64.72,0,0,0,0.49,16.33,16.01,4.69,0,0.04,0.51,0,17.1,NaN,NaN,NaN,NaN,NaN,NaN,NaN,NaN,0,0,NaN,0,0,NaN,NaN,NaN,NaN,NaN,NaN,NaN,NaN,NaN,NaN,NaN,NaN,0,0,0,0,0,4.75
09/27/2025,09,5GNR,Upstate New York,070,Buffalo,HNRT,0700002,GALLERIA-HNRT,0089,89,0,0,2,100,0,0,973.61,0.22,NaN,0.01,0.01,0.01,0.42,17.33,15.09,0.25,NaN,0,10.15,0.01,8,NaN,NaN,NaN,NaN,NaN,NaN,NaN,NaN,0,0,NaN,0,0,NaN,NaN,NaN,NaN,NaN,NaN,NaN,NaN,NaN,NaN,NaN,NaN,0,0,0,0,0,618.82
09/27/2025,09,5GNR,Upstate New York,070,Buffalo,HNRT,0700002,GALLERIA-HNRT,0090,90,NaN,0,0,100,0,0,113.4,0.04,NaN,0,0,0,8.45,16.98,17.29,0,NaN,0,3.64,0.01,24.79,NaN,NaN,NaN,NaN,NaN,NaN,NaN,NaN,0,0,NaN,0,0,1750,1250,1250,NaN,NaN,NaN,0,NaN,NaN,0,NaN,NaN,0,0,0,0,0,73
09/27/2025,09,5GNR,Upstate New York,070,Buffalo,HNRT,0700002,GALLERIA-HNRT,0091,91,41.67,5,12,100,12,12,30.98,0.02,27.66,0,0,0,12.95,15.83,14.9,4.88,0,0.19,2.54,0.01,7.85,NaN,NaN,NaN,NaN,NaN,NaN,NaN,NaN,0,0,NaN,0,0,1750,28972.22,26113.64,0,NaN,NaN,0,NaN,NaN,0,NaN,NaN,0,0,0,0,0,21.11
09/27/2025,09,5GNR,Upstate New York,070,Buffalo,HNRT,0700002,GATE 45 COLT,0189,189,1.31,2,153,97.39,143,143,280.84,0.06,158.71,0.01,0.01,0,10.04,15.4,14.87,187.83,0,3.79,11.31,0.01,4.81,NaN,NaN,NaN,NaN,NaN,NaN,NaN,NaN,0,0,NaN,0,0,NaN,NaN,NaN,NaN,NaN,NaN,NaN,NaN,NaN,NaN,NaN,NaN,0,0,0,0,0,201.41
09/27/2025,09,5GNR,Upstate New York,070,Buffalo,HNRT,0700002,HAZELTINE-HNRT,0044,44,3.03,1,33,100,9,9,165.44,0.05,101.8,0.09,0.08,0.05,5.62,17.1,15.27,39.1,0,0.9,12.64,0.01,4.97,NaN,NaN,NaN,NaN,NaN,NaN,NaN,NaN,0,0,NaN,0,0,NaN,NaN,NaN,NaN,NaN,NaN,NaN,NaN,NaN,NaN,NaN,NaN,0,0,0,0,0,93.81
09/27/2025,09,5GNR,Upstate New York,070,Buffalo,HNRT,0700002,HAZELTINE-HNRT,0045,45,1.74,2,115,100,101,101,909.3,0.19,126.09,0.13,0.11,0.02,1.81,16.88,16.24,337.11,0,26.79,65.14,0.04,7.23,NaN,NaN,NaN,NaN,NaN,NaN,NaN,NaN,0,0,NaN,0,0,NaN,NaN,NaN,NaN,NaN,NaN,NaN,NaN,NaN,NaN,NaN,NaN,0,0,0,0,0,524.79
09/27/2025,09,5GNR,Upstate New York,070,Buffalo,HNRT,0700002,HAZELTINE-HNRT,0046,46,7.5,6,80,100,78,78,452.71,0.12,66.5,0,0,0,1.91,16.98,14.24,201.27,0,30.07,58.08,0.05,6.44,NaN,NaN,NaN,NaN,NaN,NaN,NaN,NaN,0,0,NaN,0,0,NaN,NaN,NaN,NaN,NaN,NaN,NaN,NaN,NaN,NaN,NaN,NaN,0,0,0,0,0,221.97
09/27/2025,09,5GNR,Upstate New York,070,Buffalo,HNRT,0700002,HOTEL_LAFAYETTE_DB-HNRT,0066,66,13.01,16,123,100,103,102,394.72,0.13,74.71,0.03,0.03,0.07,3.5,16.67,12.37,135.76,0.97,7.77,22.57,0.03,3.68,NaN,NaN,NaN,NaN,NaN,NaN,NaN,NaN,0,0,NaN,0,0,NaN,NaN,NaN,NaN,NaN,NaN,NaN,NaN,NaN,NaN,NaN,NaN,0,0,0,0,0,259.39
09/27/2025,09,5GNR,Upstate New York,070,Buffalo,HNRT,0700002,HOTEL_LAFAYETTE_DB-HNRT,0067,67,15.28,22,144,100,113,113,2585.76,0.32,155.05,0.04,0.04,0.05,0.27,17.7,17.71,1092.4,0,377.72,645.63,0.19,29.84,NaN,NaN,NaN,NaN,NaN,NaN,NaN,NaN,0,0,NaN,0,0,NaN,NaN,NaN,NaN,NaN,NaN,NaN,NaN,NaN,NaN,NaN,NaN,0,0,0,0,0,1170.93
09/27/2025,09,5GNR,Upstate New York,070,Buffalo,HNRT,0700002,HOTEL_LAFAYETTE_DB-HNRT,0068,68,2.7,2,74,100,64,64,534,0.18,76.88,0.07,0.08,0.11,2.05,16.95,15.53,211.48,0,70.61,127.19,0.09,10.09,NaN,NaN,NaN,NaN,NaN,NaN,NaN,NaN,0,0,NaN,0,0,NaN,NaN,NaN,NaN,NaN,NaN,NaN,NaN,NaN,NaN,NaN,NaN,0,0,0,0,0,282.13
09/27/2025,09,5GNR,Upstate New York,070,Buffalo,HNRT,0700002,KENILWORTH-HNRT,0001,1,16.67,1,6,100,4,4,312.44,0.06,71.75,0,0,0,0.47,16.61,11.78,2.3,0,0.71,10.11,0.03,6.1,NaN,NaN,NaN,NaN,NaN,NaN,NaN,NaN,0,0,NaN,0,0,1766,1845.62,1749.05,NaN,136.22,NaN,0,NaN,NaN,4095.68,NaN,0,225.81,2.22,0,0,0,174.74
09/27/2025,09,5GNR,Upstate New York,070,Buffalo,HNRT,0700002,KENILWORTH-HNRT,0002,2,9.09,2,22,100,21,21,511.48,0.29,58.09,0.03,0.03,0.01,3.05,15.88,14.89,37.29,0,3.46,10.63,0.03,1.48,NaN,NaN,NaN,NaN,NaN,NaN,NaN,NaN,0,0,NaN,0,0,1500,15500,15500,NaN,NaN,NaN,0,NaN,NaN,NaN,NaN,NaN,0,0,0,0,0,394.08
09/27/2025,09,5GNR,Upstate New York,070,Buffalo,HNRT,0700002,KENILWORTH-HNRT,0003,3,NaN,0,0,100,0,0,16.49,0.02,NaN,0,0,0,2.77,15.86,8.4,0,NaN,0,0.11,0,0.51,NaN,NaN,NaN,NaN,NaN,NaN,NaN,NaN,0,0,NaN,0,0,NaN,NaN,NaN,NaN,NaN,NaN,NaN,NaN,NaN,NaN,NaN,NaN,0,0,0,0,0,12.31
09/27/2025,09,5GNR,Upstate New York,070,Buffalo,HNRT,0700002,KENSINGTON-HNRT,0004,4,NaN,0,0,100,0,0,1.8,0,NaN,0,0,0,6.82,16.47,14.44,0,NaN,0,0.1,0,65.54,NaN,NaN,NaN,NaN,NaN,NaN,NaN,NaN,0,0,NaN,0,0,NaN,NaN,NaN,NaN,NaN,NaN,NaN,NaN,NaN,NaN,NaN,NaN,0,0,0,0,0,1.04
09/27/2025,09,5GNR,Upstate New York,070,Buffalo,HNRT,0700002,KENSINGTON-HNRT,0005,5,NaN,0,0,100,0,0,0.73,0,NaN,0,0,0,4.99,16.77,18.8,0,NaN,0,0.05,0,NaN,NaN,NaN,NaN,NaN,NaN,NaN,NaN,NaN,0,0,NaN,0,0,NaN,NaN,NaN,NaN,NaN,NaN,NaN,NaN,NaN,NaN,NaN,NaN,0,0,0,0,0,0.46
09/27/2025,09,5GNR,Upstate New York,070,Buffalo,HNRT,0700002,KENSINGTON-HNRT,0006,6,NaN,0,0,100,0,0,13.67,0.01,NaN,0,0,0,1.02,17.04,14.66,0,NaN,0,0.66,0,8.2,NaN,NaN,NaN,NaN,NaN,NaN,NaN,NaN,0,0,NaN,0,0,NaN,NaN,NaN,NaN,NaN,NaN,NaN,NaN,NaN,NaN,NaN,NaN,0,0,0,0,0,8.03
09/27/2025,09,5GNR,Upstate New York,070,Buffalo,HNRT,0700002,LOCKPORT_ROAD-HNRT,0110,110,18.18,4,22,100,21,21,37.45,0.02,19.03,0.04,0.04,0.03,10.57,15.91,12.84,16.05,0,1.61,3.23,0,2.51,NaN,NaN,NaN,NaN,NaN,NaN,NaN,NaN,0,0,NaN,0,0,NaN,NaN,NaN,NaN,NaN,NaN,NaN,NaN,NaN,NaN,NaN,NaN,0,0,0,0,0,25.95
09/27/2025,09,5GNR,Upstate New York,070,Buffalo,HNRT,0700002,MARYNER_TOWERS-HNRT,0060,60,11.81,15,127,100,112,112,3500.79,0.27,262.79,0.05,0.05,0.02,1.34,17.55,20.37,1896.19,0,74.66,150.92,0.05,10.68,NaN,NaN,NaN,NaN,NaN,NaN,NaN,NaN,0,0,NaN,0,0,NaN,NaN,NaN,NaN,NaN,NaN,NaN,NaN,NaN,NaN,NaN,NaN,0,0,0,0,0,1923.08
09/27/2025,09,5GNR,Upstate New York,070,Buffalo,HNRT,0700002,MARYNER_TOWERS-HNRT,0061,61,14.63,6,41,100,22,22,4684.38,1.42,103.53,0.14,0.12,0.02,0.36,17.55,13.99,3095.85,0,342.78,490.2,0.28,9.61,NaN,NaN,NaN,NaN,NaN,NaN,NaN,NaN,0,0,NaN,0,0,NaN,NaN,NaN,NaN,NaN,NaN,NaN,NaN,NaN,NaN,NaN,NaN,0,0,0,0,0,3110.87
09/27/2025,09,5GNR,Upstate New York,070,Buffalo,HNRT,0700002,MARYNER_TOWERS-HNRT,0062,62,39.26,106,270,100,212,212,3658.36,1.17,119.74,0.03,0.03,0,0.39,17.76,15.95,2492.64,0,281.02,471.65,0.18,22.08,NaN,NaN,NaN,NaN,NaN,NaN,NaN,NaN,0,0,NaN,0,0,NaN,NaN,NaN,NaN,NaN,NaN,NaN,NaN,NaN,NaN,NaN,NaN,0,0,0,0,0,2500.51
09/27/2025,09,5GNR,Upstate New York,070,Buffalo,HNRT,0700002,MERCY HOSPITAL-HNRT,0126,126,10.53,2,19,100,19,19,120.57,0.04,120.3,0.29,0.22,0.09,2.72,15.93,13.57,80.89,0,81.19,94.79,0.06,26.98,NaN,NaN,NaN,NaN,NaN,NaN,NaN,NaN,0,0,NaN,0,0,NaN,NaN,NaN,NaN,NaN,NaN,NaN,NaN,NaN,NaN,NaN,NaN,0,0,0,0,0,91.87
09/27/2025,09,5GNR,Upstate New York,070,Buffalo,HNRT,0700002,MERCY HOSPITAL-HNRT,0127,127,14.29,1,7,100,7,7,11.32,0.01,33.91,0.02,0.01,0,5.35,15.59,11.54,6.13,0,14.14,16.2,0.02,12.95,NaN,NaN,NaN,NaN,NaN,NaN,NaN,NaN,0,0,NaN,0,0,NaN,NaN,NaN,NaN,NaN,NaN,NaN,NaN,NaN,NaN,NaN,NaN,0,0,0,0,0,8.05
09/27/2025,09,5GNR,Upstate New York,070,Buffalo,HNRT,0700002,MERCY HOSPITAL-HNRT,0128,128,25,1,4,100,3,3,91.04,0.06,12.22,0,0,0.02,0.17,15.22,9.77,1.3,0,0.19,2.7,0,3.63,NaN,NaN,NaN,NaN,NaN,NaN,NaN,NaN,0,0,NaN,0,0,NaN,NaN,NaN,NaN,NaN,NaN,NaN,NaN,NaN,NaN,NaN,NaN,0,0,0,0,0,72.74
09/27/2025,09,5GNR,Upstate New York,070,Buffalo,HNRT,0700002,MONS_GEARY_HD,0007,7,7.69,1,13,100,15,15,891.15,0.15,187.63,0.03,0.03,0.03,0.22,18.1,13.34,523.13,0,20.72,50.13,0.02,29.45,NaN,NaN,NaN,NaN,NaN,NaN,NaN,NaN,0,0,NaN,0,0,NaN,NaN,NaN,NaN,NaN,NaN,NaN,NaN,NaN,NaN,NaN,NaN,0,0,0,0,0,534.54
09/27/2025,09,5GNR,Upstate New York,070,Buffalo,HNRT,0700002,MONS_GEARY_HD,0008,8,11.76,2,17,100,28,28,81.59,0.03,68.52,0,0,0,0.04,18.59,16.81,31.19,0,32.66,82.07,0.03,34.28,NaN,NaN,NaN,NaN,NaN,NaN,NaN,NaN,0,0,NaN,0,0,NaN,NaN,NaN,NaN,NaN,NaN,NaN,NaN,NaN,NaN,NaN,NaN,0,0,0,0,0,39.58
09/27/2025,09,5GNR,Upstate New York,070,Buffalo,HNRT,0700002,MONS_GEARY_HD,0009,9,100,1,1,100,1,1,71.28,0.02,107.22,0,0,0,0.44,17.28,9.78,10.14,0,0,1.01,0,0,NaN,NaN,NaN,NaN,NaN,NaN,NaN,NaN,0,0,NaN,0,0,NaN,NaN,NaN,NaN,NaN,NaN,NaN,NaN,NaN,NaN,NaN,NaN,0,0,0,0,0,40.26
09/27/2025,09,5GNR,Upstate New York,070,Buffalo,HNRT,0700002,MTSO-HNRT,0030,30,3.7,1,27,100,16,16,184.55,0.1,50.25,0.01,0.01,0.01,3.36,16.15,15.02,51.67,0,1.07,4.7,0.01,1.1,NaN,NaN,NaN,NaN,NaN,NaN,NaN,NaN,0,0,NaN,0,0,NaN,NaN,NaN,NaN,NaN,NaN,NaN,NaN,NaN,NaN,NaN,NaN,0,0,0,0,0,114.53
09/27/2025,09,5GNR,Upstate New York,070,Buffalo,HNRT,0700002,MTSO-HNRT,0031,31,2.84,5,176,100,186,186,1197.44,0.39,112.31,0.05,0.04,0,0.77,17.39,11.65,503.11,0,55.66,98.66,0.11,3.14,NaN,NaN,NaN,NaN,NaN,NaN,NaN,NaN,0,0,NaN,0,0,NaN,NaN,NaN,NaN,NaN,NaN,NaN,NaN,NaN,NaN,NaN,NaN,0,0,0,0,0,785.68
09/27/2025,09,5GNR,Upstate New York,070,Buffalo,HNRT,0700002,MTSO-HNRT,0032,32,4.11,3,73,100,61,61,611.59,0.13,175.94,0.02,0.02,0,1.48,17.13,15.07,271.92,0,28.62,80.54,0.05,20.39,NaN,NaN,NaN,NaN,NaN,NaN,NaN,NaN,0,0,NaN,0,0,NaN,NaN,NaN,NaN,NaN,NaN,NaN,NaN,NaN,NaN,NaN,NaN,0,0,0,0,0,352.39
09/27/2025,09,5GNR,Upstate New York,070,Buffalo,HNRT,0700002,MUSIC ART FESTIVAL TEMP 25 -HNRT,0149,149,4.92,3,61,100,32,32,130.92,0.02,129.81,0,0,0.01,2.06,15.74,13.11,79.09,0,6.26,15.55,0.01,7.6,NaN,NaN,NaN,NaN,NaN,NaN,NaN,NaN,0,0,NaN,0,0,NaN,NaN,NaN,NaN,NaN,NaN,NaN,NaN,NaN,NaN,NaN,NaN,0,0,0,0,0,87.15
09/27/2025,09,5GNR,Upstate New York,070,Buffalo,HNRT,0700002,MUSIC ART FESTIVAL TEMP 25 -HNRT,0150,150,5.41,2,37,100,9,9,23.43,0,210.97,0.01,0.01,0.04,7.32,15.93,15.5,14.08,0,0.51,1.06,0,7.03,NaN,NaN,NaN,NaN,NaN,NaN,NaN,NaN,0,0,NaN,0,0,NaN,NaN,NaN,NaN,NaN,NaN,NaN,NaN,NaN,NaN,NaN,NaN,0,0,0,0,0,14.55
09/27/2025,09,5GNR,Upstate New York,070,Buffalo,HNRT,0700002,NIAGARA_AIRPORT-HNRT,0111,111,0,0,1,100,1,1,1.99,0,35.39,0,0,0,0.52,17.19,15.37,0.13,0,0.1,0.3,0,6.53,NaN,NaN,NaN,NaN,NaN,NaN,NaN,NaN,0,0,NaN,0,0,NaN,NaN,NaN,NaN,NaN,NaN,NaN,NaN,NaN,NaN,NaN,NaN,0,0,0,0,0,1.4
09/27/2025,09,5GNR,Upstate New York,070,Buffalo,HNRT,0700002,NIAGARA_AIRPORT-HNRT,0112,112,10,3,30,100,31,31,5911.2,0.38,200.65,0.01,0.01,0.01,0.28,15.92,23.05,2866.29,0,177.43,618.67,0.13,12.51,NaN,NaN,NaN,NaN,NaN,NaN,NaN,NaN,0,0,NaN,0,0,NaN,NaN,NaN,NaN,NaN,NaN,NaN,NaN,NaN,NaN,NaN,NaN,0,0,0,0,0,2867.46
09/27/2025,09,5GNR,Upstate New York,070,Buffalo,HNRT,0700002,NIAGARA_AIRPORT-HNRT,0113,113,6,6,100,100,110,110,98.29,0.04,115.43,0,0.01,0.02,5.84,13.25,13.35,60.91,0,2.34,6.29,0.01,3.77,NaN,NaN,NaN,NaN,NaN,NaN,NaN,NaN,0,0,NaN,0,0,NaN,NaN,NaN,NaN,NaN,NaN,NaN,NaN,NaN,NaN,NaN,NaN,0,0,0,0,0,69.99
09/27/2025,09,5GNR,Upstate New York,070,Buffalo,HNRT,0700002,OKELL ST-HNRT,0019,19,25,1,4,100,4,4,3.73,0,29.03,0,0,0,2.08,16.38,9.85,1.54,0,0.11,0.3,0,2.31,NaN,NaN,NaN,NaN,NaN,NaN,NaN,NaN,0,0,NaN,0,0,NaN,NaN,NaN,NaN,NaN,NaN,NaN,NaN,NaN,NaN,NaN,NaN,0,0,0,0,0,1.72
09/27/2025,09,5GNR,Upstate New York,070,Buffalo,HNRT,0700002,OKELL ST-HNRT,0020,20,12.5,3,24,100,19,19,73.65,0.03,36.55,0,0,0,1.75,16.98,15.62,22.12,0,1.53,5.73,0,2.79,NaN,NaN,NaN,NaN,NaN,NaN,NaN,NaN,0,0,NaN,0,0,NaN,NaN,NaN,NaN,NaN,NaN,NaN,NaN,NaN,NaN,NaN,NaN,0,0,0,0,0,43.02
09/27/2025,09,5GNR,Upstate New York,070,Buffalo,HNRT,0700002,OKELL ST-HNRT,0021,21,0,0,14,100,13,13,151.98,0.05,67.61,0.01,0,0,0.73,17.03,14.22,40.17,0,4.79,9.99,0.01,7.05,NaN,NaN,NaN,NaN,NaN,NaN,NaN,NaN,0,0,NaN,0,0,NaN,NaN,NaN,NaN,NaN,NaN,NaN,NaN,NaN,NaN,NaN,NaN,0,0,0,0,0,71.77
09/27/2025,09,5GNR,Upstate New York,070,Buffalo,HNRT,0700002,PARKER_BLVD-HNRT,0063,63,3.03,3,99,100,86,86,2102.79,0.44,225.03,0.02,0.02,0.02,3.94,16.98,14.08,1347.84,0,26.93,68.48,0.06,4.27,NaN,NaN,NaN,NaN,NaN,NaN,NaN,NaN,0,0,NaN,0,0,NaN,NaN,NaN,NaN,NaN,NaN,NaN,NaN,NaN,NaN,NaN,NaN,0,0,0,0,0,1361.15
09/27/2025,09,5GNR,Upstate New York,070,Buffalo,HNRT,0700002,PARKER_BLVD-HNRT,0064,64,6.85,5,73,100,54,54,204.37,0.06,41.57,0.03,0.03,0.02,2.75,16.84,12.95,86.11,0,75.04,98.39,0.08,15.5,NaN,NaN,NaN,NaN,NaN,NaN,NaN,NaN,0,0,NaN,0,0,NaN,NaN,NaN,NaN,NaN,NaN,NaN,NaN,NaN,NaN,NaN,NaN,0,0,0,0,0,97.11
09/27/2025,09,5GNR,Upstate New York,070,Buffalo,HNRT,0700002,PARKER_BLVD-HNRT,0065,65,0,0,32,100,28,28,59.47,0.03,43.03,0,0,0.02,5.82,16.91,13.97,29.37,0,1.21,3.93,0.01,2.22,NaN,NaN,NaN,NaN,NaN,NaN,NaN,NaN,0,0,NaN,0,0,NaN,NaN,NaN,NaN,NaN,NaN,NaN,NaN,NaN,NaN,NaN,NaN,0,0,0,0,0,37.18
09/27/2025,09,5GNR,Upstate New York,070,Buffalo,HNRT,0700002,POTOMAC-HNRT,0083,83,0.71,1,141,100,102,102,40.63,0.02,105.82,0,0,0,0.24,18.53,14.19,22.87,0,2.88,10.55,0.01,4.37,NaN,NaN,NaN,NaN,NaN,NaN,NaN,NaN,0,0,NaN,0,0,NaN,NaN,NaN,NaN,NaN,NaN,NaN,NaN,NaN,NaN,NaN,NaN,0,0,0,0,0,27.61
09/27/2025,09,5GNR,Upstate New York,070,Buffalo,HNRT,0700002,POTOMAC-HNRT,0084,84,0.43,1,231,100,185,185,1503.2,0.37,132.16,0.13,0.11,0.01,0.76,17.1,15.41,574.07,0,103.07,177.41,0.12,14.57,NaN,NaN,NaN,NaN,NaN,NaN,NaN,NaN,0,0,NaN,0,0,1617.86,8531.25,4507.11,NaN,140.43,NaN,0,NaN,NaN,2096.85,NaN,109.41,5.47,0.38,0,0,0,886.94
09/27/2025,09,5GNR,Upstate New York,070,Buffalo,HNRT,0700002,POTOMAC-HNRT,0085,85,10,1,10,100,10,10,119.73,0.02,161.3,0.04,0.03,0.01,0.11,18.27,23.86,58.52,0,12.57,97.03,0.02,19.28,NaN,NaN,NaN,NaN,NaN,NaN,NaN,NaN,0,0,NaN,0,0,NaN,NaN,NaN,NaN,NaN,NaN,NaN,NaN,NaN,NaN,NaN,NaN,0,0,0,0,0,59.85
09/27/2025,09,5GNR,Upstate New York,070,Buffalo,HNRT,0700002,QUINSBERRY-HNRT,0050,50,18.18,2,11,100,12,12,64.05,0.03,85.08,0,0,0,4.22,14.55,14.73,47.58,0,19.61,24.41,0.01,36.63,NaN,NaN,NaN,NaN,NaN,NaN,NaN,NaN,0,0,NaN,0,0,NaN,NaN,NaN,NaN,NaN,NaN,NaN,NaN,NaN,NaN,NaN,NaN,0,0,0,0,0,47.58
09/27/2025,09,5GNR,Upstate New York,070,Buffalo,HNRT,0700002,REDDON-HNRT,0071,71,0,0,8,100,7,7,211.26,0.14,91.46,0,0,0,3.41,14.08,10.57,177.43,0,0.17,0.82,0,0.51,NaN,NaN,NaN,NaN,NaN,NaN,NaN,NaN,0,0,NaN,0,0,NaN,NaN,NaN,NaN,NaN,NaN,NaN,NaN,NaN,NaN,NaN,NaN,0,0,0,0,0,177.43
09/27/2025,09,5GNR,Upstate New York,070,Buffalo,HNRT,0700002,REDDON-HNRT,0072,72,0,0,2,100,2,2,81.04,0.03,185.07,0,0,0,0.35,15.35,6.87,57.9,0,0.02,0.14,0,1.81,NaN,NaN,NaN,NaN,NaN,NaN,NaN,NaN,0,0,NaN,0,0,NaN,NaN,NaN,NaN,NaN,NaN,NaN,NaN,NaN,NaN,NaN,NaN,0,0,0,0,0,57.94
09/27/2025,09,5GNR,Upstate New York,070,Buffalo,HNRT,0700002,REDDON-HNRT,0073,73,11.11,2,18,100,24,24,122.46,0.04,145.85,0,0,0.01,0.46,18.58,14.32,78.6,0,4.51,11.55,0.01,7.38,NaN,NaN,NaN,NaN,NaN,NaN,NaN,NaN,0,0,NaN,0,0,NaN,NaN,NaN,NaN,NaN,NaN,NaN,NaN,NaN,NaN,NaN,NaN,0,0,0,0,0,78.77
09/27/2025,09,5GNR,Upstate New York,070,Buffalo,HNRT,0700002,RIVERSIDE-HNRT,0028,28,23.97,29,121,100,103,103,585.22,0.18,59.04,0.02,0.02,0.03,4.8,16.74,14.9,290.96,0,15.34,39.6,0.03,4.53,NaN,NaN,NaN,NaN,NaN,NaN,NaN,NaN,0,0,NaN,0,0,NaN,NaN,NaN,NaN,NaN,NaN,NaN,NaN,NaN,NaN,NaN,NaN,0,0,0,0,0,301.84
09/27/2025,09,5GNR,Upstate New York,070,Buffalo,HNRT,0700002,RIVERSIDE-HNRT,0029,29,6.98,6,86,100,84,83,129.29,0.05,40.43,0.01,0.01,0,6.85,16.45,12.25,67.26,1.19,9.41,15.62,0.02,3.12,NaN,NaN,NaN,NaN,NaN,NaN,NaN,NaN,0,0,NaN,0,0,NaN,NaN,NaN,NaN,NaN,NaN,NaN,NaN,NaN,NaN,NaN,NaN,0,0,0,0,0,73.74
09/27/2025,09,5GNR,Upstate New York,070,Buffalo,HNRT,0700002,SCOTT STREET-HNRT,0101,101,13.03,37,284,100,198,198,419.93,0.17,57.61,0.09,0.13,0.3,6.82,16.35,13.17,265.22,0,9.59,23.03,0.03,1.78,NaN,NaN,NaN,NaN,NaN,NaN,NaN,NaN,0,0,NaN,0,0,NaN,NaN,NaN,NaN,NaN,NaN,NaN,NaN,NaN,NaN,NaN,NaN,0,0,0,0,0,273.36
09/27/2025,09,5GNR,Upstate New York,070,Buffalo,HNRT,0700002,SCOTT STREET-HNRT,0102,102,5.37,8,149,100,69,69,286.41,0.09,79.57,0.11,0.18,0.48,2.55,16.55,14.46,163.55,0,15.45,30.19,0.03,6.63,NaN,NaN,NaN,NaN,NaN,NaN,NaN,NaN,0,0,NaN,0,0,NaN,NaN,NaN,NaN,NaN,NaN,NaN,NaN,NaN,NaN,NaN,NaN,0,0,0,0,0,168.23
09/27/2025,09,5GNR,Upstate New York,070,Buffalo,HNRT,0700002,SCOTT STREET-HNRT,0103,103,2.78,2,72,100,62,62,1431.8,0.26,99.68,0,0,0,1.39,17.08,15.42,387.7,0,24.83,75.02,0.05,8.64,NaN,NaN,NaN,NaN,NaN,NaN,NaN,NaN,0,0,NaN,0,0,NaN,NaN,NaN,NaN,NaN,NaN,NaN,NaN,NaN,NaN,NaN,NaN,0,0,0,0,0,759.92
09/27/2025,09,5GNR,Upstate New York,070,Buffalo,HNRT,0700002,SENECA_RTE_240-HNRT,0022,22,13.24,9,68,100,51,51,79.01,0.05,21.17,0.02,0.02,0.02,5.19,16.41,14.3,26.47,0,1.97,7.65,0.01,2.3,NaN,NaN,NaN,NaN,NaN,NaN,NaN,NaN,0,0,NaN,0,0,1855.11,1250,9025,NaN,16.14,NaN,0,NaN,NaN,1258.76,NaN,625,0.4,0.04,0,0,0,46.21
09/27/2025,09,5GNR,Upstate New York,070,Buffalo,HNRT,0700002,SENECA_RTE_240-HNRT,0023,23,5.75,5,87,100,79,79,2552.97,0.66,80.2,0.2,0.21,0.24,0.64,17.11,17.63,377.76,0,30.73,240.15,0.27,8.76,NaN,NaN,NaN,NaN,NaN,NaN,NaN,NaN,0,0,NaN,0,0,NaN,NaN,NaN,NaN,NaN,NaN,NaN,NaN,NaN,NaN,NaN,NaN,0,0,0,0,0,1416.58
09/27/2025,09,5GNR,Upstate New York,070,Buffalo,HNRT,0700002,SENECA_RTE_240-HNRT,0024,24,9.38,6,64,100,44,44,134.37,0.06,53.93,0.03,0.02,0,7.14,16.13,10.9,57.03,0,2.42,4.61,0.01,1.75,NaN,NaN,NaN,NaN,NaN,NaN,NaN,NaN,0,0,NaN,0,0,34975,30905,13762.71,NaN,20.82,NaN,0,NaN,NaN,0,NaN,315.13,0.15,0.14,0,0,0,84.76
09/27/2025,09,5GNR,Upstate New York,070,Buffalo,HNRT,0700002,SEVEN CORNERS-HNRT,0098,98,28,7,25,100,19,19,970.82,0.17,418.83,0,0,0.01,2.71,16.9,12.88,674.87,0,6.63,10.59,0.01,10.05,NaN,NaN,NaN,NaN,NaN,NaN,NaN,NaN,0,0,NaN,0,0,NaN,NaN,NaN,NaN,NaN,NaN,NaN,NaN,NaN,NaN,NaN,NaN,0,0,0,0,0,674.89
09/27/2025,09,5GNR,Upstate New York,070,Buffalo,HNRT,0700002,SEVEN CORNERS-HNRT,0099,99,5.21,15,288,100,263,263,3162.45,0.76,142.39,0.18,0.15,0.03,1.26,16.81,13.9,1307.95,0,159.15,298.32,0.24,9.69,NaN,NaN,NaN,NaN,NaN,NaN,NaN,NaN,0,0,NaN,0,0,NaN,NaN,NaN,NaN,NaN,NaN,NaN,NaN,NaN,NaN,NaN,NaN,0,0,0,0,0,1990.42
09/27/2025,09,5GNR,Upstate New York,070,Buffalo,HNRT,0700002,SEVEN CORNERS-HNRT,0100,100,10.84,9,83,100,46,46,548.59,0.22,122.73,0.04,0.04,0,1.92,16.61,14.11,226.39,0,6.35,18.6,0.02,4.37,NaN,NaN,NaN,NaN,NaN,NaN,NaN,NaN,0,0,NaN,0,0,NaN,NaN,NaN,NaN,NaN,NaN,NaN,NaN,NaN,NaN,NaN,NaN,0,0,0,0,0,373.11
09/27/2025,09,5GNR,Upstate New York,070,Buffalo,HNRT,0700002,SHERIDAN-HNRT,0074,74,5.33,4,75,100,36,36,368.71,0.12,43.14,0.02,0.02,0.02,7.91,16.32,14.41,105.86,0,2.36,14.69,0.01,1.24,NaN,NaN,NaN,NaN,NaN,NaN,NaN,NaN,0,0,NaN,0,0,NaN,NaN,NaN,NaN,NaN,NaN,NaN,NaN,NaN,NaN,NaN,NaN,0,0,0,0,0,228.62
09/27/2025,09,5GNR,Upstate New York,070,Buffalo,HNRT,0700002,SHERIDAN-HNRT,0075,75,8.75,7,80,100,73,73,370.17,0.13,90.03,0.02,0.02,0.03,1.78,16.94,14.29,141.03,0,16.1,37.97,0.03,6.71,NaN,NaN,NaN,NaN,NaN,NaN,NaN,NaN,0,0,NaN,0,0,NaN,NaN,NaN,NaN,NaN,NaN,NaN,NaN,NaN,NaN,NaN,NaN,0,0,0,0,0,226.68
09/27/2025,09,5GNR,Upstate New York,070,Buffalo,HNRT,0700002,SHERIDAN-HNRT,0076,76,3.41,3,88,100,61,61,1048.9,0.28,137.73,0.05,0.05,0.05,2.4,17,15.55,489.87,0,26.28,127.46,0.07,16.81,NaN,NaN,NaN,NaN,NaN,NaN,NaN,NaN,0,0,NaN,0,0,NaN,NaN,NaN,NaN,NaN,NaN,NaN,NaN,NaN,NaN,NaN,NaN,0,0,0,0,0,568.66
09/27/2025,09,5GNR,Upstate New York,070,Buffalo,HNRT,0700002,SHOSHONE-HNRT,0013,13,0,0,25,100,9,9,307.84,0.07,189.63,0,0,0.01,0.83,16.93,17.09,19.24,0,0.77,6.72,0,5.86,NaN,NaN,NaN,NaN,NaN,NaN,NaN,NaN,0,0,NaN,0,0,NaN,NaN,NaN,NaN,NaN,NaN,NaN,NaN,NaN,NaN,NaN,NaN,0,0,0,0,0,174.23
09/27/2025,09,5GNR,Upstate New York,070,Buffalo,HNRT,0700002,SHOSHONE-HNRT,0014,14,4.41,3,68,100,43,43,1766.09,0.37,198.51,0.02,0.02,0.01,0.56,17.04,12.92,832.86,0,19.72,46.74,0.04,9.01,NaN,NaN,NaN,NaN,NaN,NaN,NaN,NaN,0,0,NaN,0,0,NaN,NaN,NaN,NaN,NaN,NaN,NaN,NaN,NaN,NaN,NaN,NaN,0,0,0,0,0,1012.14
09/27/2025,09,5GNR,Upstate New York,070,Buffalo,HNRT,0700002,SHOSHONE-HNRT,0015,15,10,1,10,100,2,2,501.42,0.12,30.81,0,0,0,0.86,17.01,14.67,3.77,0,0.03,10.35,0.01,6.93,NaN,NaN,NaN,NaN,NaN,NaN,NaN,NaN,0,0,NaN,0,0,NaN,NaN,NaN,NaN,NaN,NaN,NaN,NaN,NaN,NaN,NaN,NaN,0,0,0,0,0,318.88
09/27/2025,09,5GNR,Upstate New York,070,Buffalo,HNRT,0700002,TOISUL-HNRT,0042,42,6.9,2,29,100,29,29,122.26,0.06,63.42,0,0.02,0.11,3.79,16.45,11.26,77.14,0,2.56,4.53,0.01,1.71,NaN,NaN,NaN,NaN,NaN,NaN,NaN,NaN,0,0,NaN,0,0,NaN,NaN,NaN,NaN,NaN,NaN,NaN,NaN,NaN,NaN,NaN,NaN,0,0,0,0,0,77.2
09/27/2025,09,5GNR,Upstate New York,070,Buffalo,HNRT,0700002,TOISUL-HNRT,0043,43,5.26,1,19,100,18,18,38.12,0.01,114.7,0,0,0,4.94,16.78,11.41,19.44,0,1.49,2.41,0,5.94,NaN,NaN,NaN,NaN,NaN,NaN,NaN,NaN,0,0,NaN,0,0,NaN,NaN,NaN,NaN,NaN,NaN,NaN,NaN,NaN,NaN,NaN,NaN,0,0,0,0,0,19.44
09/27/2025,09,5GNR,Upstate New York,070,Buffalo,HNRT,0700002,VA_HOSPITAL,0092,92,0,0,1,75,0,0,0.5,0,11.3,0,0,0,0,15.87,13.97,0.04,NaN,0.33,1.95,0,1.73,NaN,NaN,NaN,NaN,NaN,NaN,NaN,NaN,0,0,NaN,0,0,NaN,NaN,NaN,NaN,NaN,NaN,NaN,NaN,NaN,NaN,NaN,NaN,0,0,0,0,0,0.04
09/27/2025,09,5GNR,Upstate New York,070,Buffalo,HNRT,0700002,VA_HOSPITAL,0093,93,7.69,8,104,100,100,100,139.59,0.05,49.01,0,0,0,2.7,16.31,11.79,68.07,0,8.96,19.05,0.02,3.23,NaN,NaN,NaN,NaN,NaN,NaN,NaN,NaN,0,0,NaN,0,0,NaN,NaN,NaN,NaN,NaN,NaN,NaN,NaN,NaN,NaN,NaN,NaN,0,0,0,0,0,68.08
09/27/2025,09,5GNR,Upstate New York,070,Buffalo,HNRT,0700002,VA_HOSPITAL,0094,94,7.87,7,89,100,83,83,288.96,0.11,59.24,0.01,0.01,0,3.26,16.69,12.86,170.49,0,18.4,48.33,0.04,4.21,NaN,NaN,NaN,NaN,NaN,NaN,NaN,NaN,0,0,NaN,0,0,NaN,NaN,NaN,NaN,NaN,NaN,NaN,NaN,NaN,NaN,NaN,NaN,0,0,0,0,0,170.49
09/27/2025,09,5GNR,Upstate New York,070,Buffalo,HNRT,0700002,WEST_NIAGARA-HNRT,0114,114,6.74,18,267,100,294,294,1133.12,0.28,139.65,0.02,0.02,0.01,0.8,17.01,13.13,565.29,0,89.9,149.4,0.13,4.84,NaN,NaN,NaN,NaN,NaN,NaN,NaN,NaN,0,0,NaN,0,0,NaN,NaN,NaN,NaN,NaN,NaN,NaN,NaN,NaN,NaN,NaN,NaN,0,0,0,0,0,747.59
09/27/2025,09,5GNR,Upstate New York,070,Buffalo,HNRT,0700002,WEST_NIAGARA-HNRT,0115,115,26.74,169,632,100,524,521,1766.22,0.59,78.92,0.16,0.18,0.26,5.19,15.55,12.63,714.57,0.57,157.18,292.04,0.34,5.74,NaN,NaN,NaN,NaN,NaN,NaN,NaN,NaN,0,0,NaN,0,0,NaN,500,500,NaN,NaN,NaN,0,NaN,NaN,NaN,NaN,0,0,0,0,0,0,1112.13
09/27/2025,09,5GNR,Upstate New York,070,Buffalo,HNRT,0700002,WEST_NIAGARA-HNRT,0116,116,35.82,125,349,100,244,238,1209.74,0.14,152.92,0.01,0.01,0.02,5,17.26,16.61,682.09,2.46,35.82,70.85,0.07,10.2,NaN,NaN,NaN,NaN,NaN,NaN,NaN,NaN,0,0,NaN,0,0,NaN,NaN,NaN,NaN,NaN,NaN,0,NaN,NaN,0,NaN,0,0.05,0.02,0,0,0,701.52
09/27/2025,09,5GNR,Upstate New York,070,Buffalo,HNRT,0700011,NYERIEWSEN_BURCH_01-HNRT,0001,1,0,0,5,100,5,5,182.45,0.02,133.03,0,0,0,0.36,17.6,17.54,68.6,0,3.61,10.29,0.01,45.98,NaN,NaN,NaN,NaN,NaN,NaN,NaN,NaN,0,0,NaN,0,0,NaN,NaN,NaN,NaN,NaN,NaN,NaN,NaN,NaN,NaN,NaN,NaN,0,0,0,0,0,68.6
09/27/2025,09,5GNR,Upstate New York,070,Buffalo,HNRT,0700011,NYERIEWSEN_BURCH_01-HNRT,0002,2,0,0,3,100,2,2,0.09,0,15.12,0,0,0,2.51,15.92,9.23,0.02,0,0.03,0.14,0,0.75,NaN,NaN,NaN,NaN,NaN,NaN,NaN,NaN,0,0,NaN,0,0,NaN,NaN,NaN,NaN,NaN,NaN,NaN,NaN,NaN,NaN,NaN,NaN,0,0,0,0,0,0.02
09/27/2025,09,5GNR,Upstate New York,070,Buffalo,HNRT,0700011,NYERIEWSEN_BURCH_01-HNRT,0003,3,0,0,2,100,2,2,1.8,0,107.13,0,0,0,0,17.52,16.79,0.81,0,0.37,2.02,0,9.3,NaN,NaN,NaN,NaN,NaN,NaN,NaN,NaN,0,0,NaN,0,0,NaN,NaN,NaN,NaN,NaN,NaN,NaN,NaN,NaN,NaN,NaN,NaN,0,0,0,0,0,0.81
09/27/2025,09,5GNR,Upstate New York,070,Buffalo,HNRT,0700011,NYERIEWSEN_BURCH_02-HNRT,0004,4,4.17,1,24,100,24,24,213.68,0.04,131.35,0,0,0,0.15,17.57,16.62,103.23,0,11.72,27.47,0.02,20.81,NaN,NaN,NaN,NaN,NaN,NaN,NaN,NaN,0,0,NaN,0,0,NaN,NaN,NaN,NaN,NaN,NaN,NaN,NaN,NaN,NaN,NaN,NaN,0,0,0,0,0,105.05
09/27/2025,09,5GNR,Upstate New York,070,Buffalo,HNRT,0700011,NYERIEWSEN_BURCH_02-HNRT,0005,5,0,0,1,100,0,0,8.47,0.01,18.2,0,0,0,5.36,16.11,6.02,0.01,NaN,0,0.09,0,0,NaN,NaN,NaN,NaN,NaN,NaN,NaN,NaN,0,0,NaN,0,0,NaN,NaN,NaN,NaN,NaN,NaN,NaN,NaN,NaN,NaN,NaN,NaN,0,0,0,0,0,7.45
09/27/2025,09,5GNR,Upstate New York,070,Buffalo,HNRT,0700011,NYERIEWSEN_BURCH_02-HNRT,0006,6,8.33,1,12,100,10,10,46.2,0.02,119.4,0,0,0,7.08,16.21,13.39,29.31,0,0.63,1.21,0,2.84,NaN,NaN,NaN,NaN,NaN,NaN,NaN,NaN,0,0,NaN,0,0,NaN,NaN,NaN,NaN,NaN,NaN,NaN,NaN,NaN,NaN,NaN,NaN,0,0,0,0,0,29.31
09/27/2025,09,5GNR,Upstate New York,070,Buffalo,HNRT,0700011,NYERIEWSEN_BURCH_03-HNRT,0025,25,0,0,5,100,6,6,0.58,0,25.98,0,0,0,0.76,17.12,16.74,0.31,0,0.24,0.39,0,30.76,NaN,NaN,NaN,NaN,NaN,NaN,NaN,NaN,0,0,NaN,0,0,NaN,NaN,NaN,NaN,NaN,NaN,NaN,NaN,NaN,NaN,NaN,NaN,0,0,0,0,0,0.31
09/27/2025,09,5GNR,Upstate New York,070,Buffalo,HNRT,0700011,NYERIEWSEN_BURCH_03-HNRT,0026,26,NaN,0,0,100,0,0,0,0,NaN,NaN,NaN,NaN,NaN,0,0,0,NaN,0,0,0,NaN,NaN,NaN,NaN,NaN,NaN,NaN,NaN,NaN,0,0,NaN,0,0,NaN,NaN,NaN,NaN,NaN,NaN,NaN,NaN,NaN,NaN,NaN,NaN,0,0,0,0,0,0
09/27/2025,09,5GNR,Upstate New York,070,Buffalo,HNRT,0700011,NYERIEWSEN_BURCH_03-HNRT,0027,27,25,2,8,100,8,8,7.32,0,14.9,0,0,0,3.8,16.05,14.64,2.7,0,0.38,2.88,0,0.96,NaN,NaN,NaN,NaN,NaN,NaN,NaN,NaN,0,0,NaN,0,0,NaN,NaN,NaN,NaN,NaN,NaN,NaN,NaN,NaN,NaN,NaN,NaN,0,0,0,0,0,2.7
09/27/2025,09,5GNR,Upstate New York,070,Buffalo,HNRT,0700011,NYERIEWSEN_STEPHENSON_01-HNRT,0010,10,0,0,2,100,2,2,0,0,NaN,0,0,0,1.14,17.93,10.35,0,0,0,0.01,0,2.43,NaN,NaN,NaN,NaN,NaN,NaN,NaN,NaN,0,0,NaN,0,0,NaN,NaN,NaN,NaN,NaN,NaN,NaN,NaN,NaN,NaN,NaN,NaN,0,0,0,0,0,0
09/27/2025,09,5GNR,Upstate New York,070,Buffalo,HNRT,0700011,NYERIEWSEN_STEPHENSON_01-HNRT,0011,11,37.5,3,8,100,5,5,0.19,0,14.92,0,0,0,10.17,15.81,5.22,0.2,0,0.01,0.01,0,0,NaN,NaN,NaN,NaN,NaN,NaN,NaN,NaN,0,0,NaN,0,0,NaN,NaN,NaN,NaN,NaN,NaN,NaN,NaN,NaN,NaN,NaN,NaN,0,0,0,0,0,0.2
09/27/2025,09,5GNR,Upstate New York,070,Buffalo,HNRT,0700011,NYERIEWSEN_STEPHENSON_01-HNRT,0012,12,10,1,10,100,7,7,15.97,0.01,31.71,0,0,0,1.3,17.11,16.95,4.32,0,54.97,73.1,0.02,69.89,NaN,NaN,NaN,NaN,NaN,NaN,NaN,NaN,0,0,NaN,0,0,NaN,NaN,NaN,NaN,NaN,NaN,NaN,NaN,NaN,NaN,NaN,NaN,0,0,0,0,0,7.9
09/27/2025,09,5GNR,Upstate New York,070,Buffalo,HNRT,0700011,NYERIEWSEN_WENRO_01-HNRT,0013,13,0,0,2,100,2,2,0.12,0,15.89,0,0,0,2.63,16.51,6.71,0.06,0,0.02,0.04,0,1.15,NaN,NaN,NaN,NaN,NaN,NaN,NaN,NaN,0,0,NaN,0,0,NaN,NaN,NaN,NaN,NaN,NaN,NaN,NaN,NaN,NaN,NaN,NaN,0,0,0,0,0,0.06
09/27/2025,09,5GNR,Upstate New York,070,Buffalo,HNRT,0700011,NYERIEWSEN_WENRO_01-HNRT,0014,14,0,0,2,100,1,1,5.1,0,50.75,0,0,0,1.66,16.87,10.37,2.51,0,0.17,0.35,0,5.59,NaN,NaN,NaN,NaN,NaN,NaN,NaN,NaN,0,0,NaN,0,0,NaN,NaN,NaN,NaN,NaN,NaN,NaN,NaN,NaN,NaN,NaN,NaN,0,0,0,0,0,2.51
09/27/2025,09,5GNR,Upstate New York,070,Buffalo,HNRT,0700011,NYERIEWSEN_WENRO_01-HNRT,0015,15,0,0,3,100,2,2,8.78,0,126.54,0,0,0,3.37,16.94,12.38,4.78,0,0.4,0.7,0,5.12,NaN,NaN,NaN,NaN,NaN,NaN,NaN,NaN,0,0,NaN,0,0,NaN,NaN,NaN,NaN,NaN,NaN,NaN,NaN,NaN,NaN,NaN,NaN,0,0,0,0,0,4.78
09/27/2025,09,5GNR,Upstate New York,070,Buffalo,HNRT,0700011,NYERIEWSEN_WENRO_02-HNRT,0016,16,0,0,10,100,8,8,16.52,0,45.49,0,0,0,0.11,17.91,17.05,8.08,0,0.26,0.75,0,13.67,NaN,NaN,NaN,NaN,NaN,NaN,NaN,NaN,0,0,NaN,0,0,NaN,NaN,NaN,NaN,NaN,NaN,NaN,NaN,NaN,NaN,NaN,NaN,0,0,0,0,0,8.08
09/27/2025,09,5GNR,Upstate New York,070,Buffalo,HNRT,0700011,NYERIEWSEN_WENRO_02-HNRT,0017,17,66.67,2,3,100,3,3,0,0,NaN,0,0,0,87.88,12.04,-1,0.02,0,0,0,0,NaN,NaN,NaN,NaN,NaN,NaN,NaN,NaN,NaN,0,0,NaN,0,0,NaN,NaN,NaN,NaN,NaN,NaN,NaN,NaN,NaN,NaN,NaN,NaN,0,0,0,0,0,0.02
09/27/2025,09,5GNR,Upstate New York,070,Buffalo,HNRT,0700011,NYERIEWSEN_WENRO_02-HNRT,0018,18,0,0,5,100,2,2,4.81,0,109.66,0,0,0,0.34,17.86,18.19,2.15,0,0.17,0.38,0,17.36,NaN,NaN,NaN,NaN,NaN,NaN,NaN,NaN,0,0,NaN,0,0,NaN,NaN,NaN,NaN,NaN,NaN,NaN,NaN,NaN,NaN,NaN,NaN,0,0,0,0,0,2.15
09/27/2025,09,5GNR,Upstate New York,070,Buffalo,HNRT,0700011,NYERIEWSEN_WOODCREST_01-HNRT,0019,19,16.67,2,12,100,4,4,11,0,119.23,0,0,0,2.88,16.81,10.39,6.92,0,0.21,0.39,0,3.6,NaN,NaN,NaN,NaN,NaN,NaN,NaN,NaN,0,0,NaN,0,0,NaN,NaN,NaN,NaN,NaN,NaN,NaN,NaN,NaN,NaN,NaN,NaN,0,0,0,0,0,6.92
09/27/2025,09,5GNR,Upstate New York,070,Buffalo,HNRT,0700011,NYERIEWSEN_WOODCREST_01-HNRT,0020,20,0,0,21,100,16,16,55.57,0.02,91.45,0,0,0,0.65,17.33,13.55,19.55,0,0.86,2.65,0,2.82,NaN,NaN,NaN,NaN,NaN,NaN,NaN,NaN,0,0,NaN,0,0,NaN,NaN,NaN,NaN,NaN,NaN,NaN,NaN,NaN,NaN,NaN,NaN,0,0,0,0,0,27.96
09/27/2025,09,5GNR,Upstate New York,070,Buffalo,HNRT,0700011,NYERIEWSEN_WOODCREST_01-HNRT,0021,21,5.71,2,35,100,36,36,116.17,0.04,31.36,0,0,0,1.06,16.99,12.17,6.96,0,0.97,2.86,0,2.58,NaN,NaN,NaN,NaN,NaN,NaN,NaN,NaN,0,0,NaN,0,0,NaN,NaN,NaN,NaN,NaN,NaN,NaN,NaN,NaN,NaN,NaN,NaN,0,0,0,0,0,74.09
09/27/2025,09,5GNR,Upstate New York,070,Buffalo,HNRT,0700011,NYERIEWSEN_WOODCREST_04-HNRT,0028,28,0,0,10,100,6,6,37.22,0.01,69.01,0,0,0,0.91,16.73,12.28,19.78,0,0.98,1.75,0,3.75,NaN,NaN,NaN,NaN,NaN,NaN,NaN,NaN,0,0,NaN,0,0,NaN,NaN,NaN,NaN,NaN,NaN,NaN,NaN,NaN,NaN,NaN,NaN,0,0,0,0,0,20.63
09/27/2025,09,5GNR,Upstate New York,070,Buffalo,HNRT,0700011,NYERIEWSEN_WOODCREST_04-HNRT,0029,29,4,3,75,100,66,65,152.26,0.06,87.52,0,0.01,0.03,7.24,16.45,13.15,61.38,1.52,2.41,6.81,0.01,2.82,NaN,NaN,NaN,NaN,NaN,NaN,NaN,NaN,0,0,NaN,0,0,NaN,NaN,NaN,NaN,NaN,NaN,NaN,NaN,NaN,NaN,NaN,NaN,0,0,0,0,0,94.51
09/27/2025,09,5GNR,Upstate New York,070,Buffalo,HNRT,0700011,NYERIEWSEN_WOODCREST_04-HNRT,0030,30,11.11,4,36,100,18,18,25.17,0.02,36.36,0.05,0.07,0.16,5.77,16.16,11.33,14.22,0,0.4,0.98,0,0.73,NaN,NaN,NaN,NaN,NaN,NaN,NaN,NaN,0,0,NaN,0,0,NaN,NaN,NaN,NaN,NaN,NaN,NaN,NaN,NaN,NaN,NaN,NaN,0,0,0,0,0,15.95
09/27/2025,09,5GNR,Upstate New York,070,Buffalo,HNRT,0700021,HYDE_PARK_BLVD-HNRT,0094,94,22.22,4,18,100,18,18,1755.4,0.16,206.52,0.04,0.06,0.15,0.9,16.87,17.91,962.46,0,345.47,470.74,0.12,88.68,NaN,NaN,NaN,NaN,NaN,NaN,NaN,NaN,0,0,NaN,0,0,NaN,NaN,NaN,NaN,NaN,NaN,NaN,NaN,NaN,NaN,NaN,NaN,0,0,0,0,0,962.83
09/27/2025,09,5GNR,Upstate New York,070,Buffalo,HNRT,0700021,HYDE_PARK_BLVD-HNRT,0095,95,12.5,3,24,100,18,18,65.42,0.02,67.35,0.05,0.04,0,1.01,15.95,12.5,30.31,0,0.76,2.8,0,2.44,NaN,NaN,NaN,NaN,NaN,NaN,NaN,NaN,0,0,NaN,0,0,NaN,NaN,NaN,NaN,NaN,NaN,NaN,NaN,NaN,NaN,NaN,NaN,0,0,0,0,0,46.91
09/27/2025,09,5GNR,Upstate New York,070,Buffalo,HNRT,0700021,HYDE_PARK_BLVD-HNRT,0096,96,0,0,6,100,5,5,0.63,0,32.22,0,0,0,3.36,15.32,11.88,0.43,0,0.63,0.84,0,14.93,NaN,NaN,NaN,NaN,NaN,NaN,NaN,NaN,0,0,NaN,0,0,NaN,NaN,NaN,NaN,NaN,NaN,NaN,NaN,NaN,NaN,NaN,NaN,0,0,0,0,0,0.44
09/27/2025,09,5GNR,Upstate New York,070,Buffalo,HNRT,0700021,NYNIAGNIAG_25THST_03-HNRT,0001,1,NaN,0,0,100,0,0,0,0,NaN,NaN,NaN,NaN,NaN,0,0,0,NaN,0,0,0,NaN,NaN,NaN,NaN,NaN,NaN,NaN,NaN,NaN,0,0,NaN,0,0,NaN,NaN,NaN,NaN,NaN,NaN,NaN,NaN,NaN,NaN,NaN,NaN,0,0,0,0,0,0
09/27/2025,09,5GNR,Upstate New York,070,Buffalo,HNRT,0700021,NYNIAGNIAG_25THST_03-HNRT,0002,2,0,0,1,100,1,1,0.01,0,16.38,0,0,0,11.11,13.48,-0.96,0,0,0,0,0,0.61,NaN,NaN,NaN,NaN,NaN,NaN,NaN,NaN,0,0,NaN,0,0,NaN,NaN,NaN,NaN,NaN,NaN,NaN,NaN,NaN,NaN,NaN,NaN,0,0,0,0,0,0
09/27/2025,09,5GNR,Upstate New York,070,Buffalo,HNRT,0700021,NYNIAGNIAG_25THST_03-HNRT,0003,3,0,0,9,100,9,9,7.42,0.01,19.36,0.31,0.27,0.13,6.32,15.78,10.65,4.12,0,0.48,0.82,0,1.82,NaN,NaN,NaN,NaN,NaN,NaN,NaN,NaN,0,0,NaN,0,0,NaN,NaN,NaN,NaN,NaN,NaN,NaN,NaN,NaN,NaN,NaN,NaN,0,0,0,0,0,4.12
09/27/2025,09,5GNR,Upstate New York,070,Buffalo,HNRT,0700021,NYNIAGNIAG_CENTRALAVE_02-HRNT,0202,202,0,0,15,100,5,5,0.29,0,37.81,0,0,0,4.13,16.44,13.33,0.15,0,0.06,0.15,0,5.01,NaN,NaN,NaN,NaN,NaN,NaN,NaN,NaN,0,0,NaN,0,0,NaN,NaN,NaN,NaN,NaN,NaN,NaN,NaN,NaN,NaN,NaN,NaN,0,0,0,0,0,0.15
09/27/2025,09,5GNR,Upstate New York,070,Buffalo,HNRT,0700021,NYNIAGNIAG_CENTRALAVE_02-HRNT,0203,203,5,1,20,100,10,10,4.68,0,14.92,0,0,0,0.99,16.02,15.53,2.58,0,0.48,3.33,0,1.05,NaN,NaN,NaN,NaN,NaN,NaN,NaN,NaN,0,0,NaN,0,0,NaN,NaN,NaN,NaN,NaN,NaN,NaN,NaN,NaN,NaN,NaN,NaN,0,0,0,0,0,2.58
09/27/2025,09,5GNR,Upstate New York,070,Buffalo,HNRT,0700021,NYNIAGNIAG_CENTRALAVE_02-HRNT,0204,204,0,0,15,100,19,19,484.35,0.03,510.17,0.01,0.02,0.05,0.09,17.41,23.89,291.74,0,64.25,160.54,0.03,29.19,NaN,NaN,NaN,NaN,NaN,NaN,NaN,NaN,0,0,NaN,0,0,NaN,NaN,NaN,NaN,NaN,NaN,NaN,NaN,NaN,NaN,NaN,NaN,0,0,0,0,0,291.74
09/27/2025,09,5GNR,Upstate New York,070,Buffalo,HNRT,0700021,NYNIAGNIAG_CHAPINAVE_02-HNRT,0004,4,4.44,4,90,100,55,55,41.92,0.02,28.97,0.17,0.75,1.55,6.14,16.32,13.69,18.55,0,2.37,7.28,0.01,0.86,NaN,NaN,NaN,NaN,NaN,NaN,NaN,NaN,0,0,NaN,0,0,2500,21420.45,36607.64,NaN,92.84,NaN,0,NaN,NaN,110.47,NaN,690.19,0.73,2.44,0,0,0,18.98
09/27/2025,09,5GNR,Upstate New York,070,Buffalo,HNRT,0700021,NYNIAGNIAG_CHAPINAVE_02-HNRT,0005,5,4.29,10,233,100,237,236,201.16,0.04,166.76,0.05,0.06,0.1,0.08,18.76,18.88,122.33,0.42,6.6,19.47,0.01,7.08,NaN,NaN,NaN,NaN,NaN,NaN,NaN,NaN,0,0,NaN,0,0,NaN,NaN,NaN,NaN,NaN,NaN,NaN,NaN,NaN,NaN,NaN,NaN,0,0,0,0,0,122.66
09/27/2025,09,5GNR,Upstate New York,070,Buffalo,HNRT,0700021,NYNIAGNIAG_CHAPINAVE_02-HNRT,0006,6,0,0,6,100,9,9,1840.52,0.27,191.25,0,0,0,0.12,17.77,19.55,1063.11,0,44.43,91.71,0.04,19.45,NaN,NaN,NaN,NaN,NaN,NaN,NaN,NaN,0,0,NaN,0,0,NaN,NaN,NaN,NaN,NaN,NaN,NaN,NaN,NaN,NaN,NaN,NaN,0,0,0,0,0,1063.11
09/27/2025,09,5GNR,Upstate New York,070,Buffalo,HNRT,0700021,NYNIAGNIAG_CHAPINAVE_04-HNRT,0007,7,7.14,1,14,100,13,13,24.59,0.03,92.17,0,0,0,8.54,16.53,16.12,18.13,0,0.2,0.67,0,0.75,NaN,NaN,NaN,NaN,NaN,NaN,NaN,NaN,0,0,NaN,0,0,NaN,NaN,NaN,NaN,NaN,NaN,NaN,NaN,NaN,NaN,NaN,NaN,0,0,0,0,0,18.13
09/27/2025,09,5GNR,Upstate New York,070,Buffalo,HNRT,0700021,NYNIAGNIAG_CHAPINAVE_04-HNRT,0008,8,18.75,6,32,100,20,20,24.71,0.02,20.61,0,0.01,0.06,3.54,16.12,7.57,11.68,0,0.18,0.54,0,0.67,NaN,NaN,NaN,NaN,NaN,NaN,NaN,NaN,0,0,NaN,0,0,NaN,NaN,NaN,NaN,NaN,NaN,NaN,NaN,NaN,NaN,NaN,NaN,0,0,0,0,0,11.7
09/27/2025,09,5GNR,Upstate New York,070,Buffalo,HNRT,0700021,NYNIAGNIAG_CHAPINAVE_04-HNRT,0009,9,1.61,1,62,100,72,72,1780.24,0.42,155.49,0.01,0.01,0.03,0.08,18.39,15.81,1142.91,0,36.04,87.66,0.05,6.37,NaN,NaN,NaN,NaN,NaN,NaN,NaN,NaN,0,0,NaN,0,0,NaN,NaN,NaN,NaN,NaN,NaN,NaN,NaN,NaN,NaN,NaN,NaN,0,0,0,0,0,1142.92
09/27/2025,09,5GNR,Upstate New York,070,Buffalo,HNRT,0700021,NYNIAGNIAG_CLEVELAND_02-HNRT,0124,124,0,0,3,100,2,2,0.44,0,45.39,0,0,0,1.24,15.81,9.88,0.23,0,0.01,0.05,0,2.1,NaN,NaN,NaN,NaN,NaN,NaN,NaN,NaN,0,0,NaN,0,0,NaN,NaN,NaN,NaN,NaN,NaN,NaN,NaN,NaN,NaN,NaN,NaN,0,0,0,0,0,0.23
09/27/2025,09,5GNR,Upstate New York,070,Buffalo,HNRT,0700021,NYNIAGNIAG_CLEVELAND_02-HNRT,0125,125,25,1,4,100,2,2,0.06,0,35.75,0,0,0,3.77,17.33,10.16,0.02,0,0,0.02,0,0,NaN,NaN,NaN,NaN,NaN,NaN,NaN,NaN,0,0,NaN,0,0,NaN,NaN,NaN,NaN,NaN,NaN,NaN,NaN,NaN,NaN,NaN,NaN,0,0,0,0,0,0.02
09/27/2025,09,5GNR,Upstate New York,070,Buffalo,HNRT,0700021,NYNIAGNIAG_CLEVELAND_02-HNRT,0126,126,0,0,23,100,29,29,990.01,0.1,222.02,0,0,0,0.05,18.38,18.98,652.6,0,2.65,18.78,0.01,35.18,NaN,NaN,NaN,NaN,NaN,NaN,NaN,NaN,0,0,NaN,0,0,NaN,NaN,NaN,NaN,NaN,NaN,NaN,NaN,NaN,NaN,NaN,NaN,0,0,0,0,0,652.6
09/27/2025,09,5GNR,Upstate New York,070,Buffalo,HNRT,0700021,NYNIAGNIAG_CLEVELAND_03-HNRT,0172,172,0,0,12,100,16,16,53.18,0.02,45.51,0.14,0.23,0.55,0.02,18.39,19.03,30.43,0,3.38,15.03,0.01,10.29,NaN,NaN,NaN,NaN,NaN,NaN,NaN,NaN,0,0,NaN,0,0,NaN,NaN,NaN,NaN,NaN,NaN,NaN,NaN,NaN,NaN,NaN,NaN,0,0,0,0,0,30.43
09/27/2025,09,5GNR,Upstate New York,070,Buffalo,HNRT,0700021,NYNIAGNIAG_CLEVELAND_03-HNRT,0173,173,5.26,1,19,100,17,17,39.97,0.01,116.28,0,0,0,3.27,17.27,15.16,26.51,0,0.77,2.38,0,5.51,NaN,NaN,NaN,NaN,NaN,NaN,NaN,NaN,0,0,NaN,0,0,NaN,NaN,NaN,NaN,NaN,NaN,NaN,NaN,NaN,NaN,NaN,NaN,0,0,0,0,0,26.51
09/27/2025,09,5GNR,Upstate New York,070,Buffalo,HNRT,0700021,NYNIAGNIAG_CLEVELAND_03-HNRT,0174,174,12.5,2,16,100,17,17,7791.41,3.16,77.12,1.16,1.3,2.32,6.66,16.49,12.21,5401.45,0,103.45,343.23,0.28,3.97,NaN,NaN,NaN,NaN,NaN,NaN,NaN,NaN,0,0,NaN,0,0,NaN,NaN,NaN,NaN,NaN,NaN,NaN,NaN,NaN,NaN,NaN,NaN,0,0,0,0,0,5401.45
09/27/2025,09,5GNR,Upstate New York,070,Buffalo,HNRT,0700021,NYNIAGNIAG_CUDABECK_01-HNRT,0010,10,7.69,1,13,100,10,10,45.15,0.01,110.6,0,0,0,0.93,16.84,9.16,25.81,0,0.2,0.92,0,1.18,NaN,NaN,NaN,NaN,NaN,NaN,NaN,NaN,0,0,NaN,0,0,NaN,NaN,NaN,NaN,NaN,NaN,NaN,NaN,NaN,NaN,NaN,NaN,0,0,0,0,0,25.81
09/27/2025,09,5GNR,Upstate New York,070,Buffalo,HNRT,0700021,NYNIAGNIAG_CUDABECK_01-HNRT,0011,11,0,0,8,100,10,10,1053.13,0.16,189.8,0.05,0.05,0.07,0.19,17.91,14.13,608.36,0,44.09,98.76,0.04,37.8,NaN,NaN,NaN,NaN,NaN,NaN,NaN,NaN,0,0,NaN,0,0,NaN,NaN,NaN,NaN,NaN,NaN,NaN,NaN,NaN,NaN,NaN,NaN,0,0,0,0,0,615.73
09/27/2025,09,5GNR,Upstate New York,070,Buffalo,HNRT,0700021,NYNIAGNIAG_CUDABECK_01-HNRT,0012,12,0,0,6,100,4,4,3.5,0,16.37,0,0,0,2.17,16.28,10.98,2.54,0,0.04,0.1,0,3.32,NaN,NaN,NaN,NaN,NaN,NaN,NaN,NaN,0,0,NaN,0,0,NaN,NaN,NaN,NaN,NaN,NaN,NaN,NaN,NaN,NaN,NaN,NaN,0,0,0,0,0,2.54
09/27/2025,09,5GNR,Upstate New York,070,Buffalo,HNRT,0700021,NYNIAGNIAG_CUDABECK_03-HNRT,0205,205,6.67,1,15,100,16,16,17.03,0.01,50.88,0,0,0,0.53,16.39,12.32,8.8,0,0.45,1.54,0,1.87,NaN,NaN,NaN,NaN,NaN,NaN,NaN,NaN,0,0,NaN,0,0,NaN,NaN,NaN,NaN,NaN,NaN,NaN,NaN,NaN,NaN,NaN,NaN,0,0,0,0,0,8.8
09/27/2025,09,5GNR,Upstate New York,070,Buffalo,HNRT,0700021,NYNIAGNIAG_CUDABECK_03-HNRT,0206,206,0,0,4,100,3,3,5.42,0,30.67,0,0,0,1.86,16.63,12.22,3.89,0,0.17,0.71,0,1.09,NaN,NaN,NaN,NaN,NaN,NaN,NaN,NaN,0,0,NaN,0,0,NaN,NaN,NaN,NaN,NaN,NaN,NaN,NaN,NaN,NaN,NaN,NaN,0,0,0,0,0,3.89
09/27/2025,09,5GNR,Upstate New York,070,Buffalo,HNRT,0700021,NYNIAGNIAG_CUDABECK_03-HNRT,0207,207,9.38,3,32,100,36,36,81.5,0.04,26.86,0.05,0.1,0.21,0.08,18,11.28,40.64,0,259.06,294.96,0.19,37.47,NaN,NaN,NaN,NaN,NaN,NaN,NaN,NaN,0,0,NaN,0,0,NaN,NaN,NaN,NaN,NaN,NaN,NaN,NaN,NaN,NaN,NaN,NaN,0,0,0,0,0,40.72
09/27/2025,09,5GNR,Upstate New York,070,Buffalo,HNRT,0700021,NYNIAGNIAG_DUDLEYAVE_01-HNRT,0013,13,9.09,1,11,100,6,6,0.49,0,11.74,0,0,0,12.66,15.51,4.76,0.35,0,0.04,0.06,0,0.81,NaN,NaN,NaN,NaN,NaN,NaN,NaN,NaN,0,0,NaN,0,0,NaN,NaN,NaN,NaN,NaN,NaN,NaN,NaN,NaN,NaN,NaN,NaN,0,0,0,0,0,0.35
09/27/2025,09,5GNR,Upstate New York,070,Buffalo,HNRT,0700021,NYNIAGNIAG_DUDLEYAVE_01-HNRT,0014,14,20,1,5,100,5,5,40.71,0.02,34.83,0,0,0,1.81,16.37,9.89,15.51,0,0.12,0.56,0,0.73,NaN,NaN,NaN,NaN,NaN,NaN,NaN,NaN,0,0,NaN,0,0,NaN,NaN,NaN,NaN,NaN,NaN,NaN,NaN,NaN,NaN,NaN,NaN,0,0,0,0,0,25.92
09/27/2025,09,5GNR,Upstate New York,070,Buffalo,HNRT,0700021,NYNIAGNIAG_DUDLEYAVE_01-HNRT,0015,15,45.45,5,11,100,11,11,0.37,0,18.38,0.02,0.02,0.03,13.39,16.37,12.79,0.2,0,0.05,0.48,0,0,NaN,NaN,NaN,NaN,NaN,NaN,NaN,NaN,0,0,NaN,0,0,NaN,NaN,NaN,NaN,NaN,NaN,NaN,NaN,NaN,NaN,NaN,NaN,0,0,0,0,0,0.2
09/27/2025,09,5GNR,Upstate New York,070,Buffalo,HNRT,0700021,NYNIAGNIAG_ELMWOOD_01-HNRT,0016,16,NaN,0,0,100,0,0,0,0,NaN,NaN,NaN,NaN,NaN,0,0,0,NaN,0,0,0,NaN,NaN,NaN,NaN,NaN,NaN,NaN,NaN,NaN,0,0,NaN,0,0,NaN,NaN,NaN,NaN,NaN,NaN,NaN,NaN,NaN,NaN,NaN,NaN,0,0,0,0,0,0
09/27/2025,09,5GNR,Upstate New York,070,Buffalo,HNRT,0700021,NYNIAGNIAG_ELMWOOD_01-HNRT,0017,17,0,0,4,100,6,6,6.9,0,45.21,0,0,0,0,18.85,15.02,2.48,0,3.46,9.08,0.01,13.26,NaN,NaN,NaN,NaN,NaN,NaN,NaN,NaN,0,0,NaN,0,0,NaN,NaN,NaN,NaN,NaN,NaN,NaN,NaN,NaN,NaN,NaN,NaN,0,0,0,0,0,2.48
09/27/2025,09,5GNR,Upstate New York,070,Buffalo,HNRT,0700021,NYNIAGNIAG_ELMWOOD_01-HNRT,0018,18,0,0,2,100,2,2,83.68,0.01,33.59,0,0,0,0.59,16.37,16.55,0.76,0,0.03,0.85,0,3.12,NaN,NaN,NaN,NaN,NaN,NaN,NaN,NaN,0,0,NaN,0,0,NaN,NaN,NaN,NaN,NaN,NaN,NaN,NaN,NaN,NaN,NaN,NaN,0,0,0,0,0,48.42
09/27/2025,09,5GNR,Upstate New York,070,Buffalo,HNRT,0700021,NYNIAGNIAG_ELMWOOD_02-HNRT,0019,19,0,0,5,100,5,5,806.94,0.11,201.32,0.02,0.01,0,0.01,18.02,22.66,236.95,0,374.34,559.25,0.13,101.08,NaN,NaN,NaN,NaN,NaN,NaN,NaN,NaN,0,0,NaN,0,0,NaN,NaN,NaN,NaN,NaN,NaN,NaN,NaN,NaN,NaN,NaN,NaN,0,0,0,0,0,435.3
09/27/2025,09,5GNR,Upstate New York,070,Buffalo,HNRT,0700021,NYNIAGNIAG_ELMWOOD_02-HNRT,0020,20,16.67,1,6,100,6,6,3557.34,1.93,100.6,0,0,0,0.52,17.04,13.1,2830.77,0,21.26,49.42,0.03,6.02,NaN,NaN,NaN,NaN,NaN,NaN,NaN,NaN,0,0,NaN,0,0,NaN,NaN,NaN,NaN,NaN,NaN,NaN,NaN,NaN,NaN,NaN,NaN,0,0,0,0,0,2830.77
09/27/2025,09,5GNR,Upstate New York,070,Buffalo,HNRT,0700021,NYNIAGNIAG_ELMWOOD_02-HNRT,0021,21,0,0,2,100,2,2,2.55,0,85.61,0,0,0,0.49,17.57,18.08,0.96,0,0.11,0.33,0,7.47,NaN,NaN,NaN,NaN,NaN,NaN,NaN,NaN,0,0,NaN,0,0,NaN,NaN,NaN,NaN,NaN,NaN,NaN,NaN,NaN,NaN,NaN,NaN,0,0,0,0,0,0.96
09/27/2025,09,5GNR,Upstate New York,070,Buffalo,HNRT,0700021,NYNIAGNIAG_FERRYAVE_01-HNRT,0100,100,5.88,1,17,100,16,16,176.46,0.03,277.1,0.01,0.03,0.1,0.5,17.06,16.51,97.05,0,7.11,13.68,0.01,9.36,NaN,NaN,NaN,NaN,NaN,NaN,NaN,NaN,0,0,NaN,0,0,NaN,NaN,NaN,NaN,NaN,NaN,NaN,NaN,NaN,NaN,NaN,NaN,0,0,0,0,0,97.7
09/27/2025,09,5GNR,Upstate New York,070,Buffalo,HNRT,0700021,NYNIAGNIAG_FERRYAVE_01-HNRT,0101,101,0,0,8,100,4,4,68.09,0.02,167.8,0,0,0,0.28,17.57,12.62,39.48,0,0.11,1.17,0,6.16,NaN,NaN,NaN,NaN,NaN,NaN,NaN,NaN,0,0,NaN,0,0,NaN,NaN,NaN,NaN,NaN,NaN,NaN,NaN,NaN,NaN,NaN,NaN,0,0,0,0,0,39.81
09/27/2025,09,5GNR,Upstate New York,070,Buffalo,HNRT,0700021,NYNIAGNIAG_FERRYAVE_01-HNRT,0102,102,23.08,3,13,100,8,8,68.04,0.06,94.74,0,0,0,10.58,17.29,11.36,50.94,0,0.1,0.73,0,4.46,NaN,NaN,NaN,NaN,NaN,NaN,NaN,NaN,0,0,NaN,0,0,NaN,NaN,NaN,NaN,NaN,NaN,NaN,NaN,NaN,NaN,NaN,NaN,0,0,0,0,0,50.99
09/27/2025,09,5GNR,Upstate New York,070,Buffalo,HNRT,0700021,NYNIAGNIAG_FERRYAVE_04-HNRT,0208,208,20,1,5,100,5,5,74.2,0.01,113.82,0,0,0,0.52,17.27,15.24,17.28,0,8.08,18.39,0.01,15.48,NaN,NaN,NaN,NaN,NaN,NaN,NaN,NaN,0,0,NaN,0,0,NaN,NaN,NaN,NaN,NaN,NaN,NaN,NaN,NaN,NaN,NaN,NaN,0,0,0,0,0,38.73
09/27/2025,09,5GNR,Upstate New York,070,Buffalo,HNRT,0700021,NYNIAGNIAG_FERRYAVE_04-HNRT,0209,209,NaN,0,0,100,0,0,0,0,NaN,NaN,NaN,NaN,NaN,0,0,0,NaN,0,0,0,NaN,NaN,NaN,NaN,NaN,NaN,NaN,NaN,NaN,0,0,NaN,0,0,NaN,NaN,NaN,NaN,NaN,NaN,NaN,NaN,NaN,NaN,NaN,NaN,0,0,0,0,0,0
09/27/2025,09,5GNR,Upstate New York,070,Buffalo,HNRT,0700021,NYNIAGNIAG_FERRYAVE_04-HNRT,0210,210,8.33,1,12,100,11,11,81.48,0.03,147.48,0,0,0,1.07,16.97,15.19,54.37,0,0.26,1.86,0,0.63,NaN,NaN,NaN,NaN,NaN,NaN,NaN,NaN,0,0,NaN,0,0,NaN,127000,127000,NaN,NaN,NaN,0,NaN,NaN,0,NaN,0,0,0,0,0,0,57.67
09/27/2025,09,5GNR,Upstate New York,070,Buffalo,HNRT,0700021,NYNIAGNIAG_FORESTAVE_01-HNRT,0022,22,16.67,1,6,100,7,7,1505.05,0.08,515.1,0,0.02,0.09,0.05,18.23,24.73,767.71,0,20.3,88.38,0.02,18.08,NaN,NaN,NaN,NaN,NaN,NaN,NaN,NaN,0,0,NaN,0,0,NaN,NaN,NaN,NaN,NaN,NaN,NaN,NaN,NaN,NaN,NaN,NaN,0,0,0,0,0,767.71
09/27/2025,09,5GNR,Upstate New York,070,Buffalo,HNRT,0700021,NYNIAGNIAG_FORESTAVE_01-HNRT,0023,23,12.5,1,8,100,8,8,9.73,0,78,0,0,0,1.93,16.63,6.94,4.74,0,0.05,0.21,0,0.54,NaN,NaN,NaN,NaN,NaN,NaN,NaN,NaN,0,0,NaN,0,0,NaN,NaN,NaN,NaN,NaN,NaN,NaN,NaN,NaN,NaN,NaN,NaN,0,0,0,0,0,4.74
09/27/2025,09,5GNR,Upstate New York,070,Buffalo,HNRT,0700021,NYNIAGNIAG_FORESTAVE_01-HNRT,0024,24,0,0,21,100,19,19,643.41,0.07,264.91,0.01,0.02,0.06,0.04,18.3,17.48,345.6,0,23.04,48.97,0.02,11.76,NaN,NaN,NaN,NaN,NaN,NaN,NaN,NaN,0,0,NaN,0,0,NaN,NaN,NaN,NaN,NaN,NaN,NaN,NaN,NaN,NaN,NaN,NaN,0,0,0,0,0,345.6
09/27/2025,09,5GNR,Upstate New York,070,Buffalo,HNRT,0700021,NYNIAGNIAG_FORESTAVE_02-HNRT,0160,160,4.88,2,41,100,25,25,2546.45,0.31,274.36,0.02,0.03,0.07,0.31,17.88,17.98,1692.75,0,12.56,43.39,0.02,9.55,NaN,NaN,NaN,NaN,NaN,NaN,NaN,NaN,0,0,NaN,0,0,NaN,NaN,NaN,NaN,NaN,NaN,NaN,NaN,NaN,NaN,NaN,NaN,0,0,0,0,0,1692.75
09/27/2025,09,5GNR,Upstate New York,070,Buffalo,HNRT,0700021,NYNIAGNIAG_FORESTAVE_02-HNRT,0161,161,15.38,2,13,100,7,7,5.96,0.01,19.26,0.33,0.28,0.06,13.08,15.55,8.17,3.68,0,0.05,0.16,0,0.4,NaN,NaN,NaN,NaN,NaN,NaN,NaN,NaN,0,0,NaN,0,0,NaN,NaN,NaN,NaN,NaN,NaN,NaN,NaN,NaN,NaN,NaN,NaN,0,0,0,0,0,3.68
09/27/2025,09,5GNR,Upstate New York,070,Buffalo,HNRT,0700021,NYNIAGNIAG_FORESTAVE_02-HNRT,0162,162,0,0,9,100,8,8,1100.56,0.08,437.36,0.01,0.01,0.05,0.07,18.23,16.1,562.19,0,28.27,72.39,0.02,46.67,NaN,NaN,NaN,NaN,NaN,NaN,NaN,NaN,0,0,NaN,0,0,NaN,NaN,NaN,NaN,NaN,NaN,NaN,NaN,NaN,NaN,NaN,NaN,0,0,0,0,0,562.19
09/27/2025,09,5GNR,Upstate New York,070,Buffalo,HNRT,0700021,NYNIAGNIAG_FORESTAVE_03-HNRT,0097,97,0,0,8,100,12,12,52.97,0.02,117.75,0,0,0,0.03,18.58,15.9,28.01,0,46.22,68.67,0.04,24.45,NaN,NaN,NaN,NaN,NaN,NaN,NaN,NaN,0,0,NaN,0,0,NaN,NaN,NaN,NaN,NaN,NaN,NaN,NaN,NaN,NaN,NaN,NaN,0,0,0,0,0,28.01
09/27/2025,09,5GNR,Upstate New York,070,Buffalo,HNRT,0700021,NYNIAGNIAG_FORESTAVE_03-HNRT,0098,98,4.35,1,23,100,28,28,824.01,0.1,180.36,0.06,0.08,0.14,0.02,18.43,15.98,511.94,0,102.05,156.63,0.09,25.17,NaN,NaN,NaN,NaN,NaN,NaN,NaN,NaN,0,0,NaN,0,0,NaN,NaN,NaN,NaN,NaN,NaN,NaN,NaN,NaN,NaN,NaN,NaN,0,0,0,0,0,511.94
09/27/2025,09,5GNR,Upstate New York,070,Buffalo,HNRT,0700021,NYNIAGNIAG_FORESTAVE_03-HNRT,0099,99,22.22,2,9,100,6,6,7.47,0,96.21,0,0,0,4.08,16.96,12.11,5.32,0,0.04,0.12,0,2.74,NaN,NaN,NaN,NaN,NaN,NaN,NaN,NaN,0,0,NaN,0,0,NaN,NaN,NaN,NaN,NaN,NaN,NaN,NaN,NaN,NaN,NaN,NaN,0,0,0,0,0,5.32
09/27/2025,09,5GNR,Upstate New York,070,Buffalo,HNRT,0700021,NYNIAGNIAG_FORTAVE_01-HNRT,0025,25,0,0,41,100,42,42,219.53,0.03,127.24,0,0,0,0.12,18.75,19.05,75.94,0,9.73,41.92,0.02,24.76,NaN,NaN,NaN,NaN,NaN,NaN,NaN,NaN,0,0,NaN,0,0,NaN,NaN,NaN,NaN,NaN,NaN,NaN,NaN,NaN,NaN,NaN,NaN,0,0,0,0,0,100
09/27/2025,09,5GNR,Upstate New York,070,Buffalo,HNRT,0700021,NYNIAGNIAG_FORTAVE_01-HNRT,0026,26,0,0,22,100,11,11,49.55,0.02,32.02,0.01,0.01,0.01,2.2,16.8,14.95,12.51,0,1.72,5.23,0,3.76,NaN,NaN,NaN,NaN,NaN,NaN,NaN,NaN,0,0,NaN,0,0,NaN,NaN,NaN,NaN,NaN,NaN,NaN,NaN,NaN,NaN,NaN,NaN,0,0,0,0,0,29.64
09/27/2025,09,5GNR,Upstate New York,070,Buffalo,HNRT,0700021,NYNIAGNIAG_FORTAVE_01-HNRT,0027,27,3.12,1,32,100,24,24,13.01,0.01,54.67,0,0,0,21.59,16.04,10.99,8.17,0,0.31,0.8,0,1.13,NaN,NaN,NaN,NaN,NaN,NaN,NaN,NaN,0,0,NaN,0,0,NaN,NaN,NaN,NaN,NaN,NaN,NaN,NaN,NaN,NaN,NaN,NaN,0,0,0,0,0,8.17
09/27/2025,09,5GNR,Upstate New York,070,Buffalo,HNRT,0700021,NYNIAGNIAG_FORTAVE_02-HNRT,0028,28,4.35,1,23,100,26,26,26.25,0.01,49.12,0.03,0.04,0.05,0.11,18.49,12.07,9.24,0,8.06,17.31,0.01,5.32,NaN,NaN,NaN,NaN,NaN,NaN,NaN,NaN,0,0,NaN,0,0,NaN,NaN,NaN,NaN,NaN,NaN,NaN,NaN,NaN,NaN,NaN,NaN,0,0,0,0,0,9.25
09/27/2025,09,5GNR,Upstate New York,070,Buffalo,HNRT,0700021,NYNIAGNIAG_FORTAVE_02-HNRT,0029,29,0,0,7,100,6,6,2.13,0,30.07,0,0,0,1.65,15.78,8.17,1.26,0,0.04,0.14,0,0.46,NaN,NaN,NaN,NaN,NaN,NaN,NaN,NaN,0,0,NaN,0,0,NaN,NaN,NaN,NaN,NaN,NaN,NaN,NaN,NaN,NaN,NaN,NaN,0,0,0,0,0,1.26
09/27/2025,09,5GNR,Upstate New York,070,Buffalo,HNRT,0700021,NYNIAGNIAG_FORTAVE_02-HNRT,0030,30,0,0,2,100,2,2,385.96,0.2,83.57,0,0,0.01,0.14,12.61,7.21,250.79,0,0.01,2.41,0,3.64,NaN,NaN,NaN,NaN,NaN,NaN,NaN,NaN,0,0,NaN,0,0,NaN,NaN,NaN,NaN,NaN,NaN,NaN,NaN,NaN,NaN,NaN,NaN,0,0,0,0,0,250.79
09/27/2025,09,5GNR,Upstate New York,070,Buffalo,HNRT,0700021,NYNIAGNIAG_FORTAVE_03-HNRT,0031,31,0,0,23,100,24,24,157.85,0.04,87.93,0.03,0.03,0.05,2.21,17.1,13.56,65.49,0,3.69,6.87,0.01,5.31,NaN,NaN,NaN,NaN,NaN,NaN,NaN,NaN,0,0,NaN,0,0,NaN,NaN,NaN,NaN,NaN,NaN,NaN,NaN,NaN,NaN,NaN,NaN,0,0,0,0,0,102.3
09/27/2025,09,5GNR,Upstate New York,070,Buffalo,HNRT,0700021,NYNIAGNIAG_FORTAVE_03-HNRT,0032,32,0,0,1,100,1,1,2.59,0,40.87,0,0,0,1.46,17.21,15.19,0.22,0,0.12,0.26,0,7.54,NaN,NaN,NaN,NaN,NaN,NaN,NaN,NaN,0,0,NaN,0,0,NaN,NaN,NaN,NaN,NaN,NaN,NaN,NaN,NaN,NaN,NaN,NaN,0,0,0,0,0,1.86
09/27/2025,09,5GNR,Upstate New York,070,Buffalo,HNRT,0700021,NYNIAGNIAG_FORTAVE_03-HNRT,0033,33,0,0,18,100,17,17,373.74,0.03,105.1,0.01,0.01,0.01,0.12,18.06,20.03,142.33,0,26.51,106.74,0.02,68.69,NaN,NaN,NaN,NaN,NaN,NaN,NaN,NaN,0,0,NaN,0,0,NaN,NaN,NaN,NaN,NaN,NaN,NaN,NaN,NaN,NaN,NaN,NaN,0,0,0,0,0,142.33
09/27/2025,09,5GNR,Upstate New York,070,Buffalo,HNRT,0700021,NYNIAGNIAG_INDEPENDENCE_01-HNRT,0103,103,40,2,5,100,4,4,11330.06,1.8,250.47,0.01,0.01,0.01,0.01,16.91,16.62,6551.5,0,4029.21,5255.33,1.68,75.19,NaN,NaN,NaN,NaN,NaN,NaN,NaN,NaN,0,0,NaN,0,0,NaN,NaN,NaN,NaN,NaN,NaN,NaN,NaN,NaN,NaN,NaN,NaN,0,0,0,0,0,6551.52
09/27/2025,09,5GNR,Upstate New York,070,Buffalo,HNRT,0700021,NYNIAGNIAG_INDEPENDENCE_01-HNRT,0104,104,14.29,1,7,100,6,6,41.79,0.01,108.65,0,0,0,1.11,17.34,12.19,17.91,0,14.35,19.09,0.02,12.34,NaN,NaN,NaN,NaN,NaN,NaN,NaN,NaN,0,0,NaN,0,0,NaN,NaN,NaN,NaN,NaN,NaN,NaN,NaN,NaN,NaN,NaN,NaN,0,0,0,0,0,17.93
09/27/2025,09,5GNR,Upstate New York,070,Buffalo,HNRT,0700021,NYNIAGNIAG_INDEPENDENCE_01-HNRT,0105,105,0,0,7,100,4,4,22.52,0.01,26.32,0,0,0,0.92,16.34,15.06,7.38,0,2.24,4.31,0,6.74,NaN,NaN,NaN,NaN,NaN,NaN,NaN,NaN,0,0,NaN,0,0,NaN,NaN,NaN,NaN,NaN,NaN,NaN,NaN,NaN,NaN,NaN,NaN,0,0,0,0,0,7.38
09/27/2025,09,5GNR,Upstate New York,070,Buffalo,HNRT,0700021,NYNIAGNIAG_INDEPENDENCE_02-HNRT,0034,34,3.12,1,32,100,35,35,181.79,0.03,152.22,0,0,0,0.05,18.52,18.37,94.36,0,13.72,113.42,0.05,18.43,NaN,NaN,NaN,NaN,NaN,NaN,NaN,NaN,0,0,NaN,0,0,NaN,NaN,NaN,NaN,NaN,NaN,NaN,NaN,NaN,NaN,NaN,NaN,0,0,0,0,0,94.36
09/27/2025,09,5GNR,Upstate New York,070,Buffalo,HNRT,0700021,NYNIAGNIAG_INDEPENDENCE_02-HNRT,0035,35,0,0,23,100,13,13,68.21,0.02,35.73,0.01,0.01,0,4.58,16.92,15.49,21.19,0,0.74,9.29,0.01,4.47,NaN,NaN,NaN,NaN,NaN,NaN,NaN,NaN,0,0,NaN,0,0,NaN,NaN,NaN,NaN,NaN,NaN,NaN,NaN,NaN,NaN,NaN,NaN,0,0,0,0,0,21.19
09/27/2025,09,5GNR,Upstate New York,070,Buffalo,HNRT,0700021,NYNIAGNIAG_INDEPENDENCE_02-HNRT,0036,36,0,0,14,100,15,15,5.56,0,34.59,0.02,0.02,0.02,0.06,18.87,17.56,3.19,0,0.73,6.67,0,2.12,NaN,NaN,NaN,NaN,NaN,NaN,NaN,NaN,0,0,NaN,0,0,NaN,NaN,NaN,NaN,NaN,NaN,NaN,NaN,NaN,NaN,NaN,NaN,0,0,0,0,0,3.32
09/27/2025,09,5GNR,Upstate New York,070,Buffalo,HNRT,0700021,NYNIAGNIAG_INDEPENDENCE_03-HNRT,0037,37,0,0,46,100,35,35,792.24,0.14,115.74,0.13,0.11,0.07,0.05,18.23,17.6,366.48,0,71.14,131.33,0.05,20.45,NaN,NaN,NaN,NaN,NaN,NaN,NaN,NaN,0,0,NaN,0,0,NaN,NaN,NaN,NaN,NaN,NaN,NaN,NaN,NaN,NaN,NaN,NaN,0,0,0,0,0,367.35
09/27/2025,09,5GNR,Upstate New York,070,Buffalo,HNRT,0700021,NYNIAGNIAG_INDEPENDENCE_03-HNRT,0038,38,0,0,5,100,2,2,0.02,0,7.83,0,0,0,24.91,13.71,-1.68,0.01,0,0,0.01,0,0.14,NaN,NaN,NaN,NaN,NaN,NaN,NaN,NaN,0,0,NaN,0,0,NaN,NaN,NaN,NaN,NaN,NaN,NaN,NaN,NaN,NaN,NaN,NaN,0,0,0,0,0,0.01
09/27/2025,09,5GNR,Upstate New York,070,Buffalo,HNRT,0700021,NYNIAGNIAG_INDEPENDENCE_03-HNRT,0039,39,0,0,6,100,5,5,2.68,0,24.11,0,0,0,14.67,15.72,8.69,0.36,0,0.04,0.08,0,NaN,NaN,NaN,NaN,NaN,NaN,NaN,NaN,NaN,0,0,NaN,0,0,NaN,NaN,NaN,NaN,NaN,NaN,NaN,NaN,NaN,NaN,NaN,NaN,0,0,0,0,0,1.59
09/27/2025,09,5GNR,Upstate New York,070,Buffalo,HNRT,0700021,NYNIAGNIAG_INDEPENDENCE_04-HNRT,0040,40,0,0,9,100,10,10,709.17,0.07,139.35,0.01,0,0,0.01,18.23,19.63,230.93,0,12.26,37.09,0.01,62.33,NaN,NaN,NaN,NaN,NaN,NaN,NaN,NaN,0,0,NaN,0,0,NaN,NaN,NaN,NaN,NaN,NaN,NaN,NaN,NaN,NaN,NaN,NaN,0,0,0,0,0,230.93
09/27/2025,09,5GNR,Upstate New York,070,Buffalo,HNRT,0700021,NYNIAGNIAG_INDEPENDENCE_04-HNRT,0041,41,0,0,8,100,3,3,0.93,0,34.24,0,0,0,10.31,17.18,13.11,0.44,0,0.1,0.18,0,5.42,NaN,NaN,NaN,NaN,NaN,NaN,NaN,NaN,0,0,NaN,0,0,NaN,NaN,NaN,NaN,NaN,NaN,NaN,NaN,NaN,NaN,NaN,NaN,0,0,0,0,0,0.44
09/27/2025,09,5GNR,Upstate New York,070,Buffalo,HNRT,0700021,NYNIAGNIAG_INDEPENDENCE_04-HNRT,0042,42,0,0,23,100,14,14,8155.04,1.25,121.07,0.03,0.05,0.13,0.09,16.79,8.97,4466.73,0,3624.37,3907.37,2.53,39.82,NaN,NaN,NaN,NaN,NaN,NaN,NaN,NaN,0,0,NaN,0,0,NaN,NaN,NaN,NaN,NaN,NaN,NaN,NaN,NaN,NaN,NaN,NaN,0,0,0,0,0,4472.64
09/27/2025,09,5GNR,Upstate New York,070,Buffalo,HNRT,0700021,NYNIAGNIAG_INDEPENDENCE_05-HNRT,0043,43,0,0,5,100,2,2,4.93,0,28.28,0,0,0,15.12,16.22,13.11,2.03,0,0.21,0.41,0,2.83,NaN,NaN,NaN,NaN,NaN,NaN,NaN,NaN,0,0,NaN,0,0,NaN,NaN,NaN,NaN,NaN,NaN,NaN,NaN,NaN,NaN,NaN,NaN,0,0,0,0,0,2.03
09/27/2025,09,5GNR,Upstate New York,070,Buffalo,HNRT,0700021,NYNIAGNIAG_INDEPENDENCE_05-HNRT,0044,44,0,0,15,100,11,11,59.1,0.01,170.12,0.11,0.11,0.11,5.07,16.99,11.36,42.87,0,0.98,1.6,0,2.65,NaN,NaN,NaN,NaN,NaN,NaN,NaN,NaN,0,0,NaN,0,0,NaN,NaN,NaN,NaN,NaN,NaN,NaN,NaN,NaN,NaN,NaN,NaN,0,0,0,0,0,42.88
09/27/2025,09,5GNR,Upstate New York,070,Buffalo,HNRT,0700021,NYNIAGNIAG_INDEPENDENCE_05-HNRT,0045,45,4.35,1,23,100,14,14,174.06,0.05,106.69,0.01,0.01,0.01,1.97,17.1,14.6,106.39,0,11.08,21,0.02,5.42,NaN,NaN,NaN,NaN,NaN,NaN,NaN,NaN,0,0,NaN,0,0,NaN,NaN,NaN,NaN,NaN,NaN,NaN,NaN,NaN,NaN,NaN,NaN,0,0,0,0,0,107.36
09/27/2025,09,5GNR,Upstate New York,070,Buffalo,HNRT,0700021,NYNIAGNIAG_INDEPENDENCE_06-HNRT,0229,229,0,0,10,100,4,4,1.8,0,38.32,0,0,0,4.86,16.34,7.49,0.68,0,0.1,0.18,0,2.52,NaN,NaN,NaN,NaN,NaN,NaN,NaN,NaN,0,0,NaN,0,0,NaN,NaN,NaN,NaN,NaN,NaN,NaN,NaN,NaN,NaN,NaN,NaN,0,0,0,0,0,0.68
09/27/2025,09,5GNR,Upstate New York,070,Buffalo,HNRT,0700021,NYNIAGNIAG_INDEPENDENCE_06-HNRT,0230,230,0,0,6,100,1,1,10.89,0,77.21,0,0,0,1.55,16.97,11.08,6.1,0,0.01,0.12,0,3.54,NaN,NaN,NaN,NaN,NaN,NaN,NaN,NaN,0,0,NaN,0,0,NaN,NaN,NaN,NaN,NaN,NaN,NaN,NaN,NaN,NaN,NaN,NaN,0,0,0,0,0,6.1
09/27/2025,09,5GNR,Upstate New York,070,Buffalo,HNRT,0700021,NYNIAGNIAG_INDEPENDENCE_06-HNRT,0231,231,7.14,1,14,100,5,5,15.72,0.01,38.79,0,0.01,0.03,3.28,16.45,7.96,10.73,0,1.99,2.62,0.01,3.05,NaN,NaN,NaN,NaN,NaN,NaN,NaN,NaN,0,0,NaN,0,0,NaN,NaN,NaN,NaN,NaN,NaN,NaN,NaN,NaN,NaN,NaN,NaN,0,0,0,0,0,10.73
09/27/2025,09,5GNR,Upstate New York,070,Buffalo,HNRT,0700021,NYNIAGNIAG_LASALLEAVE_01-HNRT,0163,163,14.29,2,14,100,16,16,846.55,0.07,145.58,0.07,0.08,0.09,0.02,17.06,20.86,471.97,0,392.47,632.18,0.16,167.36,NaN,NaN,NaN,NaN,NaN,NaN,NaN,NaN,0,0,NaN,0,0,NaN,NaN,NaN,NaN,NaN,NaN,NaN,NaN,NaN,NaN,NaN,NaN,0,0,0,0,0,471.97
09/27/2025,09,5GNR,Upstate New York,070,Buffalo,HNRT,0700021,NYNIAGNIAG_LASALLEAVE_01-HNRT,0164,164,7.69,1,13,100,8,8,1368.7,0.82,82.35,0,0,0.03,0.48,16.65,12.71,1055.03,0,55.93,90.96,0.07,5.33,NaN,NaN,NaN,NaN,NaN,NaN,NaN,NaN,0,0,NaN,0,0,NaN,NaN,NaN,NaN,NaN,NaN,NaN,NaN,NaN,NaN,NaN,NaN,0,0,0,0,0,1055.03
09/27/2025,09,5GNR,Upstate New York,070,Buffalo,HNRT,0700021,NYNIAGNIAG_LASALLEAVE_01-HNRT,0165,165,0,0,6,100,4,4,1.16,0,72.33,0,0,0,11.57,14.89,10.4,0.75,0,0.1,0.16,0,1.49,NaN,NaN,NaN,NaN,NaN,NaN,NaN,NaN,0,0,NaN,0,0,NaN,NaN,NaN,NaN,NaN,NaN,NaN,NaN,NaN,NaN,NaN,NaN,0,0,0,0,0,0.75
09/27/2025,09,5GNR,Upstate New York,070,Buffalo,HNRT,0700021,NYNIAGNIAG_LASALLEAVE_02-HNRT,0046,46,0,0,4,100,5,5,6117.58,0.37,224.34,0,0,0,0.04,16.98,22.37,2820.81,0,573.29,1553.13,0.32,82.35,NaN,NaN,NaN,NaN,NaN,NaN,NaN,NaN,0,0,NaN,0,0,NaN,NaN,NaN,NaN,NaN,NaN,NaN,NaN,NaN,NaN,NaN,NaN,0,0,0,0,0,2820.81
09/27/2025,09,5GNR,Upstate New York,070,Buffalo,HNRT,0700021,NYNIAGNIAG_LASALLEAVE_02-HNRT,0047,47,0,0,4,100,8,8,7057.79,0.64,267.48,0,0,0.01,0.22,17.21,17.36,3779.52,0,42.77,136.64,0.05,57.65,NaN,NaN,NaN,NaN,NaN,NaN,NaN,NaN,0,0,NaN,0,0,NaN,NaN,NaN,NaN,NaN,NaN,NaN,NaN,NaN,NaN,NaN,NaN,0,0,0,0,0,3779.59
09/27/2025,09,5GNR,Upstate New York,070,Buffalo,HNRT,0700021,NYNIAGNIAG_LASALLEAVE_02-HNRT,0048,48,11.11,1,9,100,3,3,0.85,0,34.8,0,0,0,20.93,15.31,11.3,0.34,0,0.03,0.14,0,1.94,NaN,NaN,NaN,NaN,NaN,NaN,NaN,NaN,0,0,NaN,0,0,NaN,NaN,NaN,NaN,NaN,NaN,NaN,NaN,NaN,NaN,NaN,NaN,0,0,0,0,0,0.34
09/27/2025,09,5GNR,Upstate New York,070,Buffalo,HNRT,0700021,NYNIAGNIAG_LASALLEAVE_03-HNRT,0049,49,0,0,27,100,13,13,6.25,0,9.46,0.01,0.01,0,5.35,16.92,14.38,3.65,0,0.52,1.21,0,4.74,NaN,NaN,NaN,NaN,NaN,NaN,NaN,NaN,0,0,NaN,0,0,NaN,NaN,NaN,NaN,NaN,NaN,NaN,NaN,NaN,NaN,NaN,NaN,0,0,0,0,0,3.65
09/27/2025,09,5GNR,Upstate New York,070,Buffalo,HNRT,0700021,NYNIAGNIAG_LASALLEAVE_03-HNRT,0050,50,12.2,5,41,100,20,20,179.99,0.08,34.14,0,0,0.01,4.8,15.73,14,74.66,0,4.12,10.18,0.01,4.58,NaN,NaN,NaN,NaN,NaN,NaN,NaN,NaN,0,0,NaN,0,0,NaN,NaN,NaN,NaN,NaN,NaN,NaN,NaN,NaN,NaN,NaN,NaN,0,0,0,0,0,74.66
09/27/2025,09,5GNR,Upstate New York,070,Buffalo,HNRT,0700021,NYNIAGNIAG_LASALLEAVE_03-HNRT,0051,51,5.88,1,17,100,7,7,43.33,0.01,80.18,0,0.02,0.09,0.71,16.73,16.35,24.89,0,1.51,7.16,0.01,2.2,NaN,NaN,NaN,NaN,NaN,NaN,NaN,NaN,0,0,NaN,0,0,NaN,NaN,NaN,NaN,NaN,NaN,NaN,NaN,NaN,NaN,NaN,NaN,0,0,0,0,0,24.89
09/27/2025,09,5GNR,Upstate New York,070,Buffalo,HNRT,0700021,NYNIAGNIAG_LINWOODAVE_01-HNRT,0175,175,0,0,7,100,4,4,21.86,0.01,73.3,0,0,0,10.43,13.93,12.84,12.13,0,0.16,1,0,10.12,NaN,NaN,NaN,NaN,NaN,NaN,NaN,NaN,0,0,NaN,0,0,NaN,NaN,NaN,NaN,NaN,NaN,NaN,NaN,NaN,NaN,NaN,NaN,0,0,0,0,0,12.13
09/27/2025,09,5GNR,Upstate New York,070,Buffalo,HNRT,0700021,NYNIAGNIAG_LINWOODAVE_01-HNRT,0176,176,5.56,1,18,100,17,17,2309.29,0.26,220.7,0.02,0.02,0.02,0.07,17.52,18.9,1613.46,0,14.56,43.98,0.02,15.13,NaN,NaN,NaN,NaN,NaN,NaN,NaN,NaN,0,0,NaN,0,0,NaN,NaN,NaN,NaN,NaN,NaN,NaN,NaN,NaN,NaN,NaN,NaN,0,0,0,0,0,1613.46
09/27/2025,09,5GNR,Upstate New York,070,Buffalo,HNRT,0700021,NYNIAGNIAG_LINWOODAVE_01-HNRT,0177,177,0,0,13,100,8,8,24.18,0.01,24.77,0,0,0,0.11,15.47,11.24,12.18,0,0.79,3.84,0,6.77,NaN,NaN,NaN,NaN,NaN,NaN,NaN,NaN,0,0,NaN,0,0,NaN,NaN,NaN,NaN,NaN,NaN,NaN,NaN,NaN,NaN,NaN,NaN,0,0,0,0,0,12.18
09/27/2025,09,5GNR,Upstate New York,070,Buffalo,HNRT,0700021,NYNIAGNIAG_LINWOODAVE_02-HNRT,0127,127,0,0,2,100,0,0,1.91,0,35.16,0,0,0,1.9,17.1,14.44,0.53,NaN,0,0.11,0,0,NaN,NaN,NaN,NaN,NaN,NaN,NaN,NaN,0,0,NaN,0,0,NaN,NaN,NaN,NaN,NaN,NaN,NaN,NaN,NaN,NaN,NaN,NaN,0,0,0,0,0,0.53
09/27/2025,09,5GNR,Upstate New York,070,Buffalo,HNRT,0700021,NYNIAGNIAG_LINWOODAVE_02-HNRT,0128,128,0,0,5,100,3,3,46.71,0.01,68.05,0,0,0,0.67,16.92,12.71,16.68,0,1.36,3.97,0,5.35,NaN,NaN,NaN,NaN,NaN,NaN,NaN,NaN,0,0,NaN,0,0,NaN,NaN,NaN,NaN,NaN,NaN,NaN,NaN,NaN,NaN,NaN,NaN,0,0,0,0,0,16.68
09/27/2025,09,5GNR,Upstate New York,070,Buffalo,HNRT,0700021,NYNIAGNIAG_LINWOODAVE_02-HNRT,0129,129,0,0,9,100,10,10,1377.61,0.11,288.32,0,0,0,0.06,18.2,18.06,812.56,0,17.7,45.86,0.02,17.89,NaN,NaN,NaN,NaN,NaN,NaN,NaN,NaN,0,0,NaN,0,0,NaN,NaN,NaN,NaN,NaN,NaN,NaN,NaN,NaN,NaN,NaN,NaN,0,0,0,0,0,812.56
09/27/2025,09,5GNR,Upstate New York,070,Buffalo,HNRT,0700021,NYNIAGNIAG_LINWOODAVE_04-HNRT,0130,130,NaN,0,0,100,0,0,0,0,NaN,NaN,NaN,NaN,NaN,0,0,0,NaN,0,0,0,NaN,NaN,NaN,NaN,NaN,NaN,NaN,NaN,NaN,0,0,NaN,0,0,NaN,NaN,NaN,NaN,NaN,NaN,NaN,NaN,NaN,NaN,NaN,NaN,0,0,0,0,0,0
09/27/2025,09,5GNR,Upstate New York,070,Buffalo,HNRT,0700021,NYNIAGNIAG_LINWOODAVE_04-HNRT,0131,131,0,0,11,100,3,3,13.53,0.01,19.72,0.07,0.16,0.47,0.98,15.09,12.22,6.48,0,0.28,1.91,0,3.5,NaN,NaN,NaN,NaN,NaN,NaN,NaN,NaN,0,0,NaN,0,0,NaN,NaN,NaN,NaN,NaN,NaN,NaN,NaN,NaN,NaN,NaN,NaN,0,0,0,0,0,6.48
09/27/2025,09,5GNR,Upstate New York,070,Buffalo,HNRT,0700021,NYNIAGNIAG_LINWOODAVE_04-HNRT,0132,132,0,0,3,100,1,1,0.53,0,5.47,0,0,0,1.75,16.44,13.04,0.26,0,0.11,0.63,0,0.71,NaN,NaN,NaN,NaN,NaN,NaN,NaN,NaN,0,0,NaN,0,0,NaN,NaN,NaN,NaN,NaN,NaN,NaN,NaN,NaN,NaN,NaN,NaN,0,0,0,0,0,0.26
09/27/2025,09,5GNR,Upstate New York,070,Buffalo,HNRT,0700021,NYNIAGNIAG_LIVINSGSTON_01- HNRT,0106,106,0,0,3,100,0,0,7.86,0,64.67,0,0,0,0.34,17.01,18.5,2.85,NaN,0.09,0.29,0,10.16,NaN,NaN,NaN,NaN,NaN,NaN,NaN,NaN,0,0,NaN,0,0,NaN,NaN,NaN,NaN,NaN,NaN,NaN,NaN,NaN,NaN,NaN,NaN,0,0,0,0,0,2.85
09/27/2025,09,5GNR,Upstate New York,070,Buffalo,HNRT,0700021,NYNIAGNIAG_LIVINSGSTON_01- HNRT,0107,107,0,0,3,100,1,1,2.79,0,74.62,0,0,0,0,17.21,18.42,1.22,0,0.15,0.32,0,25.53,NaN,NaN,NaN,NaN,NaN,NaN,NaN,NaN,0,0,NaN,0,0,NaN,NaN,NaN,NaN,NaN,NaN,NaN,NaN,NaN,NaN,NaN,NaN,0,0,0,0,0,1.22
09/27/2025,09,5GNR,Upstate New York,070,Buffalo,HNRT,0700021,NYNIAGNIAG_LIVINSGSTON_01- HNRT,0108,108,0,0,8,100,7,7,5.83,0,46.99,0,0,0,1.1,16.87,15.1,3.41,0,0.29,0.88,0,5.85,NaN,NaN,NaN,NaN,NaN,NaN,NaN,NaN,0,0,NaN,0,0,NaN,NaN,NaN,NaN,NaN,NaN,NaN,NaN,NaN,NaN,NaN,NaN,0,0,0,0,0,3.41
09/27/2025,09,5GNR,Upstate New York,070,Buffalo,HNRT,0700021,NYNIAGNIAG_LIVINSGSTON_02-HNRT,0052,52,11.11,1,9,100,8,8,8.58,0,19.56,0.01,0.01,0,2.4,17.24,16.69,2.57,0,6.92,12.12,0.01,16.64,NaN,NaN,NaN,NaN,NaN,NaN,NaN,NaN,0,0,NaN,0,0,NaN,NaN,NaN,NaN,NaN,NaN,NaN,NaN,NaN,NaN,NaN,NaN,0,0,0,0,0,2.57
09/27/2025,09,5GNR,Upstate New York,070,Buffalo,HNRT,0700021,NYNIAGNIAG_LIVINSGSTON_02-HNRT,0053,53,0,0,9,100,2,2,1.85,0,31.65,0,0,0,0.67,17.46,12.8,0.78,0,0.29,0.53,0,4.59,NaN,NaN,NaN,NaN,NaN,NaN,NaN,NaN,0,0,NaN,0,0,NaN,NaN,NaN,NaN,NaN,NaN,NaN,NaN,NaN,NaN,NaN,NaN,0,0,0,0,0,0.78
09/27/2025,09,5GNR,Upstate New York,070,Buffalo,HNRT,0700021,NYNIAGNIAG_LIVINSGSTON_02-HNRT,0054,54,0,0,3,100,1,1,2,0,59.4,0,0,0,0.04,18.17,17.25,0.68,0,0.29,0.66,0,25.55,NaN,NaN,NaN,NaN,NaN,NaN,NaN,NaN,0,0,NaN,0,0,NaN,NaN,NaN,NaN,NaN,NaN,NaN,NaN,NaN,NaN,NaN,NaN,0,0,0,0,0,0.68
09/27/2025,09,5GNR,Upstate New York,070,Buffalo,HNRT,0700021,NYNIAGNIAG_LIVINSGSTON_03-HNRT,0055,55,5.56,1,18,100,11,11,644.88,0.09,128.16,0.01,0.01,0.02,0.19,17.28,17.1,264.06,0,14.15,42.24,0.02,8.87,NaN,NaN,NaN,NaN,NaN,NaN,NaN,NaN,0,0,NaN,0,0,NaN,NaN,NaN,NaN,NaN,NaN,NaN,NaN,NaN,NaN,NaN,NaN,0,0,0,0,0,264.06
09/27/2025,09,5GNR,Upstate New York,070,Buffalo,HNRT,0700021,NYNIAGNIAG_LIVINSGSTON_03-HNRT,0056,56,0,0,6,100,3,3,2.56,0,32.77,0,0,0,0.73,16.59,14.64,0.91,0,2.56,3.84,0,8.55,NaN,NaN,NaN,NaN,NaN,NaN,NaN,NaN,0,0,NaN,0,0,NaN,NaN,NaN,NaN,NaN,NaN,NaN,NaN,NaN,NaN,NaN,NaN,0,0,0,0,0,1.09
09/27/2025,09,5GNR,Upstate New York,070,Buffalo,HNRT,0700021,NYNIAGNIAG_LIVINSGSTON_03-HNRT,0057,57,0,0,9,100,5,5,7.99,0,43.61,0,0,0,0.17,17.11,15.06,2.55,0,1.86,3.71,0,20.51,NaN,NaN,NaN,NaN,NaN,NaN,NaN,NaN,0,0,NaN,0,0,NaN,NaN,NaN,NaN,NaN,NaN,NaN,NaN,NaN,NaN,NaN,NaN,0,0,0,0,0,2.55
09/27/2025,09,5GNR,Upstate New York,070,Buffalo,HNRT,0700021,NYNIAGNIAG_LIVINSGSTON_04-HNRT,0058,58,0,0,37,100,32,32,661.06,0.18,125.18,0.07,0.09,0.22,0.24,18.02,15.67,383.29,0,18.52,42.86,0.03,7.13,NaN,NaN,NaN,NaN,NaN,NaN,NaN,NaN,0,0,NaN,0,0,NaN,NaN,NaN,NaN,NaN,NaN,NaN,NaN,NaN,NaN,NaN,NaN,0,0,0,0,0,383.29
09/27/2025,09,5GNR,Upstate New York,070,Buffalo,HNRT,0700021,NYNIAGNIAG_LIVINSGSTON_04-HNRT,0059,59,0,0,1,100,1,1,0.24,0,12.88,0,0,0,38.67,14.86,0.9,0.18,0,0.01,0.01,0,0.41,NaN,NaN,NaN,NaN,NaN,NaN,NaN,NaN,0,0,NaN,0,0,NaN,NaN,NaN,NaN,NaN,NaN,NaN,NaN,NaN,NaN,NaN,NaN,0,0,0,0,0,0.18
09/27/2025,09,5GNR,Upstate New York,070,Buffalo,HNRT,0700021,NYNIAGNIAG_LIVINSGSTON_04-HNRT,0060,60,0,0,1,100,1,1,0.13,0,9.1,0,0,0,3.33,16.52,15.74,0.03,0,0.04,0.21,0,5.74,NaN,NaN,NaN,NaN,NaN,NaN,NaN,NaN,0,0,NaN,0,0,NaN,NaN,NaN,NaN,NaN,NaN,NaN,NaN,NaN,NaN,NaN,NaN,0,0,0,0,0,0.03
09/27/2025,09,5GNR,Upstate New York,070,Buffalo,HNRT,0700021,NYNIAGNIAG_MARKETST_01-HNRT,0109,109,1.1,1,91,100,40,40,264.07,0.04,234.37,0,0,0.01,0.15,18.38,21.42,170.52,0,21.19,38.38,0.02,11.97,NaN,NaN,NaN,NaN,NaN,NaN,NaN,NaN,0,0,NaN,0,0,NaN,NaN,NaN,NaN,NaN,NaN,NaN,NaN,NaN,NaN,NaN,NaN,0,0,0,0,0,170.52
09/27/2025,09,5GNR,Upstate New York,070,Buffalo,HNRT,0700021,NYNIAGNIAG_MARKETST_01-HNRT,0110,110,5,1,20,100,18,18,9.84,0,8.97,0,0,0,0.33,18.39,20.9,2.41,0,7.73,16.78,0.01,15.48,NaN,NaN,NaN,NaN,NaN,NaN,NaN,NaN,0,0,NaN,0,0,NaN,NaN,NaN,NaN,NaN,NaN,NaN,NaN,NaN,NaN,NaN,NaN,0,0,0,0,0,2.51
09/27/2025,09,5GNR,Upstate New York,070,Buffalo,HNRT,0700021,NYNIAGNIAG_MARKETST_01-HNRT,0111,111,0,0,61,100,8,8,107.11,0.02,110.08,0,0,0,1.47,17.37,14.38,62.78,0,3.27,7.92,0.01,5.07,NaN,NaN,NaN,NaN,NaN,NaN,NaN,NaN,0,0,NaN,0,0,NaN,NaN,NaN,NaN,NaN,NaN,NaN,NaN,NaN,NaN,NaN,NaN,0,0,0,0,0,62.78
09/27/2025,09,5GNR,Upstate New York,070,Buffalo,HNRT,0700021,NYNIAGNIAG_MARKETST_02-HNRT,0061,61,0,0,3,100,1,1,0,0,NaN,0,0,0,0.1,18.66,9.52,0,0,0,0,0,NaN,NaN,NaN,NaN,NaN,NaN,NaN,NaN,NaN,0,0,NaN,0,0,NaN,NaN,NaN,NaN,NaN,NaN,NaN,NaN,NaN,NaN,NaN,NaN,0,0,0,0,0,0
09/27/2025,09,5GNR,Upstate New York,070,Buffalo,HNRT,0700021,NYNIAGNIAG_MARKETST_02-HNRT,0062,62,7.14,2,28,100,26,26,1509.27,0.11,332.92,0.11,0.11,0.14,0.27,17.95,23.05,761.74,0,180.97,294.34,0.06,107.78,NaN,NaN,NaN,NaN,NaN,NaN,NaN,NaN,0,0,NaN,0,0,NaN,NaN,NaN,NaN,NaN,NaN,NaN,NaN,NaN,NaN,NaN,NaN,0,0,0,0,0,773.84
09/27/2025,09,5GNR,Upstate New York,070,Buffalo,HNRT,0700021,NYNIAGNIAG_MARKETST_02-HNRT,0063,63,0,0,35,100,30,30,106.5,0.01,99.78,0,0.01,0.01,0.04,18.59,18.51,39.54,0,3.21,21.69,0.01,8.34,NaN,NaN,NaN,NaN,NaN,NaN,NaN,NaN,0,0,NaN,0,0,NaN,NaN,NaN,NaN,NaN,NaN,NaN,NaN,NaN,NaN,NaN,NaN,0,0,0,0,0,40.18
09/27/2025,09,5GNR,Upstate New York,070,Buffalo,HNRT,0700021,NYNIAGNIAG_MARKETST_03-HNRT,0064,64,10,1,10,100,3,3,26.59,0.01,39.24,0,0,0,1.47,16.92,14,12.2,0,2.45,5.41,0,6.89,NaN,NaN,NaN,NaN,NaN,NaN,NaN,NaN,0,0,NaN,0,0,NaN,NaN,NaN,NaN,NaN,NaN,NaN,NaN,NaN,NaN,NaN,NaN,0,0,0,0,0,12.2
09/27/2025,09,5GNR,Upstate New York,070,Buffalo,HNRT,0700021,NYNIAGNIAG_MARKETST_03-HNRT,0065,65,14.81,4,27,100,16,16,33.32,0.07,13.24,0.02,0.02,0.01,2.98,15.39,11.11,20.06,0,0.74,1.69,0,2.02,NaN,NaN,NaN,NaN,NaN,NaN,NaN,NaN,0,0,NaN,0,0,NaN,NaN,NaN,NaN,NaN,NaN,NaN,NaN,NaN,NaN,NaN,NaN,0,0,0,0,0,25.17
09/27/2025,09,5GNR,Upstate New York,070,Buffalo,HNRT,0700021,NYNIAGNIAG_MARKETST_03-HNRT,0066,66,NaN,0,0,100,0,0,0,0,NaN,NaN,NaN,NaN,NaN,0,0,0,NaN,0,0,0,NaN,NaN,NaN,NaN,NaN,NaN,NaN,NaN,NaN,0,0,NaN,0,0,NaN,NaN,NaN,NaN,NaN,NaN,NaN,NaN,NaN,NaN,NaN,NaN,0,0,0,0,0,0
09/27/2025,09,5GNR,Upstate New York,070,Buffalo,HNRT,0700021,NYNIAGNIAG_MARKETST_04-HNRT,0067,67,0,0,3,100,2,2,0.24,0,10.26,0,0,0,1.22,18.57,18.16,0.07,0,0.05,0.2,0,10.14,NaN,NaN,NaN,NaN,NaN,NaN,NaN,NaN,0,0,NaN,0,0,NaN,NaN,NaN,NaN,NaN,NaN,NaN,NaN,NaN,NaN,NaN,NaN,0,0,0,0,0,0.07
09/27/2025,09,5GNR,Upstate New York,070,Buffalo,HNRT,0700021,NYNIAGNIAG_MARKETST_04-HNRT,0068,68,0,0,2,100,6,6,927.75,0.13,229.99,0,0,0,0.01,17.58,19.43,552.99,0,47.66,132.43,0.05,41.87,NaN,NaN,NaN,NaN,NaN,NaN,NaN,NaN,0,0,NaN,0,0,NaN,NaN,NaN,NaN,NaN,NaN,NaN,NaN,NaN,NaN,NaN,NaN,0,0,0,0,0,552.99
09/27/2025,09,5GNR,Upstate New York,070,Buffalo,HNRT,0700021,NYNIAGNIAG_MARKETST_04-HNRT,0069,69,0,0,15,100,18,18,1119.48,0.08,187.97,0,0,0,0.01,18.12,19.15,439.35,0,13.73,38.67,0.01,51.18,NaN,NaN,NaN,NaN,NaN,NaN,NaN,NaN,0,0,NaN,0,0,NaN,NaN,NaN,NaN,NaN,NaN,NaN,NaN,NaN,NaN,NaN,NaN,0,0,0,0,0,439.99
09/27/2025,09,5GNR,Upstate New York,070,Buffalo,HNRT,0700021,NYNIAGNIAG_NORTHAVE_01-HNRT,0178,178,13.33,2,15,100,8,8,21.83,0.01,21.08,0,0,0,1.38,16.15,16.04,11.34,0,1.35,5.68,0.01,4.05,NaN,NaN,NaN,NaN,NaN,NaN,NaN,NaN,0,0,NaN,0,0,NaN,NaN,NaN,NaN,NaN,NaN,NaN,NaN,NaN,NaN,NaN,NaN,0,0,0,0,0,11.49
09/27/2025,09,5GNR,Upstate New York,070,Buffalo,HNRT,0700021,NYNIAGNIAG_NORTHAVE_01-HNRT,0179,179,0,0,13,100,9,9,21.31,0,118.51,0,0.01,0.04,1.12,16.52,16.95,10.82,0,0.78,3.9,0,2.62,NaN,NaN,NaN,NaN,NaN,NaN,NaN,NaN,0,0,NaN,0,0,NaN,NaN,NaN,NaN,NaN,NaN,NaN,NaN,NaN,NaN,NaN,NaN,0,0,0,0,0,12.69
09/27/2025,09,5GNR,Upstate New York,070,Buffalo,HNRT,0700021,NYNIAGNIAG_NORTHAVE_01-HNRT,0180,180,0,0,10,100,9,9,0.23,0,15.98,0,0,0,0.52,16.27,16.89,0.09,0,0.13,2.2,0,3.44,NaN,NaN,NaN,NaN,NaN,NaN,NaN,NaN,0,0,NaN,0,0,NaN,NaN,NaN,NaN,NaN,NaN,NaN,NaN,NaN,NaN,NaN,NaN,0,0,0,0,0,0.09
09/27/2025,09,5GNR,Upstate New York,070,Buffalo,HNRT,0700021,NYNIAGNIAG_NORTHAVE_02-HNRT,0181,181,14.29,1,7,100,1,1,0.03,0,6.51,0,0,0,19.77,13.1,3.35,0.09,0,0.04,0.04,0,0.82,NaN,NaN,NaN,NaN,NaN,NaN,NaN,NaN,0,0,NaN,0,0,NaN,NaN,NaN,NaN,NaN,NaN,NaN,NaN,NaN,NaN,NaN,NaN,0,0,0,0,0,0.09
09/27/2025,09,5GNR,Upstate New York,070,Buffalo,HNRT,0700021,NYNIAGNIAG_NORTHAVE_02-HNRT,0182,182,6.25,1,16,100,11,11,6.59,0,18.33,0,0,0.01,3.46,15.66,13.49,3.84,0,1.53,2.54,0,3.06,NaN,NaN,NaN,NaN,NaN,NaN,NaN,NaN,0,0,NaN,0,0,NaN,NaN,NaN,NaN,NaN,NaN,NaN,NaN,NaN,NaN,NaN,NaN,0,0,0,0,0,3.84
09/27/2025,09,5GNR,Upstate New York,070,Buffalo,HNRT,0700021,NYNIAGNIAG_NORTHAVE_02-HNRT,0183,183,9.09,1,11,100,15,15,366.15,0.02,229.81,0.02,0.06,0.19,0.04,18.15,24.34,175.05,0,7.48,46.41,0.01,2.66,NaN,NaN,NaN,NaN,NaN,NaN,NaN,NaN,0,0,NaN,0,0,NaN,NaN,NaN,NaN,NaN,NaN,NaN,NaN,NaN,NaN,NaN,NaN,0,0,0,0,0,175.05
09/27/2025,09,5GNR,Upstate New York,070,Buffalo,HNRT,0700021,NYNIAGNIAG_ORLEANSAVE_04_HNRT,0070,70,28.57,2,7,100,5,5,17.6,0.01,134.91,0,0,0,7.87,15.57,12.49,12.34,0,0.04,0.15,0,4.1,NaN,NaN,NaN,NaN,NaN,NaN,NaN,NaN,0,0,NaN,0,0,NaN,NaN,NaN,NaN,NaN,NaN,NaN,NaN,NaN,NaN,NaN,NaN,0,0,0,0,0,12.34
09/27/2025,09,5GNR,Upstate New York,070,Buffalo,HNRT,0700021,NYNIAGNIAG_ORLEANSAVE_04_HNRT,0071,71,0,0,2,100,3,3,25.46,0.01,134.41,0,0,0,0.57,16.53,12.46,15.75,0,0.24,0.42,0,3.32,NaN,NaN,NaN,NaN,NaN,NaN,NaN,NaN,0,0,NaN,0,0,NaN,NaN,NaN,NaN,NaN,NaN,NaN,NaN,NaN,NaN,NaN,NaN,0,0,0,0,0,15.75
09/27/2025,09,5GNR,Upstate New York,070,Buffalo,HNRT,0700021,NYNIAGNIAG_ORLEANSAVE_04_HNRT,0072,72,11.76,2,17,100,19,19,95.22,0.05,38.55,0.01,0.02,0.08,0.35,17.22,11.42,38.17,0,1.37,6.2,0.01,6.77,NaN,NaN,NaN,NaN,NaN,NaN,NaN,NaN,0,0,NaN,0,0,NaN,NaN,NaN,NaN,NaN,NaN,NaN,NaN,NaN,NaN,NaN,NaN,0,0,0,0,0,49.26
09/27/2025,09,5GNR,Upstate New York,070,Buffalo,HNRT,0700021,NYNIAGNIAG_PARKVIEWDR_01-HNRT,0133,133,45.45,5,11,100,15,15,4520.99,0.24,503.57,0.01,0.01,0.01,0.12,17.42,22.97,2211.54,0,339.6,588.25,0.12,116.17,NaN,NaN,NaN,NaN,NaN,NaN,NaN,NaN,0,0,NaN,0,0,NaN,NaN,NaN,NaN,NaN,NaN,NaN,NaN,NaN,NaN,NaN,NaN,0,0,0,0,0,2214.18
09/27/2025,09,5GNR,Upstate New York,070,Buffalo,HNRT,0700021,NYNIAGNIAG_PARKVIEWDR_01-HNRT,0134,134,13.33,2,15,100,13,13,36.99,0.01,178.53,0,0,0,2.89,17.59,15.39,22.76,0,0.35,1.24,0,1.41,NaN,NaN,NaN,NaN,NaN,NaN,NaN,NaN,0,0,NaN,0,0,NaN,NaN,NaN,NaN,NaN,NaN,NaN,NaN,NaN,NaN,NaN,NaN,0,0,0,0,0,22.77
09/27/2025,09,5GNR,Upstate New York,070,Buffalo,HNRT,0700021,NYNIAGNIAG_PARKVIEWDR_01-HNRT,0135,135,5.56,1,18,100,17,17,76.9,0.02,94.43,0,0.01,0.04,5.58,16.2,12.23,44.77,0,0.47,2.79,0,1.57,NaN,NaN,NaN,NaN,NaN,NaN,NaN,NaN,0,0,NaN,0,0,NaN,NaN,NaN,NaN,NaN,NaN,NaN,NaN,NaN,NaN,NaN,NaN,0,0,0,0,0,44.77
09/27/2025,09,5GNR,Upstate New York,070,Buffalo,HNRT,0700021,NYNIAGNIAG_PARKVIEWDR_03-HNRT,0136,136,50,12,24,100,18,18,83.4,0.12,41.53,0,0,0,0.9,17.83,5.14,65.67,0,1.65,6.99,0.02,0.78,NaN,NaN,NaN,NaN,NaN,NaN,NaN,NaN,0,0,NaN,0,0,NaN,NaN,NaN,NaN,NaN,NaN,NaN,NaN,NaN,NaN,NaN,NaN,0,0,0,0,0,65.67
09/27/2025,09,5GNR,Upstate New York,070,Buffalo,HNRT,0700021,NYNIAGNIAG_PARKVIEWDR_03-HNRT,0137,137,12.5,1,8,100,2,2,0.29,0,26.21,0,0,0,2.8,17.76,10.84,0.09,0,0.01,0.04,0,15.12,NaN,NaN,NaN,NaN,NaN,NaN,NaN,NaN,0,0,NaN,0,0,NaN,NaN,NaN,NaN,NaN,NaN,NaN,NaN,NaN,NaN,NaN,NaN,0,0,0,0,0,0.09
09/27/2025,09,5GNR,Upstate New York,070,Buffalo,HNRT,0700021,NYNIAGNIAG_PARKVIEWDR_03-HNRT,0138,138,11.11,1,9,100,9,9,15.08,0.01,113.5,0.01,0.01,0,0.01,18.88,19.34,8.34,0,1.15,9.73,0,13.57,NaN,NaN,NaN,NaN,NaN,NaN,NaN,NaN,0,0,NaN,0,0,NaN,NaN,NaN,NaN,NaN,NaN,NaN,NaN,NaN,NaN,NaN,NaN,0,0,0,0,0,8.34
09/27/2025,09,5GNR,Upstate New York,070,Buffalo,HNRT,0700021,NYNIAGNIAG_PARKVIEWDR_06-HNRT,0184,184,21.43,6,28,100,26,26,150.37,0.07,80.73,0.02,0.03,0.09,0.37,17.98,10.76,104.98,0,3.02,7.22,0.01,5.86,NaN,NaN,NaN,NaN,NaN,NaN,NaN,NaN,0,0,NaN,0,0,NaN,NaN,NaN,NaN,NaN,NaN,NaN,NaN,NaN,NaN,NaN,NaN,0,0,0,0,0,104.98
09/27/2025,09,5GNR,Upstate New York,070,Buffalo,HNRT,0700021,NYNIAGNIAG_PARKVIEWDR_06-HNRT,0185,185,0,0,13,100,11,11,2.37,0,24.5,0,0,0,4.17,16.26,12.38,1.46,0,0.08,0.2,0,2.15,NaN,NaN,NaN,NaN,NaN,NaN,NaN,NaN,0,0,NaN,0,0,NaN,NaN,NaN,NaN,NaN,NaN,NaN,NaN,NaN,NaN,NaN,NaN,0,0,0,0,0,1.46
09/27/2025,09,5GNR,Upstate New York,070,Buffalo,HNRT,0700021,NYNIAGNIAG_PARKVIEWDR_06-HNRT,0186,186,6.25,1,16,100,9,9,60.73,0.02,101.75,0.05,0.07,0.14,2.31,17.57,15.45,40.41,0,0.79,3.47,0,5.98,NaN,NaN,NaN,NaN,NaN,NaN,NaN,NaN,0,0,NaN,0,0,NaN,NaN,NaN,NaN,NaN,NaN,NaN,NaN,NaN,NaN,NaN,NaN,0,0,0,0,0,40.41
09/27/2025,09,5GNR,Upstate New York,070,Buffalo,HNRT,0700021,NYNIAGNIAG_PINEAVE_02-HNRT,0217,217,16.22,6,37,100,36,35,78.01,0.03,40.98,0.96,1.23,1.87,5.84,15.79,13.55,45.3,2.78,12.44,18.24,0.02,5.1,NaN,NaN,NaN,NaN,NaN,NaN,NaN,NaN,0,0,NaN,0,0,NaN,NaN,NaN,NaN,NaN,NaN,NaN,NaN,NaN,NaN,NaN,NaN,0,0,0,0,0,45.32
09/27/2025,09,5GNR,Upstate New York,070,Buffalo,HNRT,0700021,NYNIAGNIAG_PINEAVE_02-HNRT,0218,218,0,0,39,100,48,48,782.68,0.05,80.36,0,0,0,0,17.91,19.49,321.19,0,9.01,60.81,0.02,79.63,NaN,NaN,NaN,NaN,NaN,NaN,NaN,NaN,0,0,NaN,0,0,NaN,NaN,NaN,NaN,NaN,NaN,NaN,NaN,NaN,NaN,NaN,NaN,0,0,0,0,0,321.19
09/27/2025,09,5GNR,Upstate New York,070,Buffalo,HNRT,0700021,NYNIAGNIAG_PINEAVE_02-HNRT,0219,219,12.87,13,101,100,75,75,50.14,0.02,61.16,0.39,0.49,0.75,7.23,15.95,12.33,33.34,0,12.38,16.31,0.02,10.63,NaN,NaN,NaN,NaN,NaN,NaN,NaN,NaN,0,0,NaN,0,0,NaN,NaN,NaN,NaN,NaN,NaN,NaN,NaN,NaN,NaN,NaN,NaN,0,0,0,0,0,34.35
09/27/2025,09,5GNR,Upstate New York,070,Buffalo,HNRT,0700021,NYNIAGNIAG_PORTAGERD_02-HNRT,0220,220,6.35,4,63,100,48,48,355.95,0.1,106.02,0.12,0.18,0.45,20.17,15.43,14.74,211.61,0,10.14,31.81,0.02,4.65,NaN,NaN,NaN,NaN,NaN,NaN,NaN,NaN,0,0,NaN,0,0,NaN,NaN,NaN,NaN,NaN,NaN,NaN,NaN,NaN,NaN,NaN,NaN,0,0,0,0,0,222.75
09/27/2025,09,5GNR,Upstate New York,070,Buffalo,HNRT,0700021,NYNIAGNIAG_PORTAGERD_02-HNRT,0221,221,0,0,117,100,125,125,3851.81,0.21,489.87,0.01,0.02,0.04,0.05,17.71,22.36,2325.58,0,40.48,130.17,0.03,23.84,NaN,NaN,NaN,NaN,NaN,NaN,NaN,NaN,0,0,NaN,0,0,NaN,NaN,NaN,NaN,NaN,NaN,NaN,NaN,NaN,NaN,NaN,NaN,0,0,0,0,0,2345.24
09/27/2025,09,5GNR,Upstate New York,070,Buffalo,HNRT,0700021,NYNIAGNIAG_PORTAGERD_02-HNRT,0222,222,0,0,76,100,64,64,1459.89,0.1,293.87,0.03,0.03,0.04,0.03,17.78,17.55,893.66,0,21.77,74.64,0.04,16.46,NaN,NaN,NaN,NaN,NaN,NaN,NaN,NaN,0,0,NaN,0,0,NaN,NaN,NaN,NaN,NaN,NaN,NaN,NaN,NaN,NaN,NaN,NaN,0,0,0,0,0,895.93
09/27/2025,09,5GNR,Upstate New York,070,Buffalo,HNRT,0700021,NYNIAGNIAG_PORTAGERD_03-HNRT,0223,223,0,0,45,100,56,56,1308.46,0.07,260.17,0.02,0.02,0.04,0.01,17.29,21.24,638.49,0,18.46,66.69,0.02,27.51,NaN,NaN,NaN,NaN,NaN,NaN,NaN,NaN,0,0,NaN,0,0,NaN,NaN,NaN,NaN,NaN,NaN,NaN,NaN,NaN,NaN,NaN,NaN,0,0,0,0,0,638.5
09/27/2025,09,5GNR,Upstate New York,070,Buffalo,HNRT,0700021,NYNIAGNIAG_PORTAGERD_03-HNRT,0224,224,0,0,7,100,1,1,1.28,0,44.8,0,0,0,2.53,16.58,12.78,0.98,0,0.18,0.42,0,2.46,NaN,NaN,NaN,NaN,NaN,NaN,NaN,NaN,0,0,NaN,0,0,NaN,NaN,NaN,NaN,NaN,NaN,NaN,NaN,NaN,NaN,NaN,NaN,0,0,0,0,0,0.98
09/27/2025,09,5GNR,Upstate New York,070,Buffalo,HNRT,0700021,NYNIAGNIAG_PORTAGERD_03-HNRT,0225,225,18.18,2,11,100,6,6,7.1,0,358.73,0,0,0,20.38,16.01,12,5.65,0,0.01,0.06,0,1.86,NaN,NaN,NaN,NaN,NaN,NaN,NaN,NaN,0,0,NaN,0,0,NaN,NaN,NaN,NaN,NaN,NaN,NaN,NaN,NaN,NaN,NaN,NaN,0,0,0,0,0,5.65
09/27/2025,09,5GNR,Upstate New York,070,Buffalo,HNRT,0700021,NYNIAGNIAG_RAINBOW_05_HNRT,0073,73,6.64,14,211,100,196,196,3545.71,0.81,106.71,0.5,0.73,1.6,1.71,16.96,14.82,1796.35,0,220.31,450.87,0.31,10.76,NaN,NaN,NaN,NaN,NaN,NaN,NaN,NaN,0,0,NaN,0,0,NaN,NaN,NaN,NaN,NaN,NaN,NaN,NaN,NaN,NaN,NaN,0,0,0,0,0,0,1950.99
09/27/2025,09,5GNR,Upstate New York,070,Buffalo,HNRT,0700021,NYNIAGNIAG_RAINBOW_05_HNRT,0074,74,4.35,1,23,100,16,16,97.19,0.03,150.23,0,0,0.01,2.05,16.82,15.46,60.44,0,3.45,9.11,0.01,7.24,NaN,NaN,NaN,NaN,NaN,NaN,NaN,NaN,0,0,NaN,0,0,NaN,NaN,NaN,NaN,NaN,NaN,NaN,NaN,NaN,NaN,NaN,NaN,0,0,0,0,0,63.07
09/27/2025,09,5GNR,Upstate New York,070,Buffalo,HNRT,0700021,NYNIAGNIAG_RAINBOW_05_HNRT,0075,75,0,0,7,100,2,2,2.26,0,29.82,0,0,0,5.83,17.04,11.95,0.83,0,0.25,0.46,0,2.29,NaN,NaN,NaN,NaN,NaN,NaN,NaN,NaN,0,0,NaN,0,0,NaN,NaN,NaN,NaN,NaN,NaN,NaN,NaN,NaN,NaN,NaN,NaN,0,0,0,0,0,0.83
09/27/2025,09,5GNR,Upstate New York,070,Buffalo,HNRT,0700021,NYNIAGNIAG_SOUTHAVE_01-HNRT,0139,139,100,1,1,100,1,1,0,0,NaN,0,0,0,NaN,0,0,0,0,0,0,0,NaN,NaN,NaN,NaN,NaN,NaN,NaN,NaN,NaN,0,0,NaN,0,0,NaN,NaN,NaN,NaN,NaN,NaN,NaN,NaN,NaN,NaN,NaN,NaN,0,0,0,0,0,0
09/27/2025,09,5GNR,Upstate New York,070,Buffalo,HNRT,0700021,NYNIAGNIAG_SOUTHAVE_01-HNRT,0140,140,0,0,7,100,5,5,6.63,0,39.99,0.21,0.24,0.39,0.25,17.21,16.57,4.19,0,0.49,1.06,0,2.1,NaN,NaN,NaN,NaN,NaN,NaN,NaN,NaN,0,0,NaN,0,0,NaN,NaN,NaN,NaN,NaN,NaN,NaN,NaN,NaN,NaN,NaN,NaN,0,0,0,0,0,4.19
09/27/2025,09,5GNR,Upstate New York,070,Buffalo,HNRT,0700021,NYNIAGNIAG_SOUTHAVE_01-HNRT,0141,141,0,0,3,100,4,4,0.07,0,26.21,0,0,0,2.93,17.34,12.54,0.03,0,0.02,0.04,0,4.64,NaN,NaN,NaN,NaN,NaN,NaN,NaN,NaN,0,0,NaN,0,0,NaN,NaN,NaN,NaN,NaN,NaN,NaN,NaN,NaN,NaN,NaN,NaN,0,0,0,0,0,0.03
09/27/2025,09,5GNR,Upstate New York,070,Buffalo,HNRT,0700021,NYNIAGNIAG_SOUTHAVE_02-HNRT,0142,142,0,0,4,100,4,4,4.55,0,23.58,0,0,0,1.14,16.96,17.41,2.32,0,0.78,1.64,0,6.52,NaN,NaN,NaN,NaN,NaN,NaN,NaN,NaN,0,0,NaN,0,0,NaN,NaN,NaN,NaN,NaN,NaN,NaN,NaN,NaN,NaN,NaN,NaN,0,0,0,0,0,2.32
09/27/2025,09,5GNR,Upstate New York,070,Buffalo,HNRT,0700021,NYNIAGNIAG_SOUTHAVE_02-HNRT,0143,143,0,0,3,100,2,2,0.45,0,20.77,0,0,0,0.45,16.89,10.06,0.27,0,0.1,0.15,0,3.66,NaN,NaN,NaN,NaN,NaN,NaN,NaN,NaN,0,0,NaN,0,0,NaN,NaN,NaN,NaN,NaN,NaN,NaN,NaN,NaN,NaN,NaN,NaN,0,0,0,0,0,0.27
09/27/2025,09,5GNR,Upstate New York,070,Buffalo,HNRT,0700021,NYNIAGNIAG_SOUTHAVE_02-HNRT,0144,144,0,0,14,100,2,2,11.94,0,33,0.17,0.28,0.74,2.94,16.66,16.03,4.04,0,0.32,1.36,0,3.51,NaN,NaN,NaN,NaN,NaN,NaN,NaN,NaN,0,0,NaN,0,0,NaN,NaN,NaN,NaN,NaN,NaN,NaN,NaN,NaN,NaN,NaN,NaN,0,0,0,0,0,4.04
09/27/2025,09,5GNR,Upstate New York,070,Buffalo,HNRT,0700021,NYNIAGNIAG_SOUTHAVE_03-HNRT,0145,145,NaN,0,0,100,4,4,798.56,0.09,387.33,0,0,0,0.03,17.6,17.06,573.64,0,117.85,172.29,0.09,15.92,NaN,NaN,NaN,NaN,NaN,NaN,NaN,NaN,0,0,NaN,0,0,NaN,NaN,NaN,NaN,NaN,NaN,NaN,NaN,NaN,NaN,NaN,NaN,0,0,0,0,0,573.64
09/27/2025,09,5GNR,Upstate New York,070,Buffalo,HNRT,0700021,NYNIAGNIAG_SOUTHAVE_03-HNRT,0146,146,20,1,5,100,4,4,5.53,0,67.17,0,0,0,6.71,14.7,12.31,3.81,0,0.4,0.79,0,3.52,NaN,NaN,NaN,NaN,NaN,NaN,NaN,NaN,0,0,NaN,0,0,NaN,NaN,NaN,NaN,NaN,NaN,NaN,NaN,NaN,NaN,NaN,NaN,0,0,0,0,0,3.82
09/27/2025,09,5GNR,Upstate New York,070,Buffalo,HNRT,0700021,NYNIAGNIAG_SOUTHAVE_03-HNRT,0147,147,0,0,3,100,1,1,1.98,0,87.53,0,0,0,0.63,16.85,16.64,1.17,0,0.87,1.77,0,10.96,NaN,NaN,NaN,NaN,NaN,NaN,NaN,NaN,0,0,NaN,0,0,NaN,NaN,NaN,NaN,NaN,NaN,NaN,NaN,NaN,NaN,NaN,NaN,0,0,0,0,0,1.17
09/27/2025,09,5GNR,Upstate New York,070,Buffalo,HNRT,0700021,NYNIAGNIAG_SOUTHAVE_04-HNRT,0148,148,0,0,2,100,0,0,0.14,0,3.2,0.74,0.9,1.74,38.14,14.71,8.32,0.07,NaN,0.01,0.03,0,3.09,NaN,NaN,NaN,NaN,NaN,NaN,NaN,NaN,0,0,NaN,0,0,NaN,NaN,NaN,NaN,NaN,NaN,NaN,NaN,NaN,NaN,NaN,NaN,0,0,0,0,0,0.07
09/27/2025,09,5GNR,Upstate New York,070,Buffalo,HNRT,0700021,NYNIAGNIAG_SOUTHAVE_04-HNRT,0149,149,20,1,5,100,8,8,2088.1,0.56,109,0.01,0.04,0.17,0.23,17.12,12.84,1101.95,0,34.73,93.66,0.07,5.12,NaN,NaN,NaN,NaN,NaN,NaN,NaN,NaN,0,0,NaN,0,0,NaN,NaN,NaN,NaN,NaN,NaN,NaN,NaN,NaN,NaN,NaN,NaN,0,0,0,0,0,1101.95
09/27/2025,09,5GNR,Upstate New York,070,Buffalo,HNRT,0700021,NYNIAGNIAG_SOUTHAVE_04-HNRT,0150,150,0,0,3,100,1,1,1.53,0,3.26,0.65,0.69,0.98,37.73,14.77,10.25,1.1,0,0.18,0.36,0,4.56,NaN,NaN,NaN,NaN,NaN,NaN,NaN,NaN,0,0,NaN,0,0,NaN,NaN,NaN,NaN,NaN,NaN,NaN,NaN,NaN,NaN,NaN,NaN,0,0,0,0,0,1.1
09/27/2025,09,5GNR,Upstate New York,070,Buffalo,HNRT,0700021,NYNIAGNIAG_SOUTHAVE_05-HNRT,0187,187,6.25,1,16,100,15,15,282.81,0.06,145.78,0.01,0.01,0.02,7.48,15.39,15.79,168,0,13.73,47.26,0.03,7.02,NaN,NaN,NaN,NaN,NaN,NaN,NaN,NaN,0,0,NaN,0,0,NaN,NaN,NaN,NaN,NaN,NaN,NaN,NaN,NaN,NaN,NaN,NaN,0,0,0,0,0,168
09/27/2025,09,5GNR,Upstate New York,070,Buffalo,HNRT,0700021,NYNIAGNIAG_SOUTHAVE_05-HNRT,0188,188,0,0,12,100,6,6,2405.71,0.32,225.91,0,0.01,0.01,0.06,16.53,11.25,1527.72,0,652.88,1936.56,0.9,73.78,NaN,NaN,NaN,NaN,NaN,NaN,NaN,NaN,0,0,NaN,0,0,NaN,NaN,NaN,NaN,NaN,NaN,NaN,NaN,NaN,NaN,NaN,NaN,0,0,0,0,0,1527.74
09/27/2025,09,5GNR,Upstate New York,070,Buffalo,HNRT,0700021,NYNIAGNIAG_SOUTHAVE_05-HNRT,0189,189,11.76,2,17,100,4,4,5.57,0,95.64,0,0.01,0.09,12.81,13.6,12.43,4.58,0,0.13,0.26,0,4.6,NaN,NaN,NaN,NaN,NaN,NaN,NaN,NaN,0,0,NaN,0,0,NaN,NaN,NaN,NaN,NaN,NaN,NaN,NaN,NaN,NaN,NaN,NaN,0,0,0,0,0,4.58
09/27/2025,09,5GNR,Upstate New York,070,Buffalo,HNRT,0700021,NYNIAGNIAG_SPRUCEAVE_01-HNRT,0211,211,0,0,3,100,3,3,0.26,0,16.21,0,0,0,7.87,14.39,8.45,0.23,0,0.05,0.08,0,4.2,NaN,NaN,NaN,NaN,NaN,NaN,NaN,NaN,0,0,NaN,0,0,NaN,NaN,NaN,NaN,NaN,NaN,NaN,NaN,NaN,NaN,NaN,NaN,0,0,0,0,0,0.23
09/27/2025,09,5GNR,Upstate New York,070,Buffalo,HNRT,0700021,NYNIAGNIAG_SPRUCEAVE_01-HNRT,0212,212,11.11,1,9,100,8,8,0.45,0,5.86,0,0,0,6.19,14.49,6.56,0.39,0,0.06,0.1,0,0.79,NaN,NaN,NaN,NaN,NaN,NaN,NaN,NaN,0,0,NaN,0,0,NaN,NaN,NaN,NaN,NaN,NaN,NaN,NaN,NaN,NaN,NaN,NaN,0,0,0,0,0,0.39
09/27/2025,09,5GNR,Upstate New York,070,Buffalo,HNRT,0700021,NYNIAGNIAG_SPRUCEAVE_01-HNRT,0213,213,16.67,2,12,100,18,18,1607.7,0.16,218.74,0,0.01,0.03,0.1,17.43,20.32,1024.65,0,30.54,89.83,0.03,49.46,NaN,NaN,NaN,NaN,NaN,NaN,NaN,NaN,0,0,NaN,0,0,NaN,NaN,NaN,NaN,NaN,NaN,NaN,NaN,NaN,NaN,NaN,NaN,0,0,0,0,0,1024.9
09/27/2025,09,5GNR,Upstate New York,070,Buffalo,HNRT,0700021,NYNIAGNIAG_WALNUTAVE_01_HNRT,0076,76,2.94,1,34,100,41,41,4816.03,1.64,166.92,0.01,0.01,0.02,0.08,17.66,14.81,3638.21,0,123.92,212.6,0.1,9.19,NaN,NaN,NaN,NaN,NaN,NaN,NaN,NaN,0,0,NaN,0,0,NaN,NaN,NaN,NaN,NaN,NaN,NaN,NaN,NaN,NaN,NaN,NaN,0,0,0,0,0,3638.4
09/27/2025,09,5GNR,Upstate New York,070,Buffalo,HNRT,0700021,NYNIAGNIAG_WALNUTAVE_01_HNRT,0077,77,0,0,17,100,11,11,97.16,0.02,136.98,0.02,0.02,0.02,0.08,18.58,17.56,44.07,0,8.28,29.19,0.01,30.11,NaN,NaN,NaN,NaN,NaN,NaN,NaN,NaN,0,0,NaN,0,0,NaN,1500,1500,NaN,NaN,NaN,0,NaN,NaN,0,NaN,0,0,0,0,0,0,44.09
09/27/2025,09,5GNR,Upstate New York,070,Buffalo,HNRT,0700021,NYNIAGNIAG_WALNUTAVE_01_HNRT,0078,78,0,0,15,100,5,5,2213.82,0.2,233,0.01,0.01,0.02,0.1,17.55,18.79,1129.5,0,35.61,125.86,0.04,79.56,NaN,NaN,NaN,NaN,NaN,NaN,NaN,NaN,0,0,NaN,0,0,NaN,NaN,NaN,NaN,NaN,NaN,NaN,NaN,NaN,NaN,NaN,NaN,0,0,0,0,0,1129.5
09/27/2025,09,5GNR,Upstate New York,070,Buffalo,HNRT,0700021,NYNIAGNIAG_WALNUTAVE_02_HNRT,0079,79,0,0,5,100,1,1,3.79,0,21.35,0,0,0,6.22,15.93,14.6,1.24,0,0.54,1.04,0,6.24,NaN,NaN,NaN,NaN,NaN,NaN,NaN,NaN,0,0,NaN,0,0,NaN,NaN,NaN,NaN,NaN,NaN,NaN,NaN,NaN,NaN,NaN,NaN,0,0,0,0,0,1.24
09/27/2025,09,5GNR,Upstate New York,070,Buffalo,HNRT,0700021,NYNIAGNIAG_WALNUTAVE_02_HNRT,0080,80,1.89,3,159,100,173,173,696.45,0.15,93.11,0.08,0.11,0.2,0.19,18.06,16.32,301.4,0,35.08,97.29,0.06,5.35,NaN,NaN,NaN,NaN,NaN,NaN,NaN,NaN,0,0,NaN,0,0,NaN,NaN,NaN,NaN,NaN,NaN,NaN,NaN,NaN,NaN,NaN,NaN,0,0,0,0,0,301.4
09/27/2025,09,5GNR,Upstate New York,070,Buffalo,HNRT,0700021,NYNIAGNIAG_WALNUTAVE_02_HNRT,0081,81,0,0,16,100,16,16,1792.6,0.15,267.63,0.04,0.05,0.09,0.07,18.16,14.37,946.16,0,97.63,189.84,0.07,35.75,NaN,NaN,NaN,NaN,NaN,NaN,NaN,NaN,0,0,NaN,0,0,NaN,NaN,NaN,NaN,NaN,NaN,NaN,NaN,NaN,NaN,NaN,NaN,0,0,0,0,0,946.16
09/27/2025,09,5GNR,Upstate New York,070,Buffalo,HNRT,0700021,NYNIAGNIAG_WALNUTAVE_03-HNRT,0112,112,7.69,2,26,100,17,17,224.87,0.07,39.05,0.05,0.14,0.17,0.66,16.76,8.13,19.95,0,30.33,77.68,0.18,34.14,NaN,NaN,NaN,NaN,NaN,NaN,NaN,NaN,0,0,NaN,0,0,NaN,NaN,NaN,NaN,NaN,NaN,NaN,NaN,NaN,NaN,NaN,NaN,0,0,0,0,0,110.58
09/27/2025,09,5GNR,Upstate New York,070,Buffalo,HNRT,0700021,NYNIAGNIAG_WALNUTAVE_03-HNRT,0113,113,0,0,10,100,6,6,13.99,0.02,36.96,0,0,0,10.66,15.23,10.24,10.93,0,0.02,0.09,0,1.41,NaN,NaN,NaN,NaN,NaN,NaN,NaN,NaN,0,0,NaN,0,0,NaN,NaN,NaN,NaN,NaN,NaN,NaN,NaN,NaN,NaN,NaN,NaN,0,0,0,0,0,10.96
09/27/2025,09,5GNR,Upstate New York,070,Buffalo,HNRT,0700021,NYNIAGNIAG_WALNUTAVE_03-HNRT,0114,114,30,9,30,100,30,30,110.96,0.05,77.03,0,0,0.01,1.1,16.57,7.98,76.5,0,0.59,2.05,0,2.42,NaN,NaN,NaN,NaN,NaN,NaN,NaN,NaN,0,0,NaN,0,0,NaN,NaN,NaN,NaN,NaN,NaN,NaN,NaN,NaN,NaN,NaN,NaN,0,0,0,0,0,77.56
09/27/2025,09,5GNR,Upstate New York,070,Buffalo,HNRT,0700021,NYNIAGNIAG_WALNUTAVE_05-HNRT,0115,115,10.53,2,19,100,9,9,6.22,0,53.65,0.01,0,0,24.17,15.83,13.86,3.68,0,0.24,1.41,0,1.04,NaN,NaN,NaN,NaN,NaN,NaN,NaN,NaN,0,0,NaN,0,0,NaN,NaN,NaN,NaN,NaN,NaN,NaN,NaN,NaN,NaN,NaN,NaN,0,0,0,0,0,3.68
09/27/2025,09,5GNR,Upstate New York,070,Buffalo,HNRT,0700021,NYNIAGNIAG_WALNUTAVE_05-HNRT,0116,116,7.69,1,13,100,10,10,59.06,0.01,67.77,0,0.02,0.03,3.32,17.32,16.75,5.11,0,0.33,8.96,0.02,2.58,NaN,NaN,NaN,NaN,NaN,NaN,NaN,NaN,0,0,NaN,0,0,1672.89,3182.47,1253.83,642.86,329.77,NaN,0,NaN,NaN,8137.23,NaN,62.23,4.53,0.06,0,0,0,33.58
09/27/2025,09,5GNR,Upstate New York,070,Buffalo,HNRT,0700021,NYNIAGNIAG_WALNUTAVE_05-HNRT,0117,117,27.27,3,11,100,7,7,4.08,0,45.05,0,0,0,0.05,18.86,15.38,1.75,0,0.54,3.8,0,7.05,NaN,NaN,NaN,NaN,NaN,NaN,NaN,NaN,0,0,NaN,0,0,NaN,NaN,NaN,NaN,NaN,NaN,NaN,NaN,NaN,NaN,NaN,NaN,0,0,0,0,0,1.75
09/27/2025,09,5GNR,Upstate New York,070,Buffalo,HNRT,0700021,NYNIAGNIAG_WALNUTAVE_08-HNRT,0118,118,27.27,3,11,100,5,5,1123.99,0.08,248.94,0,0,0,0.04,18.12,20.06,541.26,0,59.25,120.6,0.03,118.37,NaN,NaN,NaN,NaN,NaN,NaN,NaN,NaN,0,0,NaN,0,0,NaN,NaN,NaN,NaN,NaN,NaN,NaN,NaN,NaN,NaN,NaN,NaN,0,0,0,0,0,541.26
09/27/2025,09,5GNR,Upstate New York,070,Buffalo,HNRT,0700021,NYNIAGNIAG_WALNUTAVE_08-HNRT,0119,119,0,0,7,100,7,7,5.86,0,49.17,0,0,0,1.35,17.2,11.79,2.92,0,0.68,1.18,0,4.5,NaN,NaN,NaN,NaN,NaN,NaN,NaN,NaN,0,0,NaN,0,0,NaN,NaN,NaN,NaN,NaN,NaN,NaN,NaN,NaN,NaN,NaN,NaN,0,0,0,0,0,2.92
09/27/2025,09,5GNR,Upstate New York,070,Buffalo,HNRT,0700021,NYNIAGNIAG_WALNUTAVE_08-HNRT,0120,120,0,0,14,100,7,7,5.99,0,22.27,0,0,0,2.21,17.43,13.4,3.48,0,0.56,1.14,0,2.69,NaN,NaN,NaN,NaN,NaN,NaN,NaN,NaN,0,0,NaN,0,0,NaN,NaN,NaN,NaN,NaN,NaN,NaN,NaN,NaN,NaN,NaN,NaN,0,0,0,0,0,3.5
09/27/2025,09,5GNR,Upstate New York,070,Buffalo,HNRT,0700021,NYNIAGNIAG_WALNUTAVE_10_HNRT,0085,85,25,1,4,100,2,2,0.22,0,17.05,0,0,0,2.18,15.75,6.04,0.13,0,0.02,0.05,0,0.81,NaN,NaN,NaN,NaN,NaN,NaN,NaN,NaN,0,0,NaN,0,0,NaN,NaN,NaN,NaN,NaN,NaN,NaN,NaN,NaN,NaN,NaN,NaN,0,0,0,0,0,0.13
09/27/2025,09,5GNR,Upstate New York,070,Buffalo,HNRT,0700021,NYNIAGNIAG_WALNUTAVE_10_HNRT,0086,86,0,0,19,100,12,12,12.09,0.01,49.95,0,0.01,0.05,2.63,16.8,10.87,7.56,0,0.45,1.06,0,1,NaN,NaN,NaN,NaN,NaN,NaN,NaN,NaN,0,0,NaN,0,0,NaN,NaN,NaN,NaN,NaN,NaN,NaN,NaN,NaN,NaN,NaN,NaN,0,0,0,0,0,7.56
09/27/2025,09,5GNR,Upstate New York,070,Buffalo,HNRT,0700021,NYNIAGNIAG_WALNUTAVE_10_HNRT,0087,87,0,0,8,100,8,8,5.73,0,60.74,0,0,0,0.9,17.29,15.28,2.23,0,0.84,1.81,0,7.51,NaN,NaN,NaN,NaN,NaN,NaN,NaN,NaN,0,0,NaN,0,0,NaN,NaN,NaN,NaN,NaN,NaN,NaN,NaN,NaN,NaN,NaN,NaN,0,0,0,0,0,2.23
09/27/2025,09,5GNR,Upstate New York,070,Buffalo,HNRT,0700021,NYNIAGNIAG_WELCHAVE_02-HNRT,0121,121,5.26,1,19,100,12,12,23.93,0.01,33.8,0,0,0,3.76,16.86,18.51,3.12,0,0.16,2.67,0,6.23,NaN,NaN,NaN,NaN,NaN,NaN,NaN,NaN,0,0,NaN,0,0,NaN,NaN,NaN,NaN,NaN,NaN,NaN,NaN,NaN,NaN,NaN,NaN,0,0,0,0,0,10.24
09/27/2025,09,5GNR,Upstate New York,070,Buffalo,HNRT,0700021,NYNIAGNIAG_WELCHAVE_02-HNRT,0122,122,4.55,1,22,100,21,21,36,0.03,36.15,0,0.02,0.07,1.53,16.91,10.6,21.75,0,2.21,4.35,0.01,2.85,NaN,NaN,NaN,NaN,NaN,NaN,NaN,NaN,0,0,NaN,0,0,NaN,NaN,NaN,NaN,NaN,NaN,NaN,NaN,NaN,NaN,NaN,NaN,0,0,0,0,0,23.01
09/27/2025,09,5GNR,Upstate New York,070,Buffalo,HNRT,0700021,NYNIAGNIAG_WELCHAVE_02-HNRT,0123,123,0,0,14,100,8,8,23.77,0.01,27.94,0,0,0,2.16,16.89,15.51,1,0,0.51,2.01,0,5.32,NaN,NaN,NaN,NaN,NaN,NaN,NaN,NaN,0,0,NaN,0,0,NaN,NaN,NaN,NaN,NaN,NaN,NaN,NaN,NaN,NaN,NaN,NaN,0,0,0,0,0,9.69
09/27/2025,09,5GNR,Upstate New York,070,Buffalo,HNRT,0700021,NYNIAGNIAG_WESTONAVE_01-HNRT,0190,190,0,0,13,100,13,13,10.28,0,71.93,0,0,0,4.76,16.14,15.32,5.78,0,1.74,3.52,0,5.21,NaN,NaN,NaN,NaN,NaN,NaN,NaN,NaN,0,0,NaN,0,0,NaN,NaN,NaN,NaN,NaN,NaN,NaN,NaN,NaN,NaN,NaN,NaN,0,0,0,0,0,5.78
09/27/2025,09,5GNR,Upstate New York,070,Buffalo,HNRT,0700021,NYNIAGNIAG_WESTONAVE_01-HNRT,0191,191,0,0,23,100,13,13,21136.06,1.1,487.47,0.01,0.01,0.04,0.05,16.52,17.02,18030.43,0,282.76,493.97,0.14,17.32,NaN,NaN,NaN,NaN,NaN,NaN,NaN,NaN,0,0,NaN,0,0,NaN,NaN,NaN,NaN,NaN,NaN,NaN,NaN,NaN,NaN,NaN,NaN,0,0,0,0,0,18030.43
09/27/2025,09,5GNR,Upstate New York,070,Buffalo,HNRT,0700021,NYNIAGNIAG_WESTONAVE_01-HNRT,0192,192,4.48,3,67,100,55,55,484.69,0.11,109.46,0.04,0.07,0.25,0.29,13.94,18.42,308.33,0,6.05,20.45,0.01,4.02,NaN,NaN,NaN,NaN,NaN,NaN,NaN,NaN,0,0,NaN,0,0,NaN,NaN,NaN,NaN,NaN,NaN,NaN,NaN,NaN,NaN,NaN,NaN,0,0,0,0,0,308.33
09/27/2025,09,5GNR,Upstate New York,070,Buffalo,HNRT,0700021,NYNIAGNIAG_WESTONAVE_02-HNRT,0193,193,32.71,35,107,100,116,116,1807.1,1.51,37.51,0.08,0.15,0.45,1.99,16.48,10.9,1480.12,0,159.59,217.61,0.25,4.39,NaN,NaN,NaN,NaN,NaN,NaN,NaN,NaN,0,0,NaN,0,0,NaN,NaN,NaN,NaN,NaN,NaN,NaN,NaN,NaN,NaN,NaN,NaN,0,0,0,0,0,1480.12
09/27/2025,09,5GNR,Upstate New York,070,Buffalo,HNRT,0700021,NYNIAGNIAG_WESTONAVE_02-HNRT,0194,194,0,0,18,100,16,16,71.32,0.02,67.72,0,0,0,1.31,16.12,11.67,44.04,0,0.8,2.55,0,3.56,NaN,NaN,NaN,NaN,NaN,NaN,NaN,NaN,0,0,NaN,0,0,NaN,NaN,NaN,NaN,NaN,NaN,NaN,NaN,NaN,NaN,NaN,NaN,0,0,0,0,0,44.04
09/27/2025,09,5GNR,Upstate New York,070,Buffalo,HNRT,0700021,NYNIAGNIAG_WESTONAVE_02-HNRT,0195,195,2.78,1,36,100,34,34,56.47,0.02,70.56,0,0,0,8.37,15.81,12.23,44.76,0,0.69,1.69,0,1.39,NaN,NaN,NaN,NaN,NaN,NaN,NaN,NaN,0,0,NaN,0,0,NaN,NaN,NaN,NaN,NaN,NaN,NaN,NaN,NaN,NaN,NaN,NaN,0,0,0,0,0,45.08
09/27/2025,09,5GNR,Upstate New York,070,Buffalo,HNRT,0700021,NYNIAGNIAG_WESTONAVE_03-HNRT,0151,151,5.88,1,17,100,15,15,140.81,0.04,44.81,0,0,0,0.75,16.73,14.63,44.48,0,1.55,6.83,0,1.22,NaN,NaN,NaN,NaN,NaN,NaN,NaN,NaN,0,0,NaN,0,0,NaN,NaN,NaN,NaN,NaN,NaN,NaN,NaN,NaN,NaN,NaN,NaN,0,0,0,0,0,44.48
09/27/2025,09,5GNR,Upstate New York,070,Buffalo,HNRT,0700021,NYNIAGNIAG_WESTONAVE_03-HNRT,0152,152,7.69,1,13,100,9,9,32.52,0.02,25.04,0.01,0,0,2.58,16.26,9.46,16.12,0,0.34,1.07,0,0.76,NaN,NaN,NaN,NaN,NaN,NaN,NaN,NaN,0,0,NaN,0,0,NaN,NaN,NaN,NaN,NaN,NaN,NaN,NaN,NaN,NaN,NaN,NaN,0,0,0,0,0,16.12
09/27/2025,09,5GNR,Upstate New York,070,Buffalo,HNRT,0700021,NYNIAGNIAG_WESTONAVE_03-HNRT,0153,153,42.86,3,7,100,17,17,7935.37,0.81,194.36,0.02,0.02,0.02,0.05,17.56,20.7,3943.31,0,320.71,617.06,0.2,67.65,NaN,NaN,NaN,NaN,NaN,NaN,NaN,NaN,0,0,NaN,0,0,NaN,NaN,NaN,NaN,NaN,NaN,NaN,NaN,NaN,NaN,NaN,NaN,0,0,0,0,0,3943.31
09/27/2025,09,5GNR,Upstate New York,070,Buffalo,HNRT,0700021,NYNIAGNIAG_WHIRLPOOL_01-HNRT,0214,214,6.98,6,86,100,72,72,134.74,0.04,63.27,0.2,0.23,0.33,2.2,17.13,13.54,71.91,0,8.07,12.64,0.01,8.68,NaN,NaN,NaN,NaN,NaN,NaN,NaN,NaN,0,0,NaN,0,0,NaN,NaN,NaN,NaN,NaN,NaN,NaN,NaN,NaN,NaN,NaN,NaN,0,0,0,0,0,71.92
09/27/2025,09,5GNR,Upstate New York,070,Buffalo,HNRT,0700021,NYNIAGNIAG_WHIRLPOOL_01-HNRT,0215,215,5.56,2,36,100,32,32,131.82,0.08,41.68,0.06,0.06,0.07,4.45,16.37,12.33,82.64,0,1.98,5.88,0.01,1.65,NaN,NaN,NaN,NaN,NaN,NaN,NaN,NaN,0,0,NaN,0,0,NaN,NaN,NaN,NaN,NaN,NaN,NaN,NaN,NaN,NaN,NaN,NaN,0,0,0,0,0,82.7
09/27/2025,09,5GNR,Upstate New York,070,Buffalo,HNRT,0700021,NYNIAGNIAG_WHIRLPOOL_01-HNRT,0216,216,10,28,280,100,263,259,1726.8,0.42,108.54,0.47,0.49,0.54,3.32,16.92,14.3,910.19,1.52,176.11,258.53,0.2,15.61,NaN,NaN,NaN,NaN,NaN,NaN,NaN,NaN,0,0,NaN,0,0,NaN,NaN,NaN,NaN,NaN,NaN,NaN,NaN,NaN,NaN,NaN,NaN,0,0,0,0,0,956.34
09/27/2025,09,5GNR,Upstate New York,070,Buffalo,HNRT,0700021,NYNIAGNIAG_WHITNEYAVE_01_HNRT,0091,91,9.09,1,11,100,10,10,8525.6,0.54,303.52,0,0,0,0.1,17.23,20.84,4553.94,0,38.69,185.71,0.05,48.6,NaN,NaN,NaN,NaN,NaN,NaN,NaN,NaN,0,0,NaN,0,0,NaN,NaN,NaN,NaN,NaN,NaN,NaN,NaN,NaN,NaN,NaN,NaN,0,0,0,0,0,4553.94
09/27/2025,09,5GNR,Upstate New York,070,Buffalo,HNRT,0700021,NYNIAGNIAG_WHITNEYAVE_01_HNRT,0092,92,9.09,1,11,100,3,3,3.91,0,35.42,0,0,0,1.82,18.26,15.7,1.67,0,0.35,1.28,0,2.51,NaN,NaN,NaN,NaN,NaN,NaN,NaN,NaN,0,0,NaN,0,0,NaN,NaN,NaN,NaN,NaN,NaN,NaN,NaN,NaN,NaN,NaN,NaN,0,0,0,0,0,1.68
09/27/2025,09,5GNR,Upstate New York,070,Buffalo,HNRT,0700021,NYNIAGNIAG_WHITNEYAVE_01_HNRT,0093,93,25,1,4,100,6,6,2400.37,0.14,190.54,0.01,0.01,0.01,0.02,17.73,20.97,1111.63,0,24.29,100.71,0.03,26.17,NaN,NaN,NaN,NaN,NaN,NaN,NaN,NaN,0,0,NaN,0,0,NaN,NaN,NaN,NaN,NaN,NaN,NaN,NaN,NaN,NaN,NaN,NaN,0,0,0,0,0,1111.64
09/27/2025,09,5GNR,Upstate New York,070,Buffalo,HNRT,0700021,NYNIAGNIAG_WHITNEYAVE_02-HNRT,0166,166,10.34,3,29,100,31,31,116.33,0.03,70.22,0.02,0.04,0.07,0.2,15.69,13.97,62.83,0,24.84,70.33,0.05,4.9,NaN,NaN,NaN,NaN,NaN,NaN,NaN,NaN,0,0,NaN,0,0,NaN,NaN,NaN,NaN,NaN,NaN,NaN,NaN,NaN,NaN,NaN,NaN,0,0,0,0,0,62.87
09/27/2025,09,5GNR,Upstate New York,070,Buffalo,HNRT,0700021,NYNIAGNIAG_WHITNEYAVE_02-HNRT,0167,167,0,0,12,100,6,6,2513.76,0.14,227.28,0,0,0.01,0.05,17.09,24.93,1166.27,0,18.48,106.57,0.02,23.81,NaN,NaN,NaN,NaN,NaN,NaN,NaN,NaN,0,0,NaN,0,0,NaN,NaN,NaN,NaN,NaN,NaN,NaN,NaN,NaN,NaN,NaN,NaN,0,0,0,0,0,1166.27
09/27/2025,09,5GNR,Upstate New York,070,Buffalo,HNRT,0700021,NYNIAGNIAG_WHITNEYAVE_02-HNRT,0168,168,0,0,4,100,1,1,2.92,0,48.37,0,0,0,7.8,15.96,15.34,1.49,0,0.11,0.24,0,20.02,NaN,NaN,NaN,NaN,NaN,NaN,NaN,NaN,0,0,NaN,0,0,NaN,NaN,NaN,NaN,NaN,NaN,NaN,NaN,NaN,NaN,NaN,NaN,0,0,0,0,0,1.49
09/27/2025,09,5GNR,Upstate New York,070,Buffalo,HNRT,0700021,NYNIAGNIAG_WILLOWAVE_01-HNRT,0154,154,20,1,5,100,2,2,0.09,0,4.01,0,0,0,14.24,13.9,6.24,0.06,0,0.01,0.02,0,0.53,NaN,NaN,NaN,NaN,NaN,NaN,NaN,NaN,0,0,NaN,0,0,NaN,NaN,NaN,NaN,NaN,NaN,NaN,NaN,NaN,NaN,NaN,NaN,0,0,0,0,0,0.06
09/27/2025,09,5GNR,Upstate New York,070,Buffalo,HNRT,0700021,NYNIAGNIAG_WILLOWAVE_01-HNRT,0155,155,22.22,2,9,100,1,1,0.37,0,23.12,0,0,0,8.88,14.19,5.94,0.21,0,0.11,0.19,0,1.06,NaN,NaN,NaN,NaN,NaN,NaN,NaN,NaN,0,0,NaN,0,0,NaN,NaN,NaN,NaN,NaN,NaN,NaN,NaN,NaN,NaN,NaN,NaN,0,0,0,0,0,0.21
09/27/2025,09,5GNR,Upstate New York,070,Buffalo,HNRT,0700021,NYNIAGNIAG_WILLOWAVE_01-HNRT,0156,156,0,0,108,100,123,123,4.24,0,103.45,0,0,0,0.1,18.89,14.88,3.21,0,0.32,2.02,0,5.19,NaN,NaN,NaN,NaN,NaN,NaN,NaN,NaN,0,0,NaN,0,0,NaN,NaN,NaN,NaN,NaN,NaN,NaN,NaN,NaN,NaN,NaN,NaN,0,0,0,0,0,3.21
09/27/2025,09,5GNR,Upstate New York,070,Buffalo,HNRT,0700021,NYNIAGNIAG_WILLOWAVE_02-HNRT,0196,196,0,0,6,100,10,10,1849.4,0.66,155.9,0.07,0.09,0.46,0.06,17.63,11.16,1358.16,0,6.5,24.6,0.02,2.09,NaN,NaN,NaN,NaN,NaN,NaN,NaN,NaN,0,0,NaN,0,0,NaN,NaN,NaN,NaN,NaN,NaN,NaN,NaN,NaN,NaN,NaN,NaN,0,0,0,0,0,1358.16
09/27/2025,09,5GNR,Upstate New York,070,Buffalo,HNRT,0700021,NYNIAGNIAG_WILLOWAVE_02-HNRT,0197,197,6.25,1,16,100,20,20,34.37,0.01,63.35,0.02,0.03,0.05,0.03,18.34,19.72,19,0,4.53,19.72,0.01,4.76,NaN,NaN,NaN,NaN,NaN,NaN,NaN,NaN,0,0,NaN,0,0,NaN,NaN,NaN,NaN,NaN,NaN,NaN,NaN,NaN,NaN,NaN,NaN,0,0,0,0,0,19
09/27/2025,09,5GNR,Upstate New York,070,Buffalo,HNRT,0700021,NYNIAGNIAG_WILLOWAVE_02-HNRT,0198,198,0,0,1,100,0,0,0,0,NaN,0,0,0,8.33,16.29,4.08,0,NaN,0,0,0,NaN,NaN,NaN,NaN,NaN,NaN,NaN,NaN,NaN,0,0,NaN,0,0,NaN,NaN,NaN,NaN,NaN,NaN,NaN,NaN,NaN,NaN,NaN,NaN,0,0,0,0,0,0
09/27/2025,09,5GNR,Upstate New York,070,Buffalo,HNRT,0700021,NYNIAGNIAG_WILLOWAVE_03-HNRT,0199,199,NaN,0,0,100,4,4,22.24,0,78.43,0,0,0,0.01,18.37,18.76,10.35,0,7.22,22.65,0.01,20.29,NaN,NaN,NaN,NaN,NaN,NaN,NaN,NaN,0,0,NaN,0,0,NaN,NaN,NaN,NaN,NaN,NaN,NaN,NaN,NaN,NaN,NaN,NaN,0,0,0,0,0,10.35
09/27/2025,09,5GNR,Upstate New York,070,Buffalo,HNRT,0700021,NYNIAGNIAG_WILLOWAVE_03-HNRT,0200,200,13.51,5,37,100,20,20,10.12,0.01,37.04,0.03,0.03,0.03,5.48,15.84,11.01,7.31,0,0.34,0.71,0,2.48,NaN,NaN,NaN,NaN,NaN,NaN,NaN,NaN,0,0,NaN,0,0,NaN,NaN,NaN,NaN,NaN,NaN,NaN,NaN,NaN,NaN,NaN,NaN,0,0,0,0,0,7.31
09/27/2025,09,5GNR,Upstate New York,070,Buffalo,HNRT,0700021,NYNIAGNIAG_WILLOWAVE_03-HNRT,0201,201,16.67,4,24,100,19,19,518.08,0.13,68.98,0.01,0.01,0.04,2.76,16.23,12.37,264.66,0,2.05,13.13,0.01,4.22,NaN,NaN,NaN,NaN,NaN,NaN,NaN,NaN,0,0,NaN,0,0,NaN,NaN,NaN,NaN,NaN,NaN,NaN,NaN,NaN,NaN,NaN,NaN,0,0,0,0,0,264.66
09/27/2025,09,5GNR,Upstate New York,070,Buffalo,HNRT,0700022,NYNIAGNIAG_63ST_01-HNRT,0034,34,0,0,3,100,2,2,0.05,0,25,0,0,0,6.19,14.46,5.08,0.04,0,0,0,0,NaN,NaN,NaN,NaN,NaN,NaN,NaN,NaN,NaN,0,0,NaN,0,0,NaN,NaN,NaN,NaN,NaN,NaN,NaN,NaN,NaN,NaN,NaN,NaN,0,0,0,0,0,0.04
09/27/2025,09,5GNR,Upstate New York,070,Buffalo,HNRT,0700022,NYNIAGNIAG_63ST_01-HNRT,0035,35,20.59,7,34,100,20,20,430.16,0.18,98.55,0.03,0.03,0.07,0.15,17.84,14,320.2,0,15.33,41.05,0.02,8.56,NaN,NaN,NaN,NaN,NaN,NaN,NaN,NaN,0,0,NaN,0,0,NaN,NaN,NaN,NaN,NaN,NaN,NaN,NaN,NaN,NaN,NaN,NaN,0,0,0,0,0,320.23
09/27/2025,09,5GNR,Upstate New York,070,Buffalo,HNRT,0700022,NYNIAGNIAG_63ST_01-HNRT,0036,36,14.29,1,7,100,8,8,3517,0.22,243.03,0,0,0,0.07,16.13,24.7,2163.71,0,58.11,532.58,0.11,36.35,NaN,NaN,NaN,NaN,NaN,NaN,NaN,NaN,0,0,NaN,0,0,NaN,NaN,NaN,NaN,NaN,NaN,NaN,NaN,NaN,NaN,NaN,NaN,0,0,0,0,0,2163.71
09/27/2025,09,5GNR,Upstate New York,070,Buffalo,HNRT,0700022,NYNIAGNIAG_67ST_01-HNRT,0055,55,21.62,8,37,100,33,33,21.62,0.01,39.82,0,0,0.01,6.64,15.85,14.89,15.72,0,0.35,1.34,0,4.83,NaN,NaN,NaN,NaN,NaN,NaN,NaN,NaN,0,0,NaN,0,0,NaN,NaN,NaN,NaN,NaN,NaN,NaN,NaN,NaN,NaN,NaN,NaN,0,0,0,0,0,15.72
09/27/2025,09,5GNR,Upstate New York,070,Buffalo,HNRT,0700022,NYNIAGNIAG_67ST_01-HNRT,0056,56,0,0,20,100,9,9,3.03,0.01,10.74,0,0.01,0.03,7.74,14.31,8.02,2.44,0,0,0.09,0,0.08,NaN,NaN,NaN,NaN,NaN,NaN,NaN,NaN,0,0,NaN,0,0,1500,500,500,0,NaN,NaN,0,NaN,NaN,NaN,NaN,NaN,0,0,0,0,0,2.51
09/27/2025,09,5GNR,Upstate New York,070,Buffalo,HNRT,0700022,NYNIAGNIAG_67ST_01-HNRT,0057,57,14.29,2,14,100,6,6,2.6,0,7.97,0,0,0,5.69,16.08,12.1,1.67,0,1.68,2,0,6.61,NaN,NaN,NaN,NaN,NaN,NaN,NaN,NaN,0,0,NaN,0,0,NaN,NaN,NaN,NaN,NaN,NaN,NaN,NaN,NaN,NaN,NaN,NaN,0,0,0,0,0,1.67
09/27/2025,09,5GNR,Upstate New York,070,Buffalo,HNRT,0700022,NYNIAGNIAG_71ST_01-HNRT,0037,37,1.22,3,245,100,98,98,528.25,0.14,147.75,0.08,0.11,0.25,2.55,16.19,14.58,357.2,0,46.64,66.54,0.04,31.35,NaN,NaN,NaN,NaN,NaN,NaN,NaN,NaN,0,0,NaN,0,0,NaN,NaN,NaN,NaN,NaN,NaN,NaN,NaN,NaN,NaN,NaN,NaN,0,0,0,0,0,357.42
09/27/2025,09,5GNR,Upstate New York,070,Buffalo,HNRT,0700022,NYNIAGNIAG_71ST_01-HNRT,0038,38,1.23,3,244,100,62,62,444.26,0.08,153.97,0.03,0.27,0.98,3.12,16.09,14.59,272.64,0,27.6,45.18,0.04,8.81,NaN,NaN,NaN,NaN,NaN,NaN,NaN,NaN,0,0,NaN,0,0,NaN,NaN,NaN,NaN,NaN,NaN,NaN,NaN,NaN,NaN,NaN,NaN,0,0,0,0,0,280.4
09/27/2025,09,5GNR,Upstate New York,070,Buffalo,HNRT,0700022,NYNIAGNIAG_71ST_01-HNRT,0039,39,8.41,9,107,100,59,59,250.25,0.1,60.37,0.16,0.24,0.57,3.68,15.81,13.41,102.54,0,36.57,57.94,0.04,30.1,NaN,NaN,NaN,NaN,NaN,NaN,NaN,NaN,0,0,NaN,0,0,NaN,875,875,NaN,NaN,NaN,0,NaN,NaN,0,NaN,333.33,0.01,0.01,0,0,0,168.96
09/27/2025,09,5GNR,Upstate New York,070,Buffalo,HNRT,0700022,NYNIAGNIAG_72ST_01- HNRT,0058,58,3.85,1,26,100,15,15,1250.46,0.07,507.86,0,0,0.01,0.13,18.34,22.79,673.57,0,21.75,75.34,0.01,77.71,NaN,NaN,NaN,NaN,NaN,NaN,NaN,NaN,0,0,NaN,0,0,NaN,NaN,NaN,NaN,NaN,NaN,NaN,NaN,NaN,NaN,NaN,NaN,0,0,0,0,0,673.57
09/27/2025,09,5GNR,Upstate New York,070,Buffalo,HNRT,0700022,NYNIAGNIAG_72ST_01- HNRT,0059,59,25,1,4,100,4,4,139.16,0.04,96.18,0,0,0,1.23,16.26,14.79,91.75,0,0.21,1.05,0,2.09,NaN,NaN,NaN,NaN,NaN,NaN,NaN,NaN,0,0,NaN,0,0,NaN,NaN,NaN,NaN,NaN,NaN,NaN,NaN,NaN,NaN,NaN,NaN,0,0,0,0,0,91.75
09/27/2025,09,5GNR,Upstate New York,070,Buffalo,HNRT,0700022,NYNIAGNIAG_72ST_01- HNRT,0060,60,8.82,3,34,100,32,32,788.24,0.1,181.13,0.08,0.08,0.07,0.47,18.35,23.44,373.49,0,21.51,103,0.03,80.09,NaN,NaN,NaN,NaN,NaN,NaN,NaN,NaN,0,0,NaN,0,0,NaN,NaN,NaN,NaN,NaN,NaN,NaN,NaN,NaN,NaN,NaN,NaN,0,0,0,0,0,385.8
09/27/2025,09,5GNR,Upstate New York,070,Buffalo,HNRT,0700022,NYNIAGNIAG_72ST_02-HNRT,0061,61,5,1,20,100,12,12,4.43,0,57.36,0,0,0,0.94,15.41,13.46,2.27,0,0.56,1.42,0,6.3,NaN,NaN,NaN,NaN,NaN,NaN,NaN,NaN,0,0,NaN,0,0,NaN,NaN,NaN,NaN,NaN,NaN,NaN,NaN,NaN,NaN,NaN,NaN,0,0,0,0,0,2.27
09/27/2025,09,5GNR,Upstate New York,070,Buffalo,HNRT,0700022,NYNIAGNIAG_72ST_02-HNRT,0062,62,14.29,4,28,100,29,29,11.35,0,85.22,0.13,0.16,0.22,0.11,18.76,21.21,6.27,0,1.09,8,0,223.13,NaN,NaN,NaN,NaN,NaN,NaN,NaN,NaN,0,0,NaN,0,0,NaN,NaN,NaN,NaN,NaN,NaN,NaN,NaN,NaN,NaN,NaN,NaN,0,0,0,0,0,6.27
09/27/2025,09,5GNR,Upstate New York,070,Buffalo,HNRT,0700022,NYNIAGNIAG_72ST_02-HNRT,0063,63,0,0,11,100,6,6,1.07,0,19.94,0,0,0,5.28,15.28,8.06,0.72,0,0,0.07,0,0,NaN,NaN,NaN,NaN,NaN,NaN,NaN,NaN,0,0,NaN,0,0,NaN,NaN,NaN,NaN,NaN,NaN,NaN,NaN,NaN,NaN,NaN,NaN,0,0,0,0,0,0.72
09/27/2025,09,5GNR,Upstate New York,070,Buffalo,HNRT,0700022,NYNIAGNIAG_74ST_01-HNRT,0040,40,2.61,3,115,100,36,36,150.54,0.05,102.44,0.07,0.11,0.24,3.39,15.72,12.59,92.76,0,4.13,12.63,0.01,6.3,NaN,NaN,NaN,NaN,NaN,NaN,NaN,NaN,0,0,NaN,0,0,NaN,NaN,NaN,NaN,NaN,NaN,NaN,NaN,NaN,NaN,NaN,NaN,0,0,0,0,0,99.06
09/27/2025,09,5GNR,Upstate New York,070,Buffalo,HNRT,0700022,NYNIAGNIAG_74ST_01-HNRT,0041,41,0,0,10,100,5,5,1.1,0,33.06,0,0,0,3.69,15.6,10.92,0.62,0,0,0.08,0,NaN,NaN,NaN,NaN,NaN,NaN,NaN,NaN,NaN,0,0,NaN,0,0,NaN,NaN,NaN,NaN,NaN,NaN,NaN,NaN,NaN,NaN,NaN,NaN,0,0,0,0,0,0.62
09/27/2025,09,5GNR,Upstate New York,070,Buffalo,HNRT,0700022,NYNIAGNIAG_74ST_01-HNRT,0042,42,11.76,2,17,100,8,8,19.53,0,142.03,0,0,0,1.38,17.19,14.98,14.85,0,0.09,0.76,0,6.24,NaN,NaN,NaN,NaN,NaN,NaN,NaN,NaN,0,0,NaN,0,0,NaN,NaN,NaN,NaN,NaN,NaN,NaN,NaN,NaN,NaN,NaN,NaN,0,0,0,0,0,14.85
09/27/2025,09,5GNR,Upstate New York,070,Buffalo,HNRT,0700022,NYNIAGNIAG_76ST_01-HNRT,0043,43,3.03,4,132,100,53,53,438.91,0.1,141.69,0.02,0.03,0.08,1.03,16.26,16.32,261.61,0,12.56,29.12,0.02,23.86,NaN,NaN,NaN,NaN,NaN,NaN,NaN,NaN,0,0,NaN,0,0,NaN,NaN,NaN,NaN,NaN,NaN,NaN,NaN,NaN,NaN,NaN,NaN,0,0,0,0,0,298.88
09/27/2025,09,5GNR,Upstate New York,070,Buffalo,HNRT,0700022,NYNIAGNIAG_76ST_01-HNRT,0044,44,8.38,14,167,100,105,105,1911.72,0.32,138.34,0.31,0.34,0.46,0.83,16.8,18.58,1202.36,0,83.02,243.01,0.1,23.11,NaN,NaN,NaN,NaN,NaN,NaN,NaN,NaN,0,0,NaN,0,0,NaN,NaN,NaN,NaN,NaN,NaN,NaN,NaN,NaN,NaN,NaN,NaN,0,0,0,0,0,1203.38
09/27/2025,09,5GNR,Upstate New York,070,Buffalo,HNRT,0700022,NYNIAGNIAG_76ST_01-HNRT,0045,45,3.38,8,237,100,94,94,815.57,0.15,134.18,0.19,0.24,0.41,1.94,16.35,14.29,530.45,0,30.33,85.15,0.06,10.12,NaN,NaN,NaN,NaN,NaN,NaN,NaN,NaN,0,0,NaN,0,0,NaN,NaN,NaN,NaN,NaN,NaN,NaN,NaN,NaN,NaN,NaN,NaN,0,0,0,0,0,531.45
09/27/2025,09,5GNR,Upstate New York,070,Buffalo,HNRT,0700022,NYNIAGNIAG_77ST_01-HNRT,0079,79,10,2,20,100,14,14,30.8,0.01,139.65,0,0,0,3.61,16.31,15.2,19.4,0,0.71,1.76,0,7.28,NaN,NaN,NaN,NaN,NaN,NaN,NaN,NaN,0,0,NaN,0,0,NaN,NaN,NaN,NaN,NaN,NaN,NaN,NaN,NaN,NaN,NaN,NaN,0,0,0,0,0,19.4
09/27/2025,09,5GNR,Upstate New York,070,Buffalo,HNRT,0700022,NYNIAGNIAG_77ST_01-HNRT,0080,80,50,1,2,100,0,0,0.18,0,24.44,0,0,0,1.44,15.56,8.93,0.17,NaN,0,0.01,0,NaN,NaN,NaN,NaN,NaN,NaN,NaN,NaN,NaN,0,0,NaN,0,0,NaN,NaN,NaN,NaN,NaN,NaN,NaN,NaN,NaN,NaN,NaN,NaN,0,0,0,0,0,0.17
09/27/2025,09,5GNR,Upstate New York,070,Buffalo,HNRT,0700022,NYNIAGNIAG_77ST_01-HNRT,0081,81,0,0,13,100,3,3,4.41,0,21.45,0,0,0,3.64,15.34,14.22,2.97,0,0.25,0.52,0,6.97,NaN,NaN,NaN,NaN,NaN,NaN,NaN,NaN,0,0,NaN,0,0,NaN,NaN,NaN,NaN,NaN,NaN,NaN,NaN,NaN,NaN,NaN,NaN,0,0,0,0,0,2.97
09/27/2025,09,5GNR,Upstate New York,070,Buffalo,HNRT,0700022,NYNIAGNIAG_77ST_02-HNRT,0082,82,4.08,2,49,100,34,34,165.38,0.05,108.76,0.01,0.01,0.03,0.18,18.21,13.34,115.58,0,4.66,15.92,0.02,4.73,NaN,NaN,NaN,NaN,NaN,NaN,NaN,NaN,0,0,NaN,0,0,1750,77375,77375,NaN,NaN,NaN,0,NaN,NaN,NaN,NaN,0,0,0,0,0,0,115.59
09/27/2025,09,5GNR,Upstate New York,070,Buffalo,HNRT,0700022,NYNIAGNIAG_77ST_02-HNRT,0083,83,12.96,7,54,100,25,25,22.76,0.02,14.45,0,0,0.01,7.42,15.34,11.62,16.99,0,0.11,0.68,0,2.92,NaN,NaN,NaN,NaN,NaN,NaN,NaN,NaN,0,0,NaN,0,0,NaN,NaN,NaN,NaN,NaN,NaN,NaN,NaN,NaN,NaN,NaN,NaN,0,0,0,0,0,17.48
09/27/2025,09,5GNR,Upstate New York,070,Buffalo,HNRT,0700022,NYNIAGNIAG_77ST_02-HNRT,0084,84,7.2,9,125,100,76,74,84.51,0.04,46.12,0.12,0.12,0.12,1.73,17.32,17.01,58.49,2.63,24.57,34.72,0.02,11.84,NaN,NaN,NaN,NaN,NaN,NaN,NaN,NaN,0,0,NaN,0,0,NaN,NaN,NaN,NaN,NaN,NaN,NaN,NaN,NaN,NaN,NaN,NaN,0,0,0,0,0,59.62
09/27/2025,09,5GNR,Upstate New York,070,Buffalo,HNRT,0700022,NYNIAGNIAG_79ST_01-HNRT,0064,64,6.25,1,16,100,13,13,130.65,0.07,53.74,0,0,0,0.69,16.08,11.25,106.03,0,0.81,5.92,0.01,12.14,NaN,NaN,NaN,NaN,NaN,NaN,NaN,NaN,0,0,NaN,0,0,NaN,NaN,NaN,NaN,NaN,NaN,NaN,NaN,NaN,NaN,NaN,NaN,0,0,0,0,0,106.03
09/27/2025,09,5GNR,Upstate New York,070,Buffalo,HNRT,0700022,NYNIAGNIAG_79ST_01-HNRT,0065,65,0,0,9,100,12,12,984.91,1.53,37.36,0.06,0.09,0.46,0.22,15.9,10.82,877,0,15.62,38.56,0.09,0.85,NaN,NaN,NaN,NaN,NaN,NaN,NaN,NaN,0,0,NaN,0,0,NaN,NaN,NaN,NaN,NaN,NaN,NaN,NaN,NaN,NaN,NaN,NaN,0,0,0,0,0,877
09/27/2025,09,5GNR,Upstate New York,070,Buffalo,HNRT,0700022,NYNIAGNIAG_79ST_01-HNRT,0066,66,4.55,1,22,100,31,31,1777.96,0.23,241.27,0,0,0,0.02,17.89,16.89,1260.4,0,79.26,167.98,0.08,29.91,NaN,NaN,NaN,NaN,NaN,NaN,NaN,NaN,0,0,NaN,0,0,NaN,NaN,NaN,NaN,NaN,NaN,NaN,NaN,NaN,NaN,NaN,NaN,0,0,0,0,0,1260.4
09/27/2025,09,5GNR,Upstate New York,070,Buffalo,HNRT,0700022,NYNIAGNIAG_79ST_02-HNRT,0067,67,50,2,4,100,3,3,0.33,0,15.13,0.17,0.12,0,0.25,17.2,9.58,0.22,0,0,0.03,0,NaN,NaN,NaN,NaN,NaN,NaN,NaN,NaN,NaN,0,0,NaN,0,0,NaN,NaN,NaN,NaN,NaN,NaN,NaN,NaN,NaN,NaN,NaN,NaN,0,0,0,0,0,0.22
09/27/2025,09,5GNR,Upstate New York,070,Buffalo,HNRT,0700022,NYNIAGNIAG_79ST_02-HNRT,0068,68,0,0,3,100,0,0,0.05,0,32.77,0,0,0,3.78,17.48,12.84,0.02,NaN,0,0.02,0,NaN,NaN,NaN,NaN,NaN,NaN,NaN,NaN,NaN,0,0,NaN,0,0,NaN,NaN,NaN,NaN,NaN,NaN,NaN,NaN,NaN,NaN,NaN,NaN,0,0,0,0,0,0.02
09/27/2025,09,5GNR,Upstate New York,070,Buffalo,HNRT,0700022,NYNIAGNIAG_79ST_02-HNRT,0069,69,9.09,1,11,100,6,6,8.03,0,42.63,0,0,0,6.41,16.34,14.62,3.98,0,0.04,0.36,0,0,NaN,NaN,NaN,NaN,NaN,NaN,NaN,NaN,0,0,NaN,0,0,NaN,NaN,NaN,NaN,NaN,NaN,NaN,NaN,NaN,NaN,NaN,NaN,0,0,0,0,0,3.98
09/27/2025,09,5GNR,Upstate New York,070,Buffalo,HNRT,0700022,NYNIAGNIAG_91ST_01-HNRT,0070,70,0,0,14,100,19,19,1264.61,0.26,191.9,0.01,0.01,0,0.14,18.08,15.08,751.31,0,39.1,123.32,0.05,24.18,NaN,NaN,NaN,NaN,NaN,NaN,NaN,NaN,0,0,NaN,0,0,NaN,NaN,NaN,NaN,NaN,NaN,NaN,NaN,NaN,NaN,NaN,NaN,0,0,0,0,0,772.27
09/27/2025,09,5GNR,Upstate New York,070,Buffalo,HNRT,0700022,NYNIAGNIAG_91ST_01-HNRT,0071,71,0,0,9,100,5,5,6.04,0,138,0,0,0,0.87,17.08,15.31,4.03,0,0.17,0.29,0,27.01,NaN,NaN,NaN,NaN,NaN,NaN,NaN,NaN,0,0,NaN,0,0,NaN,NaN,NaN,NaN,NaN,NaN,NaN,NaN,NaN,NaN,NaN,NaN,0,0,0,0,0,4.03
09/27/2025,09,5GNR,Upstate New York,070,Buffalo,HNRT,0700022,NYNIAGNIAG_91ST_01-HNRT,0072,72,5,1,20,100,17,17,1607.74,0.1,341.34,0.01,0.01,0.01,0.31,17.87,24.15,754.35,0,35.8,137.61,0.03,108.41,NaN,NaN,NaN,NaN,NaN,NaN,NaN,NaN,0,0,NaN,0,0,NaN,NaN,NaN,NaN,NaN,NaN,NaN,NaN,NaN,NaN,NaN,NaN,0,0,0,0,0,754.35
09/27/2025,09,5GNR,Upstate New York,070,Buffalo,HNRT,0700022,NYNIAGNIAG_92ST_01-HNRT,0085,85,33.33,1,3,100,3,3,0.09,0,35.94,0,0,0,12.47,15.06,11.66,0.05,0,0,0.02,0,NaN,NaN,NaN,NaN,NaN,NaN,NaN,NaN,NaN,0,0,NaN,0,0,NaN,NaN,NaN,NaN,NaN,NaN,NaN,NaN,NaN,NaN,NaN,NaN,0,0,0,0,0,0.05
09/27/2025,09,5GNR,Upstate New York,070,Buffalo,HNRT,0700022,NYNIAGNIAG_92ST_01-HNRT,0086,86,0,0,6,100,4,4,123.99,0.07,24.23,0,0,0,2.14,15.72,5.77,0.45,0,0,2.36,0,0.53,NaN,NaN,NaN,NaN,NaN,NaN,NaN,NaN,0,0,NaN,0,0,NaN,NaN,NaN,NaN,NaN,NaN,NaN,NaN,NaN,NaN,NaN,NaN,0,0,0,0,0,97.87
09/27/2025,09,5GNR,Upstate New York,070,Buffalo,HNRT,0700022,NYNIAGNIAG_92ST_01-HNRT,0087,87,100,1,1,100,0,0,0,0,NaN,0,0,0,NaN,0,0,0,NaN,0,0,0,NaN,NaN,NaN,NaN,NaN,NaN,NaN,NaN,NaN,0,0,NaN,0,0,NaN,NaN,NaN,NaN,NaN,NaN,NaN,NaN,NaN,NaN,NaN,NaN,0,0,0,0,0,0
09/27/2025,09,5GNR,Upstate New York,070,Buffalo,HNRT,0700022,NYNIAGNIAG_BUFFALOAVE_01-HNRT,0088,88,12.2,5,41,100,26,26,21.06,0.02,17.58,0.17,0.18,0.22,0.32,16.2,13.36,13.28,0,4.47,14,0.01,12.4,NaN,NaN,NaN,NaN,NaN,NaN,NaN,NaN,0,0,NaN,0,0,NaN,NaN,NaN,NaN,NaN,NaN,NaN,NaN,NaN,NaN,NaN,NaN,0,0,0,0,0,13.29
09/27/2025,09,5GNR,Upstate New York,070,Buffalo,HNRT,0700022,NYNIAGNIAG_BUFFALOAVE_01-HNRT,0089,89,5.56,4,72,100,32,32,201.26,0.06,70.1,0.03,0.05,0.14,5.44,16.68,17.14,131.82,0,6.99,16.48,0.01,7.86,NaN,NaN,NaN,NaN,NaN,NaN,NaN,NaN,0,0,NaN,0,0,NaN,NaN,NaN,NaN,NaN,NaN,NaN,NaN,NaN,NaN,NaN,NaN,0,0,0,0,0,131.99
09/27/2025,09,5GNR,Upstate New York,070,Buffalo,HNRT,0700022,NYNIAGNIAG_BUFFALOAVE_01-HNRT,0090,90,10.85,28,258,100,204,204,351.11,0.2,38.02,0.38,0.63,1.92,6.28,15.59,16.12,232.24,0,5.5,23.11,0.03,2.03,NaN,NaN,NaN,NaN,NaN,NaN,NaN,NaN,0,0,NaN,0,0,NaN,625,625,0,NaN,NaN,0,NaN,NaN,NaN,NaN,NaN,0,0,0,0,0,247.4
09/27/2025,09,5GNR,Upstate New York,070,Buffalo,HNRT,0700022,NYNIAGNIAG_BUFFALOAVE_04-HNRT,0073,73,0,0,24,100,1,1,34.97,0.01,127.38,0,0,0,3.4,16.18,12.97,21.51,0,1.21,2.13,0,7.92,NaN,NaN,NaN,NaN,NaN,NaN,NaN,NaN,0,0,NaN,0,0,NaN,NaN,NaN,NaN,NaN,NaN,NaN,NaN,NaN,NaN,NaN,NaN,0,0,0,0,0,21.52
09/27/2025,09,5GNR,Upstate New York,070,Buffalo,HNRT,0700022,NYNIAGNIAG_BUFFALOAVE_04-HNRT,0074,74,3.12,1,32,100,19,19,3655.09,0.89,167.25,0,0,0.01,0.16,16.93,13.48,2824.56,0,232.3,303.9,0.16,38.93,NaN,NaN,NaN,NaN,NaN,NaN,NaN,NaN,0,0,NaN,0,0,NaN,NaN,NaN,NaN,NaN,NaN,NaN,NaN,NaN,NaN,NaN,NaN,0,0,0,0,0,2824.57
09/27/2025,09,5GNR,Upstate New York,070,Buffalo,HNRT,0700022,NYNIAGNIAG_BUFFALOAVE_04-HNRT,0075,75,21.43,18,84,100,70,69,176.77,0.05,79.89,0.08,0.08,0.08,7.51,16.31,15.45,117.72,1.43,4.04,9.38,0.01,7.62,NaN,NaN,NaN,NaN,NaN,NaN,NaN,NaN,0,0,NaN,0,0,NaN,NaN,NaN,NaN,NaN,NaN,NaN,NaN,NaN,NaN,NaN,NaN,0,0,0,0,0,117.79
09/27/2025,09,5GNR,Upstate New York,070,Buffalo,HNRT,0700022,NYNIAGNIAG_BUFFALOAVE_05-HNRT,0091,91,0,0,6,100,9,9,712.26,0.09,179.28,0,0,0,0.03,17.64,18.26,494.52,0,38.22,74.53,0.03,20.46,NaN,NaN,NaN,NaN,NaN,NaN,NaN,NaN,0,0,NaN,0,0,NaN,NaN,NaN,NaN,NaN,NaN,NaN,NaN,NaN,NaN,NaN,NaN,0,0,0,0,0,494.52
09/27/2025,09,5GNR,Upstate New York,070,Buffalo,HNRT,0700022,NYNIAGNIAG_BUFFALOAVE_05-HNRT,0092,92,14.29,1,7,100,12,12,9531.6,0.71,354.98,0.01,0.02,0.05,0.03,16.83,21.1,6009.66,0,77.36,318.05,0.12,36.15,NaN,NaN,NaN,NaN,NaN,NaN,NaN,NaN,0,0,NaN,0,0,NaN,NaN,NaN,NaN,NaN,NaN,NaN,NaN,NaN,NaN,NaN,NaN,0,0,0,0,0,6009.66
09/27/2025,09,5GNR,Upstate New York,070,Buffalo,HNRT,0700022,NYNIAGNIAG_BUFFALOAVE_05-HNRT,0093,93,0,0,25,100,16,16,114.68,0.02,104.77,0.01,0.01,0,0.4,16.48,15.96,63.57,0,7.63,16.72,0.01,13.44,NaN,NaN,NaN,NaN,NaN,NaN,NaN,NaN,0,0,NaN,0,0,NaN,NaN,NaN,NaN,NaN,NaN,NaN,NaN,NaN,NaN,NaN,NaN,0,0,0,0,0,63.8
09/27/2025,09,5GNR,Upstate New York,070,Buffalo,HNRT,0700022,NYNIAGNIAG_BUFFALOAVE_07- HNRT,0094,94,20,4,20,100,11,11,19.01,0.01,48.59,0,0,0.02,2.42,16.23,12.79,12.94,0,0.52,1.21,0,2.94,NaN,NaN,NaN,NaN,NaN,NaN,NaN,NaN,0,0,NaN,0,0,NaN,NaN,NaN,NaN,NaN,NaN,NaN,NaN,NaN,NaN,NaN,NaN,0,0,0,0,0,13.62
09/27/2025,09,5GNR,Upstate New York,070,Buffalo,HNRT,0700022,NYNIAGNIAG_BUFFALOAVE_07- HNRT,0095,95,0,0,19,100,16,16,11.84,0.01,39.42,0,0.05,0.27,3.48,15.59,10.62,7.5,0,0.01,0.46,0,8.19,NaN,NaN,NaN,NaN,NaN,NaN,NaN,NaN,0,0,NaN,0,0,NaN,NaN,NaN,NaN,NaN,NaN,NaN,NaN,NaN,NaN,NaN,NaN,0,0,0,0,0,7.59
09/27/2025,09,5GNR,Upstate New York,070,Buffalo,HNRT,0700022,NYNIAGNIAG_BUFFALOAVE_07- HNRT,0096,96,33.33,3,9,100,2,2,0.05,0,NaN,0,0,0,5.45,17.09,16.22,0,0,0,0.06,0,NaN,NaN,NaN,NaN,NaN,NaN,NaN,NaN,NaN,0,0,NaN,0,0,NaN,NaN,NaN,NaN,NaN,NaN,NaN,NaN,NaN,NaN,NaN,NaN,0,0,0,0,0,0.02
09/27/2025,09,5GNR,Upstate New York,070,Buffalo,HNRT,0700022,NYNIAGNIAG_DEMUNDAAVE_02-HNRT,0031,31,NaN,0,0,100,8,8,17620.01,2.49,218.46,0.01,0.01,0.02,0.24,16.25,16.51,12649.47,0,1190.55,1504.6,0.52,42.98,NaN,NaN,NaN,NaN,NaN,NaN,NaN,NaN,0,0,NaN,0,0,NaN,NaN,NaN,NaN,NaN,NaN,NaN,NaN,NaN,NaN,NaN,NaN,0,0,0,0,0,12649.47
09/27/2025,09,5GNR,Upstate New York,070,Buffalo,HNRT,0700022,NYNIAGNIAG_DEMUNDAAVE_02-HNRT,0032,32,25,1,4,100,8,8,3445.95,1.26,109.4,0,0,0,0.02,17.04,15.26,2750.67,0,32.85,73.79,0.04,11.52,NaN,NaN,NaN,NaN,NaN,NaN,NaN,NaN,0,0,NaN,0,0,NaN,NaN,NaN,NaN,NaN,NaN,NaN,NaN,NaN,NaN,NaN,NaN,0,0,0,0,0,2750.67
09/27/2025,09,5GNR,Upstate New York,070,Buffalo,HNRT,0700022,NYNIAGNIAG_DEMUNDAAVE_02-HNRT,0033,33,0,0,1,100,1,1,1.2,0,139.66,0,0,0,0,17.38,16.68,0.84,0,0.58,0.89,0,33.61,NaN,NaN,NaN,NaN,NaN,NaN,NaN,NaN,0,0,NaN,0,0,NaN,NaN,NaN,NaN,NaN,NaN,NaN,NaN,NaN,NaN,NaN,NaN,0,0,0,0,0,0.84
09/27/2025,09,5GNR,Upstate New York,070,Buffalo,HNRT,0700022,NYNIAGNIAG_DEMUNDAAVE_03-HNRT,0001,1,0,0,4,100,8,8,2253.33,0.17,245.78,0,0,0,0.05,17.69,20.21,1084.33,0,44.22,111.46,0.04,62.13,NaN,NaN,NaN,NaN,NaN,NaN,NaN,NaN,0,0,NaN,0,0,NaN,NaN,NaN,NaN,NaN,NaN,NaN,NaN,NaN,NaN,NaN,NaN,0,0,0,0,0,1084.39
09/27/2025,09,5GNR,Upstate New York,070,Buffalo,HNRT,0700022,NYNIAGNIAG_DEMUNDAAVE_03-HNRT,0002,2,6.67,1,15,100,10,10,10.26,0.01,13.67,0.01,0.01,0,11.2,16.63,12.34,2.37,0,0.13,0.71,0,6.31,NaN,NaN,NaN,NaN,NaN,NaN,NaN,NaN,0,0,NaN,0,0,NaN,NaN,NaN,NaN,NaN,NaN,NaN,NaN,NaN,NaN,NaN,NaN,0,0,0,0,0,6.59
09/27/2025,09,5GNR,Upstate New York,070,Buffalo,HNRT,0700022,NYNIAGNIAG_DEMUNDAAVE_03-HNRT,0003,3,0,0,20,100,16,16,1464.24,0.43,147.71,0.02,0.02,0.01,0.66,17.85,11.99,970.96,0,23.9,46.52,0.04,4.08,NaN,NaN,NaN,NaN,NaN,NaN,NaN,NaN,0,0,NaN,0,0,NaN,NaN,NaN,NaN,NaN,NaN,NaN,NaN,NaN,NaN,NaN,NaN,0,0,0,0,0,978.2
09/27/2025,09,5GNR,Upstate New York,070,Buffalo,HNRT,0700022,NYNIAGNIAG_EDISONAVE_01-HNRT,0097,97,0,0,1,100,9,9,2418.42,0.29,144.57,0.03,0.06,0.17,0.01,16.43,19.17,1350.12,0,303.02,602.38,0.24,36.04,NaN,NaN,NaN,NaN,NaN,NaN,NaN,NaN,0,0,NaN,0,0,1437.5,525,562.5,1875,0,NaN,0,NaN,NaN,0,NaN,0,0,0,0,0,0,1350.15
09/27/2025,09,5GNR,Upstate New York,070,Buffalo,HNRT,0700022,NYNIAGNIAG_EDISONAVE_01-HNRT,0098,98,0,0,30,100,40,40,489.3,0.05,219.88,0,0,0,0.03,18.18,18.23,264.48,0,14.38,311.37,0.09,40.38,NaN,NaN,NaN,NaN,NaN,NaN,NaN,NaN,0,0,NaN,0,0,NaN,NaN,NaN,NaN,NaN,NaN,NaN,NaN,NaN,NaN,NaN,NaN,0,0,0,0,0,265.13
09/27/2025,09,5GNR,Upstate New York,070,Buffalo,HNRT,0700022,NYNIAGNIAG_EDISONAVE_01-HNRT,0099,99,9.68,3,31,100,38,38,110.5,0.03,39.93,0.01,0.01,0.03,0.75,18.06,18.22,20.95,0,4.59,22.47,0.01,10.97,NaN,NaN,NaN,NaN,NaN,NaN,NaN,NaN,0,0,NaN,0,0,NaN,NaN,NaN,NaN,NaN,NaN,NaN,NaN,NaN,NaN,NaN,NaN,0,0,0,0,0,55.73
09/27/2025,09,5GNR,Upstate New York,070,Buffalo,HNRT,0700022,NYNIAGNIAG_GRIFFONAVE_01-HNRT,0052,52,0,0,3,100,2,2,2.02,0,32.44,0,0,0,8.5,15.67,10.95,0.51,0,0,0.37,0,2.69,NaN,NaN,NaN,NaN,NaN,NaN,NaN,NaN,0,0,NaN,0,0,NaN,NaN,NaN,NaN,NaN,NaN,NaN,NaN,NaN,NaN,NaN,NaN,0,0,0,0,0,0.89
09/27/2025,09,5GNR,Upstate New York,070,Buffalo,HNRT,0700022,NYNIAGNIAG_GRIFFONAVE_01-HNRT,0053,53,0,0,10,100,14,14,424.28,0.08,151.05,0,0,0,0.03,17.35,20.64,257.84,0,70.29,224.45,0.07,25.77,NaN,NaN,NaN,NaN,NaN,NaN,NaN,NaN,0,0,NaN,0,0,NaN,NaN,NaN,NaN,NaN,NaN,NaN,NaN,NaN,NaN,NaN,NaN,0,0,0,0,0,265.71
09/27/2025,09,5GNR,Upstate New York,070,Buffalo,HNRT,0700022,NYNIAGNIAG_GRIFFONAVE_01-HNRT,0054,54,0,0,12,100,6,6,3992.94,0.23,288.98,0,0,0.01,0.12,16.46,24.4,2309.51,0,234.63,542.89,0.11,121.75,NaN,NaN,NaN,NaN,NaN,NaN,NaN,NaN,0,0,NaN,0,0,NaN,NaN,NaN,NaN,NaN,NaN,NaN,NaN,NaN,NaN,NaN,NaN,0,0,0,0,0,2319.78
09/27/2025,09,5GNR,Upstate New York,070,Buffalo,HNRT,0700022,NYNIAGNIAG_HENNEPINNAVE_01-HNRT,0100,100,33.33,1,3,100,1,1,0.2,0,27.93,0,0,0,0.11,17.27,17.54,0.09,0,0.08,0.24,0,33.41,NaN,NaN,NaN,NaN,NaN,NaN,NaN,NaN,0,0,NaN,0,0,NaN,NaN,NaN,NaN,NaN,NaN,NaN,NaN,NaN,NaN,NaN,NaN,0,0,0,0,0,0.09
09/27/2025,09,5GNR,Upstate New York,070,Buffalo,HNRT,0700022,NYNIAGNIAG_HENNEPINNAVE_01-HNRT,0101,101,0,0,13,100,4,4,6.9,0,58.65,0,0,0,0.41,16.36,15.41,3.27,0,0.15,0.53,0,10.67,NaN,NaN,NaN,NaN,NaN,NaN,NaN,NaN,0,0,NaN,0,0,NaN,NaN,NaN,NaN,NaN,NaN,NaN,NaN,NaN,NaN,NaN,NaN,0,0,0,0,0,3.27
09/27/2025,09,5GNR,Upstate New York,070,Buffalo,HNRT,0700022,NYNIAGNIAG_HENNEPINNAVE_01-HNRT,0102,102,4.84,3,62,100,69,69,198.98,0.03,113.73,0.02,0.04,0.1,0.16,18.2,19.52,124.14,0,7.66,21.08,0.01,22.92,NaN,NaN,NaN,NaN,NaN,NaN,NaN,NaN,0,0,NaN,0,0,NaN,NaN,NaN,NaN,NaN,NaN,NaN,NaN,NaN,NaN,NaN,NaN,0,0,0,0,0,124.14
09/27/2025,09,5GNR,Upstate New York,070,Buffalo,HNRT,0700022,NYNIAGNIAG_KRUJIPKWY_01-HNRT,0004,4,8.33,1,12,100,5,5,35.95,0.01,65.69,0,0,0.04,5.42,15.5,14.44,10.16,0,0.14,0.95,0,5.86,NaN,NaN,NaN,NaN,NaN,NaN,NaN,NaN,0,0,NaN,0,0,NaN,NaN,NaN,NaN,NaN,NaN,NaN,NaN,NaN,NaN,NaN,NaN,0,0,0,0,0,25.47
09/27/2025,09,5GNR,Upstate New York,070,Buffalo,HNRT,0700022,NYNIAGNIAG_KRUJIPKWY_01-HNRT,0005,5,0,0,4,100,4,4,22.58,0,25.39,0,0,0,2.04,16.61,17.75,0.13,0,0.03,0.65,0,4.25,NaN,NaN,NaN,NaN,NaN,NaN,NaN,NaN,0,0,NaN,0,0,NaN,NaN,NaN,NaN,NaN,NaN,NaN,NaN,NaN,NaN,NaN,NaN,0,0,0,0,0,12.03
09/27/2025,09,5GNR,Upstate New York,070,Buffalo,HNRT,0700022,NYNIAGNIAG_KRUJIPKWY_01-HNRT,0006,6,9.09,1,11,100,14,14,819.72,0.12,213.08,0.04,0.04,0.05,0.15,17.1,13.28,547.8,0,78.53,149.72,0.06,35.09,NaN,NaN,NaN,NaN,NaN,NaN,NaN,NaN,0,0,NaN,0,0,NaN,NaN,NaN,NaN,NaN,NaN,NaN,NaN,NaN,NaN,NaN,NaN,0,0,0,0,0,550.01
09/27/2025,09,5GNR,Upstate New York,070,Buffalo,HNRT,0700022,NYNIAGNIAG_KRUJIPKWY_02-HNRT,0007,7,8.55,10,117,100,78,78,1277.36,0.27,120.59,0.31,0.75,1.83,0.96,16.19,14.72,659.66,0,104.5,197.15,0.15,6.24,NaN,NaN,NaN,NaN,NaN,NaN,NaN,NaN,0,0,NaN,0,0,1706.9,2432.54,6490.42,NaN,52.43,NaN,0,NaN,NaN,1523.42,NaN,690.57,1.35,0.49,0,0,0,759.99
09/27/2025,09,5GNR,Upstate New York,070,Buffalo,HNRT,0700022,NYNIAGNIAG_KRUJIPKWY_02-HNRT,0008,8,1.61,1,62,100,17,17,64.84,0.01,114.64,0.01,0.01,0,2.1,16.62,13.37,44.8,0,1.63,4.28,0,4.21,NaN,NaN,NaN,NaN,NaN,NaN,NaN,NaN,0,0,NaN,0,0,NaN,NaN,NaN,NaN,NaN,NaN,NaN,NaN,NaN,NaN,NaN,NaN,0,0,0,0,0,44.8
09/27/2025,09,5GNR,Upstate New York,070,Buffalo,HNRT,0700022,NYNIAGNIAG_KRUJIPKWY_02-HNRT,0009,9,7.65,14,183,100,103,103,885.45,0.23,130.67,0.23,0.31,0.72,2.11,16.09,16.28,598.7,0,33.68,75.57,0.05,8.66,NaN,NaN,NaN,NaN,NaN,NaN,NaN,NaN,0,0,NaN,0,0,NaN,NaN,NaN,NaN,NaN,NaN,NaN,NaN,NaN,NaN,NaN,NaN,0,0,0,0,0,612.55
09/27/2025,09,5GNR,Upstate New York,070,Buffalo,HNRT,0700022,NYNIAGNIAG_KRUJIPKWY_03-HNRT,0121,121,6.25,2,32,100,7,7,35.45,0.02,87.1,0,0,0,1.82,15.03,11.48,27.09,0,0.01,0.25,0,0.89,NaN,NaN,NaN,NaN,NaN,NaN,NaN,NaN,0,0,NaN,0,0,NaN,NaN,NaN,NaN,NaN,NaN,NaN,NaN,NaN,NaN,NaN,NaN,0,0,0,0,0,27.1
09/27/2025,09,5GNR,Upstate New York,070,Buffalo,HNRT,0700022,NYNIAGNIAG_KRUJIPKWY_03-HNRT,0122,122,10.81,4,37,100,27,27,61.75,0.02,85.38,0.05,0.13,0.4,1.66,16.4,15.89,33.66,0,2.12,5.54,0.01,4.23,NaN,NaN,NaN,NaN,NaN,NaN,NaN,NaN,0,0,NaN,0,0,NaN,NaN,NaN,NaN,NaN,NaN,NaN,NaN,NaN,NaN,NaN,NaN,0,0,0,0,0,38.17
09/27/2025,09,5GNR,Upstate New York,070,Buffalo,HNRT,0700022,NYNIAGNIAG_KRUJIPKWY_03-HNRT,0123,123,18.18,2,11,100,4,4,0.32,0,11.9,0,0,0,0.74,16.67,16.48,0.08,0,0.15,2.09,0,11.92,NaN,NaN,NaN,NaN,NaN,NaN,NaN,NaN,0,0,NaN,0,0,NaN,NaN,NaN,NaN,NaN,NaN,NaN,NaN,NaN,NaN,NaN,NaN,0,0,0,0,0,0.08
09/27/2025,09,5GNR,Upstate New York,070,Buffalo,HNRT,0700022,NYNIAGNIAG_KRUJIPKWY_04-HNRT,0025,25,5.88,1,17,100,6,6,11.66,0,50.11,0,0,0,2.99,16.96,12.98,4.19,0,0.09,0.87,0,15.42,NaN,NaN,NaN,NaN,NaN,NaN,NaN,NaN,0,0,NaN,0,0,NaN,NaN,NaN,NaN,NaN,NaN,NaN,NaN,NaN,NaN,NaN,NaN,0,0,0,0,0,4.19
09/27/2025,09,5GNR,Upstate New York,070,Buffalo,HNRT,0700022,NYNIAGNIAG_KRUJIPKWY_04-HNRT,0026,26,0,0,1,100,0,0,1.4,0,48.41,0,0,0,0,16.96,13.77,0.47,NaN,0,0.06,0,NaN,NaN,NaN,NaN,NaN,NaN,NaN,NaN,NaN,0,0,NaN,0,0,NaN,NaN,NaN,NaN,NaN,NaN,NaN,NaN,NaN,NaN,NaN,NaN,0,0,0,0,0,0.47
09/27/2025,09,5GNR,Upstate New York,070,Buffalo,HNRT,0700022,NYNIAGNIAG_KRUJIPKWY_04-HNRT,0027,27,10,1,10,100,6,6,22.33,0.01,33.03,0,0,0,3.54,16.66,17.17,8.49,0,1.65,3.05,0,12.48,NaN,NaN,NaN,NaN,NaN,NaN,NaN,NaN,0,0,NaN,0,0,NaN,NaN,NaN,NaN,NaN,NaN,NaN,NaN,NaN,NaN,NaN,NaN,0,0,0,0,0,8.49
09/27/2025,09,5GNR,Upstate New York,070,Buffalo,HNRT,0700022,NYNIAGNIAG_LASALLEEXPY_01-HNRT,0106,106,28.57,4,14,100,6,6,1.35,0,30.32,0,0,0,9.63,15.06,13.32,0.85,0,0.04,0.14,0,6.87,NaN,NaN,NaN,NaN,NaN,NaN,NaN,NaN,0,0,NaN,0,0,NaN,NaN,NaN,NaN,NaN,NaN,NaN,NaN,NaN,NaN,NaN,NaN,0,0,0,0,0,0.85
09/27/2025,09,5GNR,Upstate New York,070,Buffalo,HNRT,0700022,NYNIAGNIAG_LASALLEEXPY_01-HNRT,0107,107,30,6,20,100,5,5,3.63,0,42.64,0,0,0,3.64,15.7,13.39,2.62,0,0.17,0.5,0,1.43,NaN,NaN,NaN,NaN,NaN,NaN,NaN,NaN,0,0,NaN,0,0,NaN,NaN,NaN,NaN,NaN,NaN,NaN,NaN,NaN,NaN,NaN,NaN,0,0,0,0,0,2.62
09/27/2025,09,5GNR,Upstate New York,070,Buffalo,HNRT,0700022,NYNIAGNIAG_LASALLEEXPY_01-HNRT,0108,108,2.3,2,87,100,108,108,5987.9,0.38,373.97,0,0,0,0.09,17.76,18.73,4262.96,0,26.45,64.88,0.03,25.93,NaN,NaN,NaN,NaN,NaN,NaN,NaN,NaN,0,0,NaN,0,0,NaN,NaN,NaN,NaN,NaN,NaN,NaN,NaN,NaN,NaN,NaN,NaN,0,0,0,0,0,4262.96
09/27/2025,09,5GNR,Upstate New York,070,Buffalo,HNRT,0700022,NYNIAGNIAG_LORETTADR_02-HNRT,0010,10,4.17,1,24,100,28,28,145.96,0.04,82.3,0.01,0.02,0.04,0.29,18.29,23.77,92.14,0,4.72,23.75,0.01,9.25,NaN,NaN,NaN,NaN,NaN,NaN,NaN,NaN,0,0,NaN,0,0,NaN,NaN,NaN,NaN,NaN,NaN,NaN,NaN,NaN,NaN,NaN,NaN,0,0,0,0,0,92.17
09/27/2025,09,5GNR,Upstate New York,070,Buffalo,HNRT,0700022,NYNIAGNIAG_LORETTADR_02-HNRT,0011,11,15.38,2,13,100,19,19,906.4,0.44,103.72,0.01,0.04,0.12,0.06,17.86,11.21,675.05,0,101.89,146.97,0.11,4.66,NaN,NaN,NaN,NaN,NaN,NaN,NaN,NaN,0,0,NaN,0,0,NaN,NaN,NaN,NaN,NaN,NaN,NaN,NaN,NaN,NaN,NaN,NaN,0,0,0,0,0,675.06
09/27/2025,09,5GNR,Upstate New York,070,Buffalo,HNRT,0700022,NYNIAGNIAG_LORETTADR_02-HNRT,0012,12,0,0,5,100,4,4,11.72,0.01,11.01,0,0,0,4.14,15.97,13.99,0.12,0,0.07,0.76,0,0.41,NaN,NaN,NaN,NaN,NaN,NaN,NaN,NaN,0,0,NaN,0,0,NaN,NaN,NaN,NaN,NaN,NaN,NaN,NaN,NaN,NaN,NaN,NaN,0,0,0,0,0,8.83
09/27/2025,09,5GNR,Upstate New York,070,Buffalo,HNRT,0700022,NYNIAGNIAG_MANGAVE_01- HRNT,0112,112,18.18,4,22,100,18,18,1061.13,0.58,75.03,0.12,0.2,0.78,0.29,16.39,7.36,776.16,0,27.11,50.64,0.06,3.41,NaN,NaN,NaN,NaN,NaN,NaN,NaN,NaN,0,0,NaN,0,0,NaN,NaN,NaN,NaN,NaN,NaN,NaN,NaN,NaN,NaN,NaN,NaN,0,0,0,0,0,776.16
09/27/2025,09,5GNR,Upstate New York,070,Buffalo,HNRT,0700022,NYNIAGNIAG_MANGAVE_01- HRNT,0113,113,0,0,6,100,1,1,1.25,0,36.49,0,0,0,1.55,15.63,10.47,0.63,0,0,0.12,0,NaN,NaN,NaN,NaN,NaN,NaN,NaN,NaN,NaN,0,0,NaN,0,0,NaN,NaN,NaN,NaN,NaN,NaN,NaN,NaN,NaN,NaN,NaN,NaN,0,0,0,0,0,0.63
09/27/2025,09,5GNR,Upstate New York,070,Buffalo,HNRT,0700022,NYNIAGNIAG_MANGAVE_01- HRNT,0114,114,0,0,4,100,1,1,0.51,0,67.03,0,0,0,0,16.97,16.62,0.18,0,0.23,1.17,0,16.95,NaN,NaN,NaN,NaN,NaN,NaN,NaN,NaN,0,0,NaN,0,0,NaN,NaN,NaN,NaN,NaN,NaN,NaN,NaN,NaN,NaN,NaN,NaN,0,0,0,0,0,0.18
09/27/2025,09,5GNR,Upstate New York,070,Buffalo,HNRT,0700022,NYNIAGNIAG_MANGAVE_02-HNRT,0016,16,0,0,1,100,5,5,81.44,0.01,145.74,0,0,0,0.01,17.94,17.51,42.23,0,9.65,32.72,0.02,12.39,NaN,NaN,NaN,NaN,NaN,NaN,NaN,NaN,0,0,NaN,0,0,NaN,NaN,NaN,NaN,NaN,NaN,NaN,NaN,NaN,NaN,NaN,NaN,0,0,0,0,0,42.24
09/27/2025,09,5GNR,Upstate New York,070,Buffalo,HNRT,0700022,NYNIAGNIAG_MANGAVE_02-HNRT,0017,17,0,0,7,100,10,10,6300.18,0.38,348.01,0.01,0.01,0.06,0.04,16.89,21.18,3951.65,0,19.21,93.06,0.03,47.76,NaN,NaN,NaN,NaN,NaN,NaN,NaN,NaN,0,0,NaN,0,0,NaN,NaN,NaN,NaN,NaN,NaN,NaN,NaN,NaN,NaN,NaN,NaN,0,0,0,0,0,3951.66
09/27/2025,09,5GNR,Upstate New York,070,Buffalo,HNRT,0700022,NYNIAGNIAG_MANGAVE_02-HNRT,0018,18,0,0,2,100,4,4,4358.82,0.26,176.21,0,0,0,0.01,16.09,25.05,2037.78,0,58.21,375.66,0.07,89.4,NaN,NaN,NaN,NaN,NaN,NaN,NaN,NaN,0,0,NaN,0,0,NaN,NaN,NaN,NaN,NaN,NaN,NaN,NaN,NaN,NaN,NaN,NaN,0,0,0,0,0,2037.79
09/27/2025,09,5GNR,Upstate New York,070,Buffalo,HNRT,0700022,NYNIAGNIAG_PASEDENAAVE_01-HRNT,0115,115,7.14,2,28,100,31,31,98.97,0.02,84.39,0.01,0.01,0.02,0.31,18.24,16.1,50.63,0,3.27,15.67,0.01,13.68,NaN,NaN,NaN,NaN,NaN,NaN,NaN,NaN,0,0,NaN,0,0,NaN,NaN,NaN,NaN,NaN,NaN,NaN,NaN,NaN,NaN,NaN,NaN,0,0,0,0,0,60.69
09/27/2025,09,5GNR,Upstate New York,070,Buffalo,HNRT,0700022,NYNIAGNIAG_PASEDENAAVE_01-HRNT,0116,116,0,0,6,100,3,3,29.14,0.01,101.67,0,0,0,0.03,18.06,16.06,19.61,0,2.81,7.52,0,7.24,NaN,NaN,NaN,NaN,NaN,NaN,NaN,NaN,0,0,NaN,0,0,NaN,NaN,NaN,NaN,NaN,NaN,NaN,NaN,NaN,NaN,NaN,NaN,0,0,0,0,0,19.61
09/27/2025,09,5GNR,Upstate New York,070,Buffalo,HNRT,0700022,NYNIAGNIAG_PASEDENAAVE_01-HRNT,0117,117,25,3,12,100,3,3,23.99,0.01,19.1,0.02,0.02,0.01,2.72,15.77,15.15,14.72,0,5.18,8.42,0.01,8.57,NaN,NaN,NaN,NaN,NaN,NaN,NaN,NaN,0,0,NaN,0,0,NaN,NaN,NaN,NaN,NaN,NaN,NaN,NaN,NaN,NaN,NaN,NaN,0,0,0,0,0,14.72
09/27/2025,09,5GNR,Upstate New York,070,Buffalo,HNRT,0700022,NYNIAGNIAG_PERSHINGAVE_01-HNRT,0028,28,0,0,2,100,0,0,0,0,13.11,0,0,0,22.95,12.71,4.03,0,NaN,0,0,0,NaN,NaN,NaN,NaN,NaN,NaN,NaN,NaN,NaN,0,0,NaN,0,0,NaN,NaN,NaN,NaN,NaN,NaN,NaN,NaN,NaN,NaN,NaN,NaN,0,0,0,0,0,0
09/27/2025,09,5GNR,Upstate New York,070,Buffalo,HNRT,0700022,NYNIAGNIAG_PERSHINGAVE_01-HNRT,0029,29,0,0,12,100,6,6,11.78,0,210.7,0,0,0,2.19,18.01,16.13,6.88,0,0.73,1.42,0,14.89,NaN,NaN,NaN,NaN,NaN,NaN,NaN,NaN,0,0,NaN,0,0,NaN,NaN,NaN,NaN,NaN,NaN,NaN,NaN,NaN,NaN,NaN,NaN,0,0,0,0,0,6.88
09/27/2025,09,5GNR,Upstate New York,070,Buffalo,HNRT,0700022,NYNIAGNIAG_PERSHINGAVE_01-HNRT,0030,30,0,0,8,100,6,6,20.27,0.01,91.43,0,0,0,0.32,17.32,14.01,9.49,0,0.27,1.17,0,4.18,NaN,NaN,NaN,NaN,NaN,NaN,NaN,NaN,0,0,NaN,0,0,NaN,NaN,NaN,NaN,NaN,NaN,NaN,NaN,NaN,NaN,NaN,NaN,0,0,0,0,0,9.5
09/27/2025,09,5GNR,Upstate New York,070,Buffalo,HNRT,0700022,NYNIAGNIAG_PERSHINGAVE_02-HNRT,0019,19,0,0,6,100,2,2,53.02,0.02,96.73,0,0,0,0.55,16.76,14.57,24.95,0,0.58,1.96,0,13.15,NaN,NaN,NaN,NaN,NaN,NaN,NaN,NaN,0,0,NaN,0,0,NaN,NaN,NaN,NaN,NaN,NaN,NaN,NaN,NaN,NaN,NaN,NaN,0,0,0,0,0,24.95
09/27/2025,09,5GNR,Upstate New York,070,Buffalo,HNRT,0700022,NYNIAGNIAG_PERSHINGAVE_02-HNRT,0020,20,25,1,4,100,3,3,0.11,0,22.67,0,0,0,7.84,15.73,4.22,0.09,0,0,0,0,NaN,NaN,NaN,NaN,NaN,NaN,NaN,NaN,NaN,0,0,NaN,0,0,NaN,NaN,NaN,NaN,NaN,NaN,NaN,NaN,NaN,NaN,NaN,NaN,0,0,0,0,0,0.09
09/27/2025,09,5GNR,Upstate New York,070,Buffalo,HNRT,0700022,NYNIAGNIAG_PERSHINGAVE_02-HNRT,0021,21,0,0,5,100,5,5,1679.61,0.12,355.77,0.01,0.01,0,0.04,18.12,20.65,894,0,28.35,91.13,0.02,59.37,NaN,NaN,NaN,NaN,NaN,NaN,NaN,NaN,0,0,NaN,0,0,NaN,NaN,NaN,NaN,NaN,NaN,NaN,NaN,NaN,NaN,NaN,NaN,0,0,0,0,0,894.02
09/27/2025,09,5GNR,Upstate New York,070,Buffalo,HNRT,0700023, ,0265,20,0,0,1,100,1,1,0.01,0,NaN,0,0,0,15.38,13.14,4.41,0,0,0,0,0,NaN,NaN,NaN,NaN,NaN,NaN,NaN,NaN,NaN,0,0,NaN,0,0,NaN,NaN,NaN,NaN,NaN,NaN,NaN,NaN,NaN,NaN,NaN,NaN,0,0,0,0,0,0
09/27/2025,09,5GNR,Upstate New York,070,Buffalo,HNRT,0700023, ,0266,21,4.55,1,22,100,14,14,9.26,0.01,26.45,0,0,0,1.07,15.5,9.71,4.98,0,0.01,0.47,0,NaN,NaN,NaN,NaN,NaN,NaN,NaN,NaN,NaN,0,0,NaN,0,0,NaN,NaN,NaN,NaN,NaN,NaN,NaN,NaN,NaN,NaN,NaN,NaN,0,0,0,0,0,4.98
09/27/2025,09,5GNR,Upstate New York,070,Buffalo,HNRT,0700023, ,0267,22,3.7,1,27,100,10,10,5.62,0,25.51,0.02,0.02,0,3.49,14.8,7,3.72,0,0,0.22,0,NaN,NaN,NaN,NaN,NaN,NaN,NaN,NaN,NaN,0,0,NaN,0,0,NaN,NaN,NaN,NaN,NaN,NaN,NaN,NaN,NaN,NaN,NaN,NaN,0,0,0,0,0,3.72
09/27/2025,09,5GNR,Upstate New York,070,Buffalo,HNRT,0700023,DISCOVERY CENTER-HNRT,0004,4,3.36,5,149,100,147,147,503.91,0.14,81.18,0.31,0.32,0.38,2.12,17.23,14.41,269.32,0,47.48,73.47,0.05,17.23,NaN,NaN,NaN,NaN,NaN,NaN,NaN,NaN,0,0,NaN,0,0,NaN,NaN,NaN,NaN,NaN,NaN,NaN,NaN,NaN,NaN,NaN,NaN,0,0,0,0,0,269.32
09/27/2025,09,5GNR,Upstate New York,070,Buffalo,HNRT,0700023,GOAT ISLAND-HNRT,0005,5,3.61,6,166,100,127,127,811.94,0.13,186.13,0.13,0.19,0.34,1.45,17.15,14.42,532.81,0,396,471.69,0.28,30.01,NaN,NaN,NaN,NaN,NaN,NaN,NaN,NaN,0,0,NaN,0,0,NaN,NaN,NaN,NaN,NaN,NaN,NaN,NaN,NaN,NaN,NaN,NaN,0,0,0,0,0,533.79
09/27/2025,09,5GNR,Upstate New York,070,Buffalo,HNRT,0700023,MAID OF THE MIST-HNRT,0006,6,3.24,7,216,100,227,227,368.17,0.13,84.35,0.33,0.81,1.56,1.56,16.01,11.86,229.01,0,316.07,445.99,0.37,17.81,NaN,NaN,NaN,NaN,NaN,NaN,NaN,NaN,0,0,NaN,0,0,NaN,NaN,NaN,NaN,NaN,NaN,NaN,NaN,NaN,NaN,NaN,NaN,0,0,0,0,0,241.34
09/27/2025,09,5GNR,Upstate New York,070,Buffalo,HNRT,0700023,NICOLI TESLA-HNRT,0007,7,3.12,3,96,100,54,54,176.55,0.07,45.58,0.07,0.09,0.13,2.12,17.03,15.41,82.31,0,110.59,145.41,0.08,46.46,NaN,NaN,NaN,NaN,NaN,NaN,NaN,NaN,0,0,NaN,0,0,NaN,NaN,NaN,NaN,NaN,NaN,NaN,NaN,NaN,NaN,NaN,NaN,0,0,0,0,0,92.35
09/27/2025,09,5GNR,Upstate New York,070,Buffalo,HNRT,0700023,NYNIAGNIAG_20THST_01-HNRT,0014,14,37.5,6,16,100,9,9,115.88,0.03,172.92,0,0,0,1.48,16.85,12.58,85.47,0,2.25,5.18,0,12.16,NaN,NaN,NaN,NaN,NaN,NaN,NaN,NaN,0,0,NaN,0,0,NaN,NaN,NaN,NaN,NaN,NaN,NaN,NaN,NaN,NaN,NaN,NaN,0,0,0,0,0,85.47
09/27/2025,09,5GNR,Upstate New York,070,Buffalo,HNRT,0700023,NYNIAGNIAG_20THST_01-HNRT,0015,15,8.33,1,12,100,6,6,6.25,0.01,15.21,0,0,0,4.35,14.78,13.97,4.29,0,0.02,0.36,0,0,NaN,NaN,NaN,NaN,NaN,NaN,NaN,NaN,0,0,NaN,0,0,NaN,NaN,NaN,NaN,NaN,NaN,NaN,NaN,NaN,NaN,NaN,NaN,0,0,0,0,0,4.29
09/27/2025,09,5GNR,Upstate New York,070,Buffalo,HNRT,0700023,NYNIAGNIAG_20THST_01-HNRT,0016,16,8.33,1,12,100,12,12,0.06,0,9.93,0,0,0,2.25,16.08,16.39,0.02,0,0.03,0.23,0,3.34,NaN,NaN,NaN,NaN,NaN,NaN,NaN,NaN,0,0,NaN,0,0,NaN,NaN,NaN,NaN,NaN,NaN,NaN,NaN,NaN,NaN,NaN,NaN,0,0,0,0,0,0.03
09/27/2025,09,5GNR,Upstate New York,070,Buffalo,HNRT,0700023,NYNIAGNIAG_20THST_02 - HNRT,0017,17,0,0,4,100,8,8,3347.59,0.21,349.26,0,0.01,0.05,0.12,17.16,19.95,2148.64,0,40.65,139.96,0.04,61.86,NaN,NaN,NaN,NaN,NaN,NaN,NaN,NaN,0,0,NaN,0,0,1458.33,22312.5,19583.33,0,NaN,NaN,0,NaN,NaN,0,NaN,NaN,0,0,0,0,0,2150.04
09/27/2025,09,5GNR,Upstate New York,070,Buffalo,HNRT,0700023,NYNIAGNIAG_20THST_02 - HNRT,0018,18,0,0,14,100,7,7,3.37,0,25.49,0,0,0,7.69,15.28,11.77,2.82,0,0.03,0.31,0,0.46,NaN,NaN,NaN,NaN,NaN,NaN,NaN,NaN,0,0,NaN,0,0,NaN,NaN,NaN,NaN,NaN,NaN,NaN,NaN,NaN,NaN,NaN,NaN,0,0,0,0,0,2.82
09/27/2025,09,5GNR,Upstate New York,070,Buffalo,HNRT,0700023,NYNIAGNIAG_20THST_02 - HNRT,0019,19,28.57,4,14,100,11,11,7.02,0,10.62,0,0,0,3.15,15.5,16.19,3.85,0,1.31,3.17,0,9.91,NaN,NaN,NaN,NaN,NaN,NaN,NaN,NaN,0,0,NaN,0,0,NaN,NaN,NaN,NaN,NaN,NaN,NaN,NaN,NaN,NaN,NaN,NaN,0,0,0,0,0,3.85
09/27/2025,09,5GNR,Upstate New York,070,Buffalo,HNRT,0700023,NYNIAGNIAG_CHAPINAVE_03- HNRT,0023,23,7.81,5,64,100,48,48,252.98,0.09,88.67,0.03,0.03,0.1,1.92,16.19,16.13,189.78,0,2.59,9.62,0.01,4.21,NaN,NaN,NaN,NaN,NaN,NaN,NaN,NaN,0,0,NaN,0,0,NaN,NaN,NaN,NaN,NaN,NaN,NaN,NaN,NaN,NaN,NaN,NaN,0,0,0,0,0,189.78
09/27/2025,09,5GNR,Upstate New York,070,Buffalo,HNRT,0700023,NYNIAGNIAG_CHAPINAVE_03- HNRT,0024,24,10.99,10,91,100,62,62,327.68,0.1,55.99,0.18,0.19,0.38,3.5,15.9,15.62,188.76,0,3.35,8.78,0.01,6.85,NaN,NaN,NaN,NaN,NaN,NaN,NaN,NaN,0,0,NaN,0,0,NaN,NaN,NaN,NaN,NaN,NaN,NaN,NaN,NaN,NaN,NaN,NaN,0,0,0,0,0,195.23
09/27/2025,09,5GNR,Upstate New York,070,Buffalo,HNRT,0700023,NYNIAGNIAG_CHAPINAVE_03- HNRT,0025,25,1.22,1,82,100,53,53,132.96,0.04,68.59,0.02,0.04,0.13,4.73,15.99,16.25,80.58,0,3.82,13.74,0.01,7.85,NaN,NaN,NaN,NaN,NaN,NaN,NaN,NaN,0,0,NaN,0,0,NaN,NaN,NaN,NaN,NaN,NaN,NaN,NaN,NaN,NaN,NaN,NaN,0,0,0,0,0,80.8
09/27/2025,09,5GNR,Upstate New York,070,Buffalo,HNRT,0700023,NYNIAGNIAG_CUDABECK_02-HNRT,0008,8,0,0,2,100,0,0,0.05,0,13.11,0,0,0,2.26,16.08,8.72,0.03,NaN,0,0.01,0,NaN,NaN,NaN,NaN,NaN,NaN,NaN,NaN,NaN,0,0,NaN,0,0,NaN,NaN,NaN,NaN,NaN,NaN,NaN,NaN,NaN,NaN,NaN,NaN,0,0,0,0,0,0.03
09/27/2025,09,5GNR,Upstate New York,070,Buffalo,HNRT,0700023,NYNIAGNIAG_CUDABECK_02-HNRT,0009,9,33.33,1,3,100,2,2,0.47,0,8.72,0,0,0,6.85,15.23,8.05,0.38,0,0,0.01,0,NaN,NaN,NaN,NaN,NaN,NaN,NaN,NaN,NaN,0,0,NaN,0,0,NaN,NaN,NaN,NaN,NaN,NaN,NaN,NaN,NaN,NaN,NaN,NaN,0,0,0,0,0,0.38
09/27/2025,09,5GNR,Upstate New York,070,Buffalo,HNRT,0700023,NYNIAGNIAG_CUDABECK_02-HNRT,0010,10,0,0,2,100,1,1,0.17,0,21.38,0,0,0,0,16.89,9.37,0.09,0,0,0.01,0,NaN,NaN,NaN,NaN,NaN,NaN,NaN,NaN,NaN,0,0,NaN,0,0,NaN,NaN,NaN,NaN,NaN,NaN,NaN,NaN,NaN,NaN,NaN,NaN,0,0,0,0,0,0.09
09/27/2025,09,5GNR,Upstate New York,070,Buffalo,HNRT,0700023,NYNIAGNIAG_FERRYAVE_03- HNRT,0026,26,7.69,1,13,100,2,2,0.72,0,7.05,0,0,0,14.21,12.47,1.9,0.54,0,0,0.02,0,NaN,NaN,NaN,NaN,NaN,NaN,NaN,NaN,NaN,0,0,NaN,0,0,NaN,NaN,NaN,NaN,NaN,NaN,NaN,NaN,NaN,NaN,NaN,NaN,0,0,0,0,0,0.54
09/27/2025,09,5GNR,Upstate New York,070,Buffalo,HNRT,0700023,NYNIAGNIAG_FERRYAVE_03- HNRT,0027,27,9.09,1,11,100,4,4,1.97,0,26.43,0,0,0,3.99,14.32,7.9,1.57,0,0,0.04,0,3.17,NaN,NaN,NaN,NaN,NaN,NaN,NaN,NaN,0,0,NaN,0,0,NaN,NaN,NaN,NaN,NaN,NaN,NaN,NaN,NaN,NaN,NaN,NaN,0,0,0,0,0,1.58
09/27/2025,09,5GNR,Upstate New York,070,Buffalo,HNRT,0700023,NYNIAGNIAG_FERRYAVE_03- HNRT,0028,28,9.09,4,44,100,40,40,278.94,0.04,76.92,0.01,0.03,0.12,3.81,16.68,16.82,37.57,0,2.38,11.92,0.01,11.65,NaN,NaN,NaN,NaN,NaN,NaN,NaN,NaN,0,0,NaN,0,0,NaN,NaN,NaN,NaN,NaN,NaN,NaN,NaN,NaN,NaN,NaN,NaN,0,0,0,0,0,189.97
09/27/2025,09,5GNR,Upstate New York,070,Buffalo,HNRT,0700023,NYNIAGNIAG_NORTHAVE_03-HNRT,0050,50,NaN,0,0,100,0,0,0,0,NaN,NaN,NaN,NaN,NaN,0,0,0,NaN,0,0,0,NaN,NaN,NaN,NaN,NaN,NaN,NaN,NaN,NaN,0,0,NaN,0,0,NaN,NaN,NaN,NaN,NaN,NaN,NaN,NaN,NaN,NaN,NaN,NaN,0,0,0,0,0,0
09/27/2025,09,5GNR,Upstate New York,070,Buffalo,HNRT,0700023,NYNIAGNIAG_NORTHAVE_03-HNRT,0051,51,NaN,0,0,100,0,0,0,0,NaN,NaN,NaN,NaN,NaN,0,0,0,NaN,0,0,0,NaN,NaN,NaN,NaN,NaN,NaN,NaN,NaN,NaN,0,0,NaN,0,0,NaN,NaN,NaN,NaN,NaN,NaN,NaN,NaN,NaN,NaN,NaN,NaN,0,0,0,0,0,0
09/27/2025,09,5GNR,Upstate New York,070,Buffalo,HNRT,0700023,NYNIAGNIAG_NORTHAVE_03-HNRT,0052,52,NaN,0,0,100,0,0,0,0,NaN,NaN,NaN,NaN,NaN,0,0,0,NaN,0,0,0,NaN,NaN,NaN,NaN,NaN,NaN,NaN,NaN,NaN,0,0,NaN,0,0,NaN,NaN,NaN,NaN,NaN,NaN,NaN,NaN,NaN,NaN,NaN,NaN,0,0,0,0,0,0
09/27/2025,09,5GNR,Upstate New York,070,Buffalo,HNRT,0700023,NYNIAGNIAG_PACKARDRD_01-HNRT,0029,29,4.17,3,72,100,58,58,81.41,0.03,36.24,0.05,0.07,0.12,1.71,16.41,18.87,43.08,0,18.86,39.51,0.02,18.7,NaN,NaN,NaN,NaN,NaN,NaN,NaN,NaN,0,0,NaN,0,0,NaN,NaN,NaN,NaN,NaN,NaN,NaN,NaN,NaN,NaN,NaN,NaN,0,0,0,0,0,43.08
09/27/2025,09,5GNR,Upstate New York,070,Buffalo,HNRT,0700023,NYNIAGNIAG_PACKARDRD_01-HNRT,0030,30,4.69,3,64,100,50,50,199.25,0.05,141.41,0.01,0.02,0.06,1.32,16.56,14.97,140.11,0,16.11,28.04,0.02,15.75,NaN,NaN,NaN,NaN,NaN,NaN,NaN,NaN,0,0,NaN,0,0,NaN,NaN,NaN,NaN,NaN,NaN,NaN,NaN,NaN,NaN,NaN,NaN,0,0,0,0,0,140.2
09/27/2025,09,5GNR,Upstate New York,070,Buffalo,HNRT,0700023,NYNIAGNIAG_PACKARDRD_01-HNRT,0031,31,12.5,2,16,100,16,16,1250.27,0.08,322.56,0,0,0.01,0.07,16.89,25.43,735.97,0,413.74,610.26,0.11,40.22,NaN,NaN,NaN,NaN,NaN,NaN,NaN,NaN,0,0,NaN,0,0,NaN,NaN,NaN,NaN,NaN,NaN,NaN,NaN,NaN,NaN,NaN,NaN,0,0,0,0,0,735.97
09/27/2025,09,5GNR,Upstate New York,070,Buffalo,HNRT,0700023,NYNIAGNIAG_PARKVIEWDR_04-HNRT,0107,107,0,0,3,100,3,3,0.81,0,31.4,0,0,0,2.52,16.58,12.85,0.44,0,0.02,0.1,0,6.51,NaN,NaN,NaN,NaN,NaN,NaN,NaN,NaN,0,0,NaN,0,0,NaN,NaN,NaN,NaN,NaN,NaN,NaN,NaN,NaN,NaN,NaN,NaN,0,0,0,0,0,0.44
09/27/2025,09,5GNR,Upstate New York,070,Buffalo,HNRT,0700023,NYNIAGNIAG_PARKVIEWDR_04-HNRT,0108,108,7.14,1,14,100,15,15,100.26,0.04,54.51,0.04,0.04,0.03,1.86,16.29,11.97,56.04,0,0.44,3.82,0,13.05,NaN,NaN,NaN,NaN,NaN,NaN,NaN,NaN,0,0,NaN,0,0,NaN,NaN,NaN,NaN,NaN,NaN,NaN,NaN,NaN,NaN,NaN,NaN,0,0,0,0,0,56.04
09/27/2025,09,5GNR,Upstate New York,070,Buffalo,HNRT,0700023,NYNIAGNIAG_PARKVIEWDR_04-HNRT,0109,109,0,0,23,100,29,29,22.03,0.01,46.15,0,0.04,0.13,0.05,15.92,19.09,12.91,0,1.26,8.1,0,23.3,NaN,NaN,NaN,NaN,NaN,NaN,NaN,NaN,0,0,NaN,0,0,NaN,NaN,NaN,NaN,NaN,NaN,NaN,NaN,NaN,NaN,NaN,NaN,0,0,0,0,0,12.91
09/27/2025,09,5GNR,Upstate New York,070,Buffalo,HNRT,0700023,NYNIAGNIAG_RAINBOW_02-HNRT,0131,131,NaN,0,0,100,0,0,0.06,0,NaN,0,0,0,4.35,16.93,13.81,0,NaN,0,0.01,0,3.12,NaN,NaN,NaN,NaN,NaN,NaN,NaN,NaN,0,0,NaN,0,0,NaN,NaN,NaN,NaN,NaN,NaN,NaN,NaN,NaN,NaN,NaN,NaN,0,0,0,0,0,0.04
09/27/2025,09,5GNR,Upstate New York,070,Buffalo,HNRT,0700023,NYNIAGNIAG_RAINBOW_02-HNRT,0132,132,NaN,0,0,100,0,0,0.08,0,NaN,0,0,0,11.86,15.05,8.76,0,NaN,0,0.03,0,6.48,NaN,NaN,NaN,NaN,NaN,NaN,NaN,NaN,0,0,NaN,0,0,NaN,NaN,NaN,NaN,NaN,NaN,NaN,NaN,NaN,NaN,NaN,NaN,0,0,0,0,0,0.18
09/27/2025,09,5GNR,Upstate New York,070,Buffalo,HNRT,0700023,NYNIAGNIAG_RAINBOW_02-HNRT,0133,133,0,0,5,100,5,5,23.51,0.01,175.39,0,0,0,1.37,15.83,10.15,14.54,0,0,0.23,0,NaN,NaN,NaN,NaN,NaN,NaN,NaN,NaN,NaN,0,0,NaN,0,0,NaN,NaN,NaN,NaN,NaN,NaN,NaN,NaN,NaN,NaN,NaN,NaN,0,0,0,0,0,15.86
09/27/2025,09,5GNR,Upstate New York,070,Buffalo,HNRT,0700023,NYNIAGNIAG_WALNUTAVE_04-HNRT,0038,38,0,0,11,100,10,10,1666.61,0.27,115.59,0.02,0.02,0.02,0.07,16.76,17.23,1054.93,0,27.68,63.88,0.03,19.49,NaN,NaN,NaN,NaN,NaN,NaN,NaN,NaN,0,0,NaN,0,0,NaN,NaN,NaN,NaN,NaN,NaN,NaN,NaN,NaN,NaN,NaN,NaN,0,0,0,0,0,1055.59
09/27/2025,09,5GNR,Upstate New York,070,Buffalo,HNRT,0700023,NYNIAGNIAG_WALNUTAVE_04-HNRT,0039,39,12.5,1,8,100,8,8,8.4,0,63.76,0,0,0,6.23,16.11,12.47,5.89,0,0.02,0.11,0,2.57,NaN,NaN,NaN,NaN,NaN,NaN,NaN,NaN,0,0,NaN,0,0,NaN,NaN,NaN,NaN,NaN,NaN,NaN,NaN,NaN,NaN,NaN,NaN,0,0,0,0,0,5.93
09/27/2025,09,5GNR,Upstate New York,070,Buffalo,HNRT,0700023,NYNIAGNIAG_WALNUTAVE_04-HNRT,0040,40,0,0,16,100,16,16,968.51,0.23,116.19,0.02,0.03,0.09,0.71,17.42,12.64,677.47,0,64.14,99.28,0.11,5.34,NaN,NaN,NaN,NaN,NaN,NaN,NaN,NaN,0,0,NaN,0,0,1750,500,500,0,NaN,NaN,0,NaN,NaN,NaN,NaN,NaN,0,0,0,0,0,677.49
09/27/2025,09,5GNR,Upstate New York,070,Buffalo,HNRT,0700023,NYNIAGNIAG_WALNUTAVE_07-HNRT,0041,41,11.11,1,9,100,11,11,6.72,0,27.93,0.04,0.11,0.28,0.09,18.6,24.7,2.37,0,2.01,13.71,0,22.14,NaN,NaN,NaN,NaN,NaN,NaN,NaN,NaN,0,0,NaN,0,0,NaN,NaN,NaN,NaN,NaN,NaN,NaN,NaN,NaN,NaN,NaN,NaN,0,0,0,0,0,2.7
09/27/2025,09,5GNR,Upstate New York,070,Buffalo,HNRT,0700023,NYNIAGNIAG_WALNUTAVE_07-HNRT,0042,42,0,0,22,100,21,21,225.88,0.06,109.64,0,0,0,1.42,16.05,13.97,157.49,0,0.8,3.39,0,2.54,NaN,NaN,NaN,NaN,NaN,NaN,NaN,NaN,0,0,NaN,0,0,NaN,NaN,NaN,NaN,NaN,NaN,NaN,NaN,NaN,NaN,NaN,NaN,0,0,0,0,0,157.49
09/27/2025,09,5GNR,Upstate New York,070,Buffalo,HNRT,0700023,NYNIAGNIAG_WALNUTAVE_07-HNRT,0043,43,16.67,1,6,100,4,4,4.49,0,32.55,0,0,0,5.64,15.13,10.92,3.22,0,0.05,0.11,0,3.66,NaN,NaN,NaN,NaN,NaN,NaN,NaN,NaN,0,0,NaN,0,0,NaN,NaN,NaN,NaN,NaN,NaN,NaN,NaN,NaN,NaN,NaN,NaN,0,0,0,0,0,3.22
09/27/2025,09,5GNR,Upstate New York,070,Buffalo,HNRT,0700023,NYNIAGNIAG_WALNUTAVE_09-HNRT,0044,44,0,0,77,100,93,93,316.48,0.02,237.31,0,0,0.02,0.03,18.35,23.02,142.04,0,3.13,12.78,0,97.73,NaN,NaN,NaN,NaN,NaN,NaN,NaN,NaN,0,0,NaN,0,0,NaN,NaN,NaN,NaN,NaN,NaN,NaN,NaN,NaN,NaN,NaN,NaN,0,0,0,0,0,142.04
09/27/2025,09,5GNR,Upstate New York,070,Buffalo,HNRT,0700023,NYNIAGNIAG_WALNUTAVE_09-HNRT,0045,45,0,0,2,100,2,2,34.23,0.01,176.47,0,0,0,0.53,16.21,14.19,24.84,0,0.25,0.43,0,4.05,NaN,NaN,NaN,NaN,NaN,NaN,NaN,NaN,0,0,NaN,0,0,NaN,NaN,NaN,NaN,NaN,NaN,NaN,NaN,NaN,NaN,NaN,NaN,0,0,0,0,0,24.84
09/27/2025,09,5GNR,Upstate New York,070,Buffalo,HNRT,0700023,NYNIAGNIAG_WALNUTAVE_09-HNRT,0046,46,0,0,1,100,0,0,2.7,0,20.67,0,0,0,0,15.9,9.59,2.07,NaN,0,0.02,0,NaN,NaN,NaN,NaN,NaN,NaN,NaN,NaN,NaN,0,0,NaN,0,0,NaN,NaN,NaN,NaN,NaN,NaN,NaN,NaN,NaN,NaN,NaN,NaN,0,0,0,0,0,2.07
09/27/2025,09,5GNR,Upstate New York,070,Buffalo,HNRT,0700023,NYNIAGNIAG_WHIRLPOOL_02-HNRT,0047,47,0,0,12,100,3,3,2.15,0,7.07,0.02,0.06,0.31,7.58,15.11,10.37,1.75,0,0.01,0.08,0,7.71,NaN,NaN,NaN,NaN,NaN,NaN,NaN,NaN,0,0,NaN,0,0,NaN,NaN,NaN,NaN,NaN,NaN,NaN,NaN,NaN,NaN,NaN,NaN,0,0,0,0,0,1.75
09/27/2025,09,5GNR,Upstate New York,070,Buffalo,HNRT,0700023,NYNIAGNIAG_WHIRLPOOL_02-HNRT,0048,48,3.85,1,26,100,18,18,68.05,0.02,195.09,0,0,0,0.4,16.85,12.88,55.51,0,0.1,1.01,0,9.41,NaN,NaN,NaN,NaN,NaN,NaN,NaN,NaN,0,0,NaN,0,0,NaN,NaN,NaN,NaN,NaN,NaN,NaN,NaN,NaN,NaN,NaN,NaN,0,0,0,0,0,55.51
09/27/2025,09,5GNR,Upstate New York,070,Buffalo,HNRT,0700023,NYNIAGNIAG_WHIRLPOOL_02-HNRT,0049,49,16.67,7,42,100,41,40,24.04,0.01,27.4,0.92,0.97,1.2,32.94,16.28,14.45,22.97,2.44,0.75,1.73,0,19.07,NaN,NaN,NaN,NaN,NaN,NaN,NaN,NaN,0,0,NaN,0,0,NaN,NaN,NaN,NaN,NaN,NaN,NaN,NaN,NaN,NaN,NaN,NaN,0,0,0,0,0,22.97
09/27/2025,09,5GNR,Upstate New York,070,Buffalo,HNRT,0700023,NYNIAGNIAG_WILLOWAVE_04-HNRT,0110,110,0,0,2,100,0,0,0.01,0,10.49,0,0,0,0,15.85,4.11,0.01,NaN,0,0,0,NaN,NaN,NaN,NaN,NaN,NaN,NaN,NaN,NaN,0,0,NaN,0,0,NaN,NaN,NaN,NaN,NaN,NaN,NaN,NaN,NaN,NaN,NaN,NaN,0,0,0,0,0,0.01
09/27/2025,09,5GNR,Upstate New York,070,Buffalo,HNRT,0700023,NYNIAGNIAG_WILLOWAVE_04-HNRT,0111,111,28.57,2,7,100,5,5,1.76,0,51.76,0,0,0,1.72,16.75,16.19,1.08,0,0.06,0.38,0,24.03,NaN,NaN,NaN,NaN,NaN,NaN,NaN,NaN,0,0,NaN,0,0,NaN,NaN,NaN,NaN,NaN,NaN,NaN,NaN,NaN,NaN,NaN,NaN,0,0,0,0,0,1.08
09/27/2025,09,5GNR,Upstate New York,070,Buffalo,HNRT,0700023,NYNIAGNIAG_WILLOWAVE_04-HNRT,0112,112,0,0,5,100,3,3,0.32,0,32.41,0,0,0,3.13,16.64,13.27,0.15,0,0.03,0.09,0,25.64,NaN,NaN,NaN,NaN,NaN,NaN,NaN,NaN,0,0,NaN,0,0,NaN,NaN,NaN,NaN,NaN,NaN,NaN,NaN,NaN,NaN,NaN,NaN,0,0,0,0,0,0.15
09/27/2025,09,5GNR,Upstate New York,070,Buffalo,HNRT,0709001,290_NFB,3052,181,0.42,14,3353,100,2247,2247,23645.03,8.93,169.57,1.38,1.08,0.62,0.54,8.16,14.7,20101.1,0,1250.42,2130.28,12.76,2.92,0.21,NaN,0,0.15,0,NaN,0,0,10,0,0,10,0,8435.4,710.17,742.84,1331.71,92.03,0,0,0,NaN,174.31,NaN,116.71,6.82,1.44,0,0,0,23418.82
09/27/2025,09,5GNR,Upstate New York,070,Buffalo,HNRT,0709001,290_NFB,3052,182,0.52,17,3240,100,1287,1287,14579.06,5.03,239.1,1.93,1.36,0.34,1.21,8.62,16.85,12156.54,0,1038.67,1899.74,9.51,7.98,0.28,NaN,0.05,0.55,0,NaN,0,0,3,0,0,3,0,8577.78,743.59,711.11,837.21,NaN,0,0,0,NaN,0,NaN,0,0.01,0.01,0,0,0,14447.39
09/27/2025,09,5GNR,Upstate New York,070,Buffalo,HNRT,0709001,290_NFB,3052,183,0.49,7,1428,100,428,428,4645.08,1.72,187.06,0.92,0.8,0.53,1.73,8.8,17.03,4099.57,0,188.72,312.9,1.84,3.14,0.28,NaN,0,0.27,0,NaN,0,0,2,0,0,2,0,7010.2,789.47,785.71,975,NaN,0,0,0,NaN,0,NaN,0,0.01,0.01,0,0,0,4597.44
09/27/2025,09,5GNR,Upstate New York,070,Buffalo,HNRT,0709001,400_277_HD,2265,64,6.01,45,749,100,318,318,303.89,5.21,18.8,3.03,2.55,1.39,16.27,8.92,12.6,319.36,0,3.47,46.44,0.98,2.36,0.28,NaN,0,2.67,0,NaN,0,NaN,0,0,NaN,0,0,NaN,NaN,NaN,NaN,NaN,0,NaN,0,NaN,NaN,NaN,NaN,0,0,0,0,0,513.38
09/27/2025,09,5GNR,Upstate New York,070,Buffalo,HNRT,0709001,400_277_HD,2265,65,2.4,28,1167,100,510,508,719.03,10.08,16.68,4.45,3.44,1.86,9.44,9.12,11.59,536.85,0.39,7.67,107.58,2.36,1.82,0.23,NaN,0,0.26,0,NaN,0,NaN,0,0,NaN,0,0,NaN,NaN,NaN,NaN,NaN,0,NaN,0,NaN,NaN,NaN,NaN,0,0,0,0,0,1141.29
09/27/2025,09,5GNR,Upstate New York,070,Buffalo,HNRT,0709001,400_277_HD,2265,66,9.2,52,565,100,230,230,236.89,4.98,2.77,2.97,2.19,0.67,30.1,8.65,11.52,92.22,0,2.45,60.16,1.24,2.39,1.11,NaN,0,4.45,0,NaN,0,NaN,0,0,NaN,0,0,NaN,NaN,NaN,NaN,NaN,0,NaN,0,NaN,NaN,NaN,NaN,0,0,0,0,0,354.87
09/27/2025,09,5GNR,Upstate New York,070,Buffalo,HNRT,0709001,400_277_HD,3265,64,0.48,6,1249,100,345,345,4098.74,1.79,159.27,0.66,0.55,0.34,3.28,6.68,7.46,2738.59,0,103.91,214.6,5.79,1.06,1.5,NaN,0,0.32,0,NaN,0,0,1,0,0,1,0,6911.39,706.9,797.47,2979.59,NaN,0,0,0,NaN,0,NaN,83.33,0.06,0.01,0,0,0,3839.02
09/27/2025,09,5GNR,Upstate New York,070,Buffalo,HNRT,0709001,400_277_HD,3265,65,1.2,36,3006,100,1708,1707,10517.37,6.24,116.95,0.98,1.13,1.34,1.7,8,11.06,8848.76,0.06,391.04,648.3,9.92,0.69,1.17,NaN,0,0.58,0,NaN,0,0,14,0,0,14,0,7298.58,578.95,575.4,2089.13,NaN,0,0,0,NaN,0,NaN,214.25,0.78,0.36,0,0,0,10026.39
09/27/2025,09,5GNR,Upstate New York,070,Buffalo,HNRT,0709001,400_277_HD,3265,66,0.93,8,860,100,359,359,3877.19,1.23,179.6,0.86,0.65,0.25,0.91,7.85,8.6,2738.59,0,195.1,313.47,5.13,2.62,0.86,NaN,0,0.47,0,NaN,0,0,2,0,0,2,0,6858.21,781.82,820.9,1333.33,NaN,0,0,0,NaN,0,NaN,0,0.01,0.01,0,0,0,3712.68
09/27/2025,09,5GNR,Upstate New York,070,Buffalo,HNRT,0709001,62_356,2245,196,0.24,2,842,100,657,657,1775.76,16.72,17.25,3.18,2.7,0.71,1.84,8.8,14.82,1473.28,0,8.46,58.56,0.75,3.75,0.29,NaN,0,0,0,NaN,0,NaN,0,0,NaN,0,0,NaN,NaN,NaN,NaN,NaN,0,NaN,0,NaN,NaN,NaN,NaN,0,0,0,0,0,1747.93
09/27/2025,09,5GNR,Upstate New York,070,Buffalo,HNRT,0709001,62_356,2245,197,0.49,2,407,100,135,135,1169.68,15.55,12.33,5.04,4.26,0.67,3.23,8.44,15.02,1028.33,0,16.77,61.84,0.72,5.7,0,NaN,0,0.29,0,NaN,0,NaN,0,0,NaN,0,0,NaN,NaN,NaN,NaN,NaN,0,NaN,0,NaN,NaN,NaN,NaN,0,0,0,0,0,1151.67
09/27/2025,09,5GNR,Upstate New York,070,Buffalo,HNRT,0709001,62_356,2245,198,3.82,69,1806,100,1102,1102,3012.47,37.01,7.92,15.23,11.91,4.39,4.45,8.39,14.18,2342.4,0,46.93,277.56,3.69,5.33,0.3,NaN,0,1.2,0,NaN,0,NaN,0,0,NaN,0,0,NaN,NaN,NaN,NaN,NaN,0,NaN,0,NaN,NaN,NaN,NaN,0,0,0,0,0,2951.46
09/27/2025,09,5GNR,Upstate New York,070,Buffalo,HNRT,0709001,62_356,2245,199,0.48,9,1880,100,1721,1721,3839.1,35.85,10.21,10.8,8.48,3.74,1.18,8.39,14.79,2267.56,0,153.37,463.6,5.39,10.72,0,NaN,0,0,0,NaN,0,0,4,0,0,4,0,3045.45,2133.33,1066.67,0,NaN,0,0,0,NaN,0,NaN,0,0,0,0,0,0,3760.51
09/27/2025,09,5GNR,Upstate New York,070,Buffalo,HNRT,0709001,78_WALDEN,2170,112,0.41,2,482,100,148,148,4428.64,40.04,15.3,6.89,5.73,1.24,4.52,7.92,11.68,3874.09,0,3.3,153.8,2.56,4.08,0.12,NaN,0,0.3,0,NaN,0,0,1,0,0,1,0,3487.54,1619.05,1143.5,3843.28,8.07,0,0,0,NaN,1297.87,NaN,529.85,0.16,0.09,0,0,0,5488.78
09/27/2025,09,5GNR,Upstate New York,070,Buffalo,HNRT,0709001,78_WALDEN,2170,113,1.33,24,1802,100,1004,1004,5238.63,45.92,14.89,13.07,10.5,5.08,3.74,8.16,11.5,4183.69,0,23,382,6.85,5.04,0.11,NaN,0,0.15,0,NaN,0,0,5,0,0,5,0,3263.16,3132.65,1702.59,943.93,NaN,0,0,0,NaN,378.38,NaN,0,0.02,0.02,0,0,0,6604.18
09/27/2025,09,5GNR,Upstate New York,070,Buffalo,HNRT,0709001,78_WALDEN,2170,114,0.39,1,255,100,192,192,259.81,3.37,13.93,0.81,0.72,0.21,7.36,8.94,13.11,149.14,0,1.55,23.69,0.32,3.78,1.06,NaN,0,0,0,NaN,0,NaN,0,0,NaN,0,0,NaN,NaN,NaN,NaN,NaN,0,NaN,0,NaN,NaN,NaN,NaN,0,0,0,0,0,258.4
09/27/2025,09,5GNR,Upstate New York,070,Buffalo,HNRT,0709001,78_WALDEN,2170,115,4.96,166,3344,100,2031,2031,3696.61,43.57,11.21,17.04,13.66,8.1,7.17,8.47,11.44,3563.21,0,32.99,463.17,9.43,3.13,0.18,NaN,0,0.33,0,NaN,0,0,4,0,0,4,0,3467.07,2543.61,1955.74,2896.64,2.3,0,0,0.02,NaN,10590.91,NaN,9222.22,0.01,0,0,0,0,5782.27
09/27/2025,09,5GNR,Upstate New York,070,Buffalo,HNRT,0709001,78_WALDEN,3170,112,0.46,15,3279,100,1463,1463,44395.12,39.12,66.35,2.24,2.21,2.15,1.65,7.42,15.89,38366.7,0,1501.71,2135.48,16.97,2.22,2.16,NaN,0,0.99,0,NaN,0,NaN,0,0,NaN,0,0,NaN,NaN,NaN,NaN,NaN,0,NaN,0,NaN,NaN,NaN,NaN,0,0,0,0,0,43914.69
09/27/2025,09,5GNR,Upstate New York,070,Buffalo,HNRT,0709001,78_WALDEN,3170,113,0.56,26,4631,100,2800,2800,72120.63,26.33,212.87,0.32,0.47,0.72,0.71,7.67,15.65,61912.16,0,4301.81,5949.03,31.16,3.57,0,NaN,0,0.15,0,NaN,0,0,3,0,0,3,0,10732.95,761.19,835.23,2558.14,0,0,0,0,NaN,0,NaN,93.02,0.02,0.02,0,0,0,70686.04
09/27/2025,09,5GNR,Upstate New York,070,Buffalo,HNRT,0709001,78_WALDEN,3170,114,2,3,150,100,104,104,357.38,0.15,212.51,0.02,0.02,0.05,1.3,7.83,11.46,347.79,0,47.9,55.91,0.47,3.3,NaN,NaN,NaN,NaN,NaN,NaN,NaN,NaN,0,0,NaN,0,0,NaN,NaN,NaN,NaN,NaN,0,NaN,0,NaN,NaN,NaN,NaN,0,0,0,0,0,347.88
09/27/2025,09,5GNR,Upstate New York,070,Buffalo,HNRT,0709001,78_WALDEN,3268,115,0.87,37,4236,100,2595,2594,71796.02,21.57,321.2,0.8,1.63,3.09,0.58,7.54,10.3,68090.1,0.04,3246.58,4001.51,60.54,0.83,0.69,NaN,0.07,0.21,0,NaN,0,0,1,0,0,1,0,7193.55,749.48,759.94,8747.55,49.15,0,0,0,NaN,0,NaN,2155.77,0.24,0.19,0,0,0,69682.74
09/27/2025,09,5GNR,Upstate New York,070,Buffalo,HNRT,0709001,90_219,2090,46,1.92,12,625,100,348,346,589.39,9.58,3.69,28.42,23.94,17.21,15.12,8.45,13.34,203.86,0.57,25.99,112.01,2.13,0.89,2.47,NaN,0,0.53,0,NaN,0,0,5,0,0,5,0,3896.31,4111.89,2377.8,5243.19,1.05,0,0,0,NaN,455.8,NaN,236.79,0.13,0.18,0,0,0,963.21
09/27/2025,09,5GNR,Upstate New York,070,Buffalo,HNRT,0709001,90_219,2090,47,7.36,86,1168,100,683,683,1172.36,14.7,2.77,33.97,34.99,36.28,9.45,8.33,14.36,922.45,0,64.44,171.93,3.13,0.53,2.39,NaN,0,0.41,0,NaN,0,0,3,0,0,3,0,3927.06,9990.78,23243.93,12684.55,0.56,0,0,0.04,NaN,581417.62,NaN,232.52,0.53,0.15,0,0,0,1296.22
09/27/2025,09,5GNR,Upstate New York,070,Buffalo,HNRT,0709001,90_219,2090,48,0,0,34,100,14,14,26.33,1.33,2.19,9.72,8.48,1.9,19.28,8.27,11.66,1.41,0,0.12,4.43,0.27,0.37,3.45,NaN,0,0,NaN,NaN,NaN,NaN,0,0,NaN,0,0,NaN,NaN,NaN,NaN,NaN,0,NaN,0,NaN,NaN,NaN,NaN,0,0,0,0,0,17.75
09/27/2025,09,5GNR,Upstate New York,070,Buffalo,HNRT,0709001,90_219,3090,46,2.23,78,3501,100,1883,1882,17761.93,7.34,199.57,1.18,1.01,0.76,5.63,8,9.99,10522.53,0.05,446.52,1170.34,24.22,1.02,2.18,NaN,0.05,0.34,0,NaN,0,0,18,0,0,18,0,8600.45,771.46,881.56,3377.84,82.31,0,0,0,NaN,475.35,NaN,1167.4,12.55,6.3,0,0,0,17387.35
09/27/2025,09,5GNR,Upstate New York,070,Buffalo,HNRT,0709001,90_219,3090,47,4.57,221,4838,100,2370,2370,18533.09,9.84,122.74,1.79,3.15,5.25,7.16,6.6,6.87,13405.22,0,514.86,1006.82,22.87,0.85,2.37,100,0,0.38,0,NaN,0,0,5,0,0,5,0,9359.11,707.86,728.21,4285.77,140.11,0,0,0,NaN,478.41,NaN,947.94,4.23,1.71,0,0,0,18362.37
09/27/2025,09,5GNR,Upstate New York,070,Buffalo,HNRT,0709001,90_219,3090,48,10.9,791,7254,100,3765,3759,18753.45,14.78,56.78,2.64,9.3,19.03,17.9,5.32,7.65,15601.05,0.16,458.11,1011.08,29.38,0.4,4.26,100,0,0.8,0,NaN,0,0,3,0,0,3,0,9078.61,761.89,1111.31,3818.82,249.95,0,0,0.01,NaN,231.93,NaN,1907.58,17.62,3.5,0,0,0,18911.07
09/27/2025,09,5GNR,Upstate New York,070,Buffalo,HNRT,0709001,ALLENTOWN,3340,109,0.46,18,3909,100,3418,3416,58987.25,14.86,334.91,2.26,1.61,0.44,0.18,7.59,16.65,51881.04,0.06,1953.9,5249.99,21.52,4.35,0.21,NaN,0,0,NaN,NaN,NaN,NaN,0,0,NaN,0,0,NaN,NaN,NaN,NaN,NaN,0,NaN,0,NaN,NaN,NaN,NaN,0,0,0,0,0,59436.61
09/27/2025,09,5GNR,Upstate New York,070,Buffalo,HNRT,0709001,ALLENTOWN,3340,110,0.63,11,1742,100,1289,1287,15754.66,5.59,227.53,1.55,1.03,0.06,0.17,7.68,20.04,11870.74,0.16,971.65,1327.24,3.99,3.47,2.99,NaN,0,0,NaN,NaN,NaN,NaN,0,0,NaN,0,0,NaN,NaN,NaN,NaN,NaN,0,NaN,0,NaN,NaN,NaN,NaN,0,0,0,0,0,15538.22
09/27/2025,09,5GNR,Upstate New York,070,Buffalo,HNRT,0709001,ALLENTOWN,3340,111,0.58,12,2077,100,1531,1531,35689.29,10.79,181.38,2.19,1.52,0.11,1.34,7.58,14.39,34469.09,0,1219.41,1770.3,7.98,4.72,0,NaN,0,1.15,NaN,NaN,NaN,NaN,0,0,NaN,0,0,NaN,NaN,NaN,NaN,NaN,0,NaN,0,NaN,NaN,NaN,NaN,0,0,0,0,0,35680.49
09/27/2025,09,5GNR,Upstate New York,070,Buffalo,HNRT,0709001,AMERICAN_STORAGE,2177,122,4.47,172,3849,100,3136,3132,3138.35,46.6,6.66,20.55,18.73,16.32,2.8,8.08,9.93,1991.84,0.13,19.65,329.89,9.17,1.16,0.65,100,0,1.62,0,NaN,0,0,23,0,0,23,0,6497.6,6341.21,3017.23,1289.02,18.09,0,0,0.01,NaN,2227.77,NaN,1222.02,3.65,0.24,0,0,0,4446.51
09/27/2025,09,5GNR,Upstate New York,070,Buffalo,HNRT,0709001,AMERICAN_STORAGE,2177,123,1.5,34,2271,100,1824,1821,4847.39,42.73,22.15,10.79,8.6,4.96,2.49,8.19,10.71,6747.03,0.16,20.77,449.68,8.71,4.57,0.15,NaN,0.1,0.13,0,NaN,0,0,3,0,0,3,0,3325.98,2350,1824.06,1200.66,11.81,0,0,0.01,NaN,4787.06,NaN,205.63,0.71,0.42,0,0,0,8638.12
09/27/2025,09,5GNR,Upstate New York,070,Buffalo,HNRT,0709001,AMERICAN_STORAGE,2177,124,1.25,29,2315,100,1674,1671,2326.63,33.51,12.1,17.61,14.3,10.7,3.38,8.09,11.38,2595.66,0.18,482.52,966.19,15.45,3.75,0.64,NaN,0,0.47,0,NaN,0,0,11,0,0,11,0,3358.69,2252.16,1744.93,1250,37.22,0,0,0.02,NaN,11277.26,NaN,146.83,5.38,0.42,0,0,0,4122.35
09/27/2025,09,5GNR,Upstate New York,070,Buffalo,HNRT,0709001,AMERICAN_STORAGE,3177,122,2.59,58,2238,100,1626,1621,39532.1,12.77,316.76,1.94,1.33,0.23,0.71,7.89,13.59,31165.72,0.31,1481.65,2172.58,15.22,3.65,0.4,100,0,0.21,0,NaN,0,0,13,0,0,13,0,8542.89,794.12,1236.32,1355.9,267.31,0,0,0,NaN,247.68,NaN,44.77,9.63,1.52,0,0,0,38554.29
09/27/2025,09,5GNR,Upstate New York,070,Buffalo,HNRT,0709001,AMERICAN_STORAGE,3177,123,0.45,8,1778,100,1160,1158,52919.74,20.47,239.03,1.62,1.17,0.2,0.55,7.12,12.37,48034.91,0.17,1459.41,1873.19,16.81,2.01,0,100,0,0.54,0,NaN,0,NaN,0,0,NaN,0,0,7500,NaN,500,NaN,NaN,0,NaN,0,NaN,NaN,NaN,NaN,0,0,0,0,0,50406.82
09/27/2025,09,5GNR,Upstate New York,070,Buffalo,HNRT,0709001,AMERICAN_STORAGE,3177,124,1.17,62,5284,100,4495,4478,34580.72,11.44,205.76,0.81,0.81,0.82,0.49,7.65,11.94,29733.02,0.38,2831.67,3971.42,27.06,3.88,0.21,100,0,0.27,0,NaN,0,0,3,0,0,3,0,8480.84,856.45,1583.66,3638.89,351.45,0,0,0,NaN,7621.71,NaN,719.26,2.54,0.15,0,0,0,32644.65
09/27/2025,09,5GNR,Upstate New York,070,Buffalo,HNRT,0709001,AUDUBON,2078,190,1.95,21,1075,100,544,544,1216,12.76,29.96,3.58,2.62,1.12,2.19,8.59,10.72,1275.35,0,4.68,120.03,2.79,1.97,0.19,NaN,0,0.26,0,NaN,0,NaN,0,0,NaN,0,0,3000,11571.43,5785.71,0,NaN,0,0,0,NaN,0,NaN,NaN,0,0,0,0,0,2006.4
09/27/2025,09,5GNR,Upstate New York,070,Buffalo,HNRT,0709001,AUDUBON,2078,191,3.13,11,351,100,72,72,24.8,0.48,7.8,0.38,0.36,0.09,2.82,8.05,10.7,15.95,0,0.54,3.52,0.07,0.79,0,NaN,0,3.88,NaN,NaN,NaN,NaN,0,0,NaN,0,0,3000,44000,22000,0,NaN,0,0,0,NaN,NaN,NaN,NaN,0,0,0,0,0,26.2
09/27/2025,09,5GNR,Upstate New York,070,Buffalo,HNRT,0709001,AUDUBON,2078,192,14.77,13,88,100,33,33,85.35,1.4,10.69,0.84,0.64,0.12,6.43,8.87,11.34,8.98,0,0.32,60.64,1.15,6.9,0.45,NaN,0,0.23,0,NaN,0,NaN,0,0,NaN,0,0,NaN,NaN,NaN,NaN,NaN,0,NaN,0,NaN,NaN,NaN,NaN,0,0,0,0,0,119.5
09/27/2025,09,5GNR,Upstate New York,070,Buffalo,HNRT,0709001,AUDUBON,3078,190,0.74,17,2292,100,1268,1266,9881.44,4.56,209.28,1.01,0.79,0.42,1.13,7.3,12.91,7954.63,0.16,183.88,325.48,3.12,0.75,0.73,NaN,0,0.36,0,NaN,0,0,2,0,0,2,0,7444.44,1000,1000,0,NaN,0,0,0,NaN,0,NaN,0,0,0,0,0,0,9037.48
09/27/2025,09,5GNR,Upstate New York,070,Buffalo,HNRT,0709001,AUDUBON,3078,191,0.81,6,742,100,548,548,1250.3,0.54,311.17,0.13,0.14,0.18,1.09,7.95,17.6,1108.43,0,66.34,106.52,0.39,1.27,1.44,NaN,0,1.37,0,NaN,0,NaN,0,0,NaN,0,0,5000,48000,48000,0,NaN,0,0,0,NaN,NaN,NaN,NaN,0,0,0,0,0,1240.11
09/27/2025,09,5GNR,Upstate New York,070,Buffalo,HNRT,0709001,AUDUBON,3078,192,0.94,20,2129,100,1257,1257,9131.65,4.76,181.54,0.9,0.85,0.79,1.3,7.69,13.84,8011.35,0,568.52,1062.27,7.12,2.36,0.77,NaN,0,1.13,0,NaN,0,0,2,0,0,2,0,8860.66,4726.42,5213.11,2932.2,NaN,0,0,0,NaN,0,NaN,72.73,0.01,0.02,0,0,0,9045.22
09/27/2025,09,5GNR,Upstate New York,070,Buffalo,HNRT,0709001,BLOSSOM_SOUTH,3285,67,3.26,111,3408,100,1734,1734,21446.19,13.78,103.03,1.96,2.3,2.83,6.02,5.59,9.51,19494.98,0,1084.45,1613.38,24.11,2.22,0.88,NaN,0,0.06,0,NaN,0,0,19,0,0,19,0,7637.55,729.35,771.75,2035.11,10.26,0,0,0,NaN,2.96,NaN,367.46,3.46,42.66,0,0,0,21303.98
09/27/2025,09,5GNR,Upstate New York,070,Buffalo,HNRT,0709001,BLOSSOM_SOUTH,3285,68,3.18,17,535,100,361,357,7827.85,3.51,285.62,0.39,0.29,0.08,1.91,7.66,9.88,7556.87,1.11,143.81,238.34,2.36,1.2,0.54,NaN,0,0,0,NaN,0,0,1,0,0,1,0,6500,750,750,0,NaN,0,0,0,NaN,0,NaN,0,0,0,0,0,0,7741.62
09/27/2025,09,5GNR,Upstate New York,070,Buffalo,HNRT,0709001,BLOSSOM_SOUTH,3285,69,4.12,72,1748,100,1036,1036,8597.68,3.25,212.3,1.38,1.16,0.89,2.7,7.22,8.42,6634.22,0,484.85,1562.07,19.35,3.9,1.26,NaN,0,0.32,0,NaN,0,0,2,0,0,2,0,7250,1050,1050,500,NaN,0,0,0,NaN,0,NaN,0,0,0,0,0,0,8522.8
09/27/2025,09,5GNR,Upstate New York,070,Buffalo,HNRT,0709001,BRIGHTON_PARK,3346,175,0.26,9,3473,100,1703,1702,37016.23,16.12,227.97,1.7,1.28,0.48,0.52,8.01,14.28,33168.22,0.06,1556.47,2238.26,10.74,3.41,0.47,NaN,0,0.07,0,NaN,0,0,2,0,0,2,0,9000,666.67,666.67,2500,NaN,0,0,0,NaN,0,NaN,0,0,0,0,0,0,36926.15
09/27/2025,09,5GNR,Upstate New York,070,Buffalo,HNRT,0709001,BRIGHTON_PARK,3346,176,0.32,16,4929,100,3010,3008,29898.67,10.9,168,1.35,1.22,1.01,0.92,8.45,15.99,21569.34,0.07,1526.98,2718.37,13.87,2.91,0.13,NaN,0,0.19,0,NaN,0,0,23,0,0,23,0,9372.05,888.53,1000.54,1840.51,51.34,0,0,0,NaN,0,NaN,8.41,3.07,0.63,0,0,0,29702.52
09/27/2025,09,5GNR,Upstate New York,070,Buffalo,HNRT,0709001,BRIGHTON_PARK,3346,177,0.67,61,9165,100,6147,6143,55897.28,24.05,151.83,1.26,3.04,6.37,0.97,7.84,12.14,46010.49,0.07,1355.24,2487.16,29.16,1.25,0.53,NaN,0,0.31,0,NaN,0,0,20,0,0,20,0,8248.51,778.62,1310.51,2523.83,280.7,0,0,0.01,NaN,1174.96,NaN,196.61,44.13,1.52,0,0,0,55929.01
09/27/2025,09,5GNR,Upstate New York,070,Buffalo,HNRT,0709001,BUCKSKIN_TRAIL,2112,16,0.66,7,1057,100,956,955,761.47,8.61,15.81,3.04,2.38,0.88,2.09,9.18,13.21,476.89,0.1,3.04,83.97,1.43,3.29,0.3,NaN,0,0.12,0,NaN,0,0,1,0,0,1,0,3951.22,2043.48,1045.45,1285.71,11.17,0,0,0,NaN,0,NaN,133.33,0.03,0.01,0,0,0,1002.76
09/27/2025,09,5GNR,Upstate New York,070,Buffalo,HNRT,0709001,BUCKSKIN_TRAIL,2112,17,0.85,8,937,100,652,652,433.97,8.13,17.72,4.12,2.93,1.11,2.91,8.55,9.98,406.49,0,3.87,95.49,2.76,1.87,0,NaN,0,0.18,0,NaN,0,NaN,0,0,NaN,0,0,3000,15000,10750,0,NaN,0,0,0,NaN,0,NaN,NaN,0,0,0,0,0,617.37
09/27/2025,09,5GNR,Upstate New York,070,Buffalo,HNRT,0709001,BUCKSKIN_TRAIL,2112,18,0.31,2,648,100,395,395,1046.09,8.22,22.22,1.28,1.01,0.5,8.44,8.77,12.31,584.22,0,1.37,124.83,1.94,4.85,0.86,NaN,0,0.06,12.5,NaN,12.5,0,3,0,0,3,0,3242.19,2152.75,1228.08,925.59,14,0,0,0.01,NaN,2837.27,NaN,303.59,0.68,2.97,0,0,0,1359.41
09/27/2025,09,5GNR,Upstate New York,070,Buffalo,HNRT,0709001,BUCKSKIN_TRAIL,3112,16,0.94,3,319,100,140,140,1944.45,0.94,257.67,0.24,0.23,0.2,2.99,7.39,10.17,1136.68,0,43.33,118.24,2.35,1.18,0.29,NaN,0,0,0,NaN,0,0,6,0,0,6,0,8016.44,676.53,968.92,1134.92,354.53,0,0,0,NaN,201.2,NaN,443.19,11.75,0.98,0,0,0,1688.8
09/27/2025,09,5GNR,Upstate New York,070,Buffalo,HNRT,0709001,BUCKSKIN_TRAIL,3112,17,1.38,11,796,100,517,517,1704.33,1.2,160.42,0.21,0.21,0.21,1.2,7.61,8.02,1461.64,0,23.37,92.41,1.46,1.3,0,NaN,0,0,NaN,NaN,NaN,NaN,0,0,NaN,0,0,NaN,NaN,NaN,NaN,NaN,0,NaN,0,NaN,NaN,NaN,NaN,0,0,0,0,0,1504.71
09/27/2025,09,5GNR,Upstate New York,070,Buffalo,HNRT,0709001,BUCKSKIN_TRAIL,3112,18,16.94,197,1163,100,525,525,3595.94,2.8,68.68,1.24,1.75,2.42,16.93,4.52,4.9,3135.54,0,59.18,130.12,3.64,0.29,14.43,NaN,0,6.28,0,NaN,0,NaN,0,0,NaN,0,0,7500,3000,3000,0,NaN,0,0,0,NaN,NaN,NaN,NaN,0,0,0,0,0,3326.41
09/27/2025,09,5GNR,Upstate New York,070,Buffalo,HNRT,0709001,BUFFALO_AIRPORT,2311,128,8.83,34,385,100,212,212,296.47,4.45,15.39,1.82,1.45,0.29,9.96,8.25,15.26,164.55,0,6.92,94.56,1.14,2.07,0.84,NaN,0,0.62,0,NaN,0,NaN,0,0,NaN,0,0,NaN,27500,18000,0,NaN,0,0,0,NaN,0,NaN,NaN,0,0,0,0,0,214.04
09/27/2025,09,5GNR,Upstate New York,070,Buffalo,HNRT,0709001,BUFFALO_AIRPORT,3311,128,3.03,270,8923,100,6030,6027,60425.67,31.13,116.06,2.44,6.38,12.51,2.71,6.8,8.5,44450.68,0.05,1827.9,4350.99,74.36,0.69,1.99,100,0,0.78,0,NaN,0,0,31,0,0,31,0,8512.43,1215.21,1106.32,3112.34,114.69,0,0,0,NaN,38.38,NaN,209.75,2.53,1.17,0,0,0,60194.32
09/27/2025,09,5GNR,Upstate New York,070,Buffalo,HNRT,0709001,BUFFALO_AIRPORT,3311,129,1.38,55,3992,100,2616,2615,19925.75,16.89,102.6,2.35,2.71,3.27,1.73,7.54,9.25,18101.7,0.04,1459.23,1961.6,35.33,1.77,2.18,100,0,0.36,0,NaN,0,0,2,0,0,2,0,14207.32,1112.07,1329.55,96078.12,16.38,0,0,0,NaN,6267.61,NaN,612.9,0.02,0.01,0,0,0,20084.03
09/27/2025,09,5GNR,Upstate New York,070,Buffalo,HNRT,0709001,BUFFALO_AIRPORT,3311,130,2.36,64,2717,100,1651,1651,37479.07,15.68,170.62,1,1.51,2.28,1.46,7.18,5.72,35522.38,0,1284.77,1680.28,35.3,1.07,3.07,NaN,0,1.48,0,NaN,0,0,2,0,0,2,0,8763.51,718.18,702.7,1521.74,NaN,0,0,0,NaN,0,NaN,0,0.01,0.01,0,0,0,37286.9
09/27/2025,09,5GNR,Upstate New York,070,Buffalo,HNRT,0709001,BUFFALO_STATE,3288,134,0.59,21,3546,100,2678,2677,17984.42,12.12,126.51,1.26,1.69,2.42,1.24,7.81,12.02,16650.97,0.04,1793.75,2728.76,22.58,3.77,0.79,100,0,0.32,0,NaN,0,0,5,0,0,5,0,7534.88,6653.85,6081.4,2903.23,NaN,0,0,0,NaN,0,NaN,1724.14,0,0,0,0,0,17813.73
09/27/2025,09,5GNR,Upstate New York,070,Buffalo,HNRT,0709001,BUFFALO_STATE,3288,135,0.49,21,4286,100,3238,3237,25264.78,11.7,159.04,1.35,1.4,1.49,0.88,8.04,13.91,23609.44,0.03,1641.7,2273.77,15.21,2.41,0.4,100,0,0.27,0,NaN,0,0,21,0,0,21,0,8950.32,769.59,807.28,1084.7,165.45,0,0,0,NaN,543.21,NaN,29.56,11.38,1.95,0,0,0,25104.33
09/27/2025,09,5GNR,Upstate New York,070,Buffalo,HNRT,0709001,BUFFALO_STATE,3288,136,0.55,4,731,100,531,531,5105.06,2.7,160.69,0.28,0.23,0.15,0.87,7.77,9.06,3903.92,0,149.35,268.97,4.01,2.36,0.47,100,0,0.23,0,NaN,0,0,4,0,0,4,0,11107.14,585.94,642.86,1472.53,196.61,0,0,0,NaN,0,NaN,0,0.13,0.03,0,0,0,5056.38
09/27/2025,09,5GNR,Upstate New York,070,Buffalo,HNRT,0709001,BUFFALO_WATERFRONT,3356,88,0.14,1,715,100,405,405,1203.5,0.73,228.46,0.13,0.15,0.21,0.73,7.68,14.01,1188.34,0,56.17,78.54,1.22,2.9,0,100,0,0,NaN,NaN,NaN,NaN,0,0,NaN,0,0,NaN,NaN,NaN,NaN,NaN,0,NaN,0,NaN,NaN,NaN,NaN,0,0,0,0,0,1195.26
09/27/2025,09,5GNR,Upstate New York,070,Buffalo,HNRT,0709001,BUFFALO_WATERFRONT,3356,89,0.17,2,1212,100,920,920,4754.75,3.18,133.02,0.48,0.35,0.09,0.71,7.67,13.95,4498.14,0,241.59,334.62,4.97,2.56,2.27,100,0,0.51,0,NaN,0,NaN,0,0,NaN,0,0,NaN,NaN,NaN,NaN,NaN,0,NaN,0,NaN,NaN,NaN,NaN,0,0,0,0,0,4718.02
09/27/2025,09,5GNR,Upstate New York,070,Buffalo,HNRT,0709001,BUFFALO_WATERFRONT,3356,90,2.19,27,1231,100,727,727,14935.4,4.41,322.82,0.88,0.69,0.33,0.8,7.81,13.89,14515.29,0,350.23,520.85,5.64,2.01,2.62,100,0,0.26,0,NaN,0,NaN,0,0,NaN,0,0,12000,4000,4000,0,NaN,0,0,0,NaN,NaN,NaN,NaN,0,0,0,0,0,14778.5
09/27/2025,09,5GNR,Upstate New York,070,Buffalo,HNRT,0709001,CHEEKTOWAGA,2250,103,2.96,8,270,100,191,191,112.1,2.49,12.83,1.82,1.47,0.27,14.79,8.57,11.42,73.98,0,0.4,30.79,0.57,1.93,1.41,NaN,0,0.4,0,NaN,0,NaN,0,0,NaN,0,0,NaN,NaN,NaN,NaN,NaN,0,NaN,0,NaN,NaN,NaN,NaN,0,0,0,0,0,184.81
09/27/2025,09,5GNR,Upstate New York,070,Buffalo,HNRT,0709001,CHEEKTOWAGA,2250,104,7.95,21,264,100,160,160,110.34,2.62,6.85,2.26,1.91,0.48,15.05,8.71,12.42,69.93,0,0.86,18.29,0.34,1.62,0.22,NaN,0,0.15,0,NaN,0,NaN,0,0,NaN,0,0,NaN,5000,2500,7000,NaN,0,0,0,NaN,NaN,NaN,NaN,0,0,0,0,0,120.4
09/27/2025,09,5GNR,Upstate New York,070,Buffalo,HNRT,0709001,CHEEKTOWAGA,2250,105,11.95,98,820,100,414,414,255.83,5.16,8.02,3.48,2.54,0.64,10.78,8.97,11.32,156.89,0,4.32,61.37,1.33,1.73,0,NaN,0,0.57,0,NaN,0,0,2,0,0,2,0,3000,2000,1000,0,NaN,0,0,0,NaN,0,NaN,0,0,0,0,0,0,387.06
09/27/2025,09,5GNR,Upstate New York,070,Buffalo,HNRT,0709001,CHEEKTOWAGA,3250,103,2.16,49,2268,100,1741,1741,3401.07,3.16,102.27,0.86,1.34,2.1,10.6,4.17,6.38,3103,0,87.86,154.89,4.38,0.43,5.73,NaN,0,0.55,0,NaN,0,NaN,0,0,NaN,0,0,NaN,NaN,NaN,NaN,NaN,0,NaN,0,NaN,NaN,NaN,NaN,0,0,0,0,0,3345.66
09/27/2025,09,5GNR,Upstate New York,070,Buffalo,HNRT,0709001,CHEEKTOWAGA,3250,104,1.15,13,1128,100,752,752,9938.11,3.57,314.64,1.56,1.11,0.23,1.43,7.42,10.39,9297.44,0,238.08,357.71,4.65,1.12,0.2,NaN,0,0,0,NaN,0,NaN,0,0,NaN,0,0,NaN,NaN,NaN,NaN,NaN,0,NaN,0,NaN,NaN,NaN,NaN,0,0,0,0,0,9810.22
09/27/2025,09,5GNR,Upstate New York,070,Buffalo,HNRT,0709001,CHEEKTOWAGA,3250,105,3.14,94,2992,100,1969,1969,23843.24,10.46,165.8,1.45,2.12,3.23,4.56,6.17,6.52,23060.38,0,1641.28,2168.58,31.09,2.06,1.58,NaN,0,0.43,0,NaN,0,NaN,0,0,NaN,0,0,7666.67,36500,36500,0,NaN,0,0,0,NaN,0,NaN,NaN,0,0,0,0,0,24281
09/27/2025,09,5GNR,Upstate New York,070,Buffalo,HNRT,0709001,CLOVERDALE_LANE,2006,76,1.53,12,784,100,605,605,620.91,7.95,17.48,2.83,2.29,0.84,5.95,9.11,12.25,439.69,0,2.76,65.85,1.21,3.43,0.19,NaN,0,0.14,0,NaN,0,NaN,0,0,NaN,0,0,NaN,NaN,NaN,NaN,NaN,0,NaN,0,NaN,NaN,NaN,NaN,0,0,0,0,0,1033.24
09/27/2025,09,5GNR,Upstate New York,070,Buffalo,HNRT,0709001,CLOVERDALE_LANE,2006,77,1.28,17,1332,100,712,711,468.02,8.02,10.84,4.09,3.11,1.18,2.47,8.87,9.87,428.18,0.14,2.92,37.19,1.09,0.67,0.13,NaN,0,0.11,0,NaN,0,NaN,0,0,NaN,0,0,3000,26500,13250,0,NaN,0,0,0,NaN,NaN,NaN,NaN,0,0,0,0,0,498.66
09/27/2025,09,5GNR,Upstate New York,070,Buffalo,HNRT,0709001,CLOVERDALE_LANE,2006,78,0.32,3,942,100,662,661,1643.52,14.83,16.73,4.24,3.3,1.17,1.13,8.53,11.2,936.18,0.15,6.88,106.63,2.08,2.35,0.13,NaN,0,0.22,0,NaN,0,NaN,0,0,NaN,0,0,NaN,NaN,NaN,NaN,NaN,0,NaN,0,NaN,NaN,NaN,NaN,0,0,0,0,0,2231.62
09/27/2025,09,5GNR,Upstate New York,070,Buffalo,HNRT,0709001,CLOVERDALE_LANE,3006,76,0.61,4,657,100,437,437,4894.31,1.75,354.33,0.59,0.4,0.03,1.04,7.6,10.74,3366.78,0,324.36,743.11,4.9,4.34,0,NaN,0,0,NaN,NaN,NaN,NaN,0,0,NaN,0,0,NaN,NaN,NaN,NaN,NaN,0,NaN,0,NaN,NaN,NaN,NaN,0,0,0,0,0,4448.71
09/27/2025,09,5GNR,Upstate New York,070,Buffalo,HNRT,0709001,CLOVERDALE_LANE,3006,77,1.21,2,165,100,59,59,1094.69,0.3,376.41,0.09,0.08,0.03,0.18,7.63,16.71,1018.79,0,575.41,640.77,1.83,34.89,0,NaN,0,0,NaN,NaN,NaN,NaN,0,0,NaN,0,0,NaN,NaN,NaN,NaN,NaN,0,NaN,0,NaN,NaN,NaN,NaN,0,0,0,0,0,1045.44
09/27/2025,09,5GNR,Upstate New York,070,Buffalo,HNRT,0709001,CLOVERDALE_LANE,3006,78,3.39,31,915,100,429,429,17852.17,6.04,332.16,1.55,0.96,0.09,0.71,6.81,8.18,15263.46,0,1050.7,1532.84,18.72,3.24,0,NaN,0,0,0,NaN,0,NaN,0,0,NaN,0,0,NaN,NaN,NaN,NaN,NaN,0,NaN,0,NaN,NaN,NaN,NaN,0,0,0,0,0,17259.12
09/27/2025,09,5GNR,Upstate New York,070,Buffalo,HNRT,0709001,COLLEGE PARK,2047,147,1.3,8,615,100,307,307,991.62,10.02,17.56,1.87,1.37,0.61,9.07,8.61,11.58,561.66,0,2.95,175.27,3.9,3.77,0.19,NaN,0,0.61,0,NaN,0,0,6,0,0,6,0,3269.67,1672.87,1260.12,1221.77,24.46,0,0,0.01,NaN,8284.72,NaN,58.42,0.62,0.19,0,0,0,1285.7
09/27/2025,09,5GNR,Upstate New York,070,Buffalo,HNRT,0709001,COLLEGE PARK,2047,148,14.69,145,987,100,406,404,969.55,8.74,44.16,2.07,1.67,0.92,12,8.85,13.21,682.66,0.49,3.55,109.58,1.94,2.69,1.65,NaN,0,0.78,0,NaN,0,0,1,0,0,1,0,3687.05,1750,1374.1,0,NaN,0,0,0,NaN,0,NaN,0,0,0,0,0,0,1294.9
09/27/2025,09,5GNR,Upstate New York,070,Buffalo,HNRT,0709001,COLLEGE PARK,3047,147,0.71,10,1400,100,791,791,7967.52,2.86,215.8,1.01,0.71,0.21,0.6,8.36,13.55,5655.07,0,260.3,603.82,4.92,1.89,0.4,NaN,0,0.21,0,NaN,0,0,1,0,0,1,0,7375,625,625,0,NaN,0,0,0,NaN,0,NaN,NaN,0,0,0,0,0,7591.39
09/27/2025,09,5GNR,Upstate New York,070,Buffalo,HNRT,0709001,COLLEGE PARK,3047,148,1.09,56,5126,100,2420,2420,26870.75,11.85,192.1,1.22,1.57,2.09,1.23,8.24,13.53,18826.32,0,801.79,2379.82,34.43,1.51,0.07,NaN,0,0.19,0,NaN,0,0,31,0,0,31,0,8771.96,717.8,1299.07,2224.43,272.53,0,0,0.02,NaN,307.82,NaN,703.61,60.75,5.21,0,0,0,26383.01
09/27/2025,09,5GNR,Upstate New York,070,Buffalo,HNRT,0709001,COLLEGE PARK,3047,149,1.09,6,548,100,325,325,1511.56,0.94,175.9,0.14,0.16,0.23,0.7,8.02,8.67,1483.43,0,61.34,80.44,1.48,1.25,3.26,NaN,0,2.04,NaN,NaN,NaN,NaN,0,0,NaN,0,0,NaN,NaN,NaN,NaN,NaN,0,NaN,0,NaN,NaN,NaN,NaN,0,0,0,0,0,1499.76
09/27/2025,09,5GNR,Upstate New York,070,Buffalo,HNRT,0709001,COLLINGWOOD,2051,224,0.74,2,272,100,257,255,279.54,2.71,15.36,1.45,1.24,0.18,3.15,8.35,13.41,215.53,0.78,1.34,21.27,0.3,4.26,0,NaN,0,0,0,NaN,0,NaN,0,0,NaN,0,0,NaN,NaN,NaN,NaN,NaN,0,NaN,0,NaN,NaN,NaN,NaN,0,0,0,0,0,269.04
09/27/2025,09,5GNR,Upstate New York,070,Buffalo,HNRT,0709001,COLLINGWOOD,2051,225,0.6,2,333,100,256,256,542.28,4.15,26.36,0.65,0.53,0.22,4.6,8.95,14.7,482.68,0,9.37,47.21,0.63,4.23,0,NaN,0,0.13,0,NaN,0,0,7,0,0,7,0,3518.93,2027.19,1167.32,2421.85,16.44,0,0,0.01,NaN,1859.58,NaN,118.14,0.59,0.18,0,0,0,566.14
09/27/2025,09,5GNR,Upstate New York,070,Buffalo,HNRT,0709001,COLLINGWOOD,2051,226,1.21,8,659,100,410,408,1469.38,15.27,16.12,3.78,2.91,0.95,4.15,8.29,11.94,1274.41,0.49,91.15,163.58,2.53,3.49,0,NaN,0,0.36,0,NaN,0,NaN,0,0,NaN,0,0,NaN,NaN,NaN,NaN,NaN,0,NaN,0,NaN,0,NaN,0,0,0,0,0,0,1508.37
09/27/2025,09,5GNR,Upstate New York,070,Buffalo,HNRT,0709001,COLLINGWOOD,3051,224,0.92,1,109,100,35,35,114.62,0.05,459.21,0.01,0.01,0.19,0.24,8.5,19.12,86.15,0,18.35,24.97,0.1,22.95,0,NaN,0,0,NaN,NaN,NaN,NaN,0,0,NaN,0,0,NaN,NaN,NaN,NaN,NaN,0,NaN,0,NaN,NaN,NaN,NaN,0,0,0,0,0,117.04
09/27/2025,09,5GNR,Upstate New York,070,Buffalo,HNRT,0709001,COLLINGWOOD,3051,225,0.79,2,254,100,151,151,3743.73,1.3,326.57,0.21,0.15,0.01,0.1,7.72,14.95,3673.22,0,429.49,536.71,1.61,34.75,0,NaN,0,0,NaN,NaN,NaN,NaN,0,0,NaN,0,0,NaN,NaN,NaN,NaN,NaN,0,NaN,0,NaN,NaN,NaN,NaN,0,0,0,0,0,3673.24
09/27/2025,09,5GNR,Upstate New York,070,Buffalo,HNRT,0709001,COLLINGWOOD,3051,226,3.12,8,256,100,116,116,726.96,0.3,141.32,0.07,0.08,0.14,0.44,8.5,18.11,647.17,0,129.29,173.89,0.58,31.78,0,NaN,0,0,NaN,NaN,NaN,NaN,0,0,NaN,0,0,NaN,NaN,NaN,NaN,NaN,0,NaN,0,NaN,NaN,NaN,NaN,0,0,0,0,0,651.31
09/27/2025,09,5GNR,Upstate New York,070,Buffalo,HNRT,0709001,CONCORD_HD,3281,10,0.34,1,294,100,281,281,979.39,0.46,134.4,0.31,0.23,0.02,0.1,7.2,13.19,936.99,0,166.91,207.66,1.13,2.37,0,NaN,0,0,NaN,NaN,NaN,NaN,0,0,NaN,0,0,NaN,NaN,NaN,NaN,NaN,0,NaN,0,NaN,NaN,NaN,NaN,0,0,0,0,0,961.24
09/27/2025,09,5GNR,Upstate New York,070,Buffalo,HNRT,0709001,CONCORD_HD,3281,11,0.85,3,353,100,303,303,5347.18,2.33,324.59,0.68,0.5,0.06,0.24,6.35,11.25,5287.99,0,135.86,170.38,1.26,1.29,0,NaN,0,0.9,NaN,NaN,NaN,NaN,0,0,NaN,0,0,NaN,NaN,NaN,NaN,NaN,0,NaN,0,NaN,NaN,NaN,NaN,0,0,0,0,0,5294.4
09/27/2025,09,5GNR,Upstate New York,070,Buffalo,HNRT,0709001,CONCORD_HD,3281,12,6.58,29,441,100,433,432,1784.86,0.76,313.45,0.04,0.1,0.43,1.41,6.71,11.21,1771.84,0.23,68.86,80.81,0.65,1.88,0,NaN,0,0,0,NaN,0,NaN,0,0,NaN,0,0,NaN,NaN,NaN,NaN,NaN,0,NaN,0,NaN,NaN,NaN,NaN,0,0,0,0,0,1774.43
09/27/2025,09,5GNR,Upstate New York,070,Buffalo,HNRT,0709001,DERBY,2156,13,0.25,2,790,100,314,314,1432.81,8.69,28.96,1.08,0.85,0.43,6.59,8.51,12.23,899.25,0,6.23,161.76,2.49,5.02,0,NaN,0,0.09,0,NaN,0,0,1,0,0,1,0,3000,2000,1000,0,NaN,0,0,0,NaN,0,NaN,0,0,0,0,0,0,1881.74
09/27/2025,09,5GNR,Upstate New York,070,Buffalo,HNRT,0709001,DERBY,2156,14,1.13,6,531,100,434,434,284.49,4,16.43,1.53,1.22,0.35,0.64,8.57,10.33,227.2,0,1.37,25.82,0.62,1.23,0,NaN,0,0,0,NaN,0,NaN,0,0,NaN,0,0,NaN,NaN,NaN,NaN,NaN,0,NaN,0,NaN,NaN,NaN,NaN,0,0,0,0,0,332.02
09/27/2025,09,5GNR,Upstate New York,070,Buffalo,HNRT,0709001,DERBY,2156,15,1,3,299,100,245,245,662.6,6.91,17.27,1.69,1.34,0.2,13.52,8.18,11.48,579.26,0,4.25,43.26,0.8,2.61,4.02,NaN,0,0.15,0,NaN,0,NaN,0,0,NaN,0,0,NaN,NaN,NaN,NaN,NaN,0,NaN,0,NaN,NaN,NaN,NaN,0,0,0,0,0,761.26
09/27/2025,09,5GNR,Upstate New York,070,Buffalo,HNRT,0709001,DERBY,3156,13,2.06,67,3258,100,2329,2329,56888.14,24.12,163.45,1.97,1.76,1.37,0.29,7.82,14.05,48380.98,0,2096.23,3296.02,26.35,2.59,0.25,NaN,0,0.13,0,NaN,0,0,3,0,0,3,0,7798.91,635.71,673.91,1737.37,24.58,0,0,0,NaN,0,NaN,80.81,0.04,0.02,0,0,0,56456.92
09/27/2025,09,5GNR,Upstate New York,070,Buffalo,HNRT,0709001,DERBY,3156,14,2.7,16,592,100,264,264,14035.33,4.99,286.67,1.02,0.7,0.13,0.27,7.53,5.69,13764.18,0,388.11,475.36,9.71,1.66,0,NaN,0,1.39,0,NaN,0,NaN,0,0,NaN,0,0,NaN,NaN,NaN,NaN,NaN,0,NaN,0,NaN,NaN,NaN,NaN,0,0,0,0,0,13822.06
09/27/2025,09,5GNR,Upstate New York,070,Buffalo,HNRT,0709001,DERBY,3156,15,26.05,292,1121,100,746,745,15940.82,7.57,148.49,2.37,2.25,2.07,6.53,6.55,6.92,14923.34,0.13,587.45,1320.79,17.78,2.79,7.43,NaN,0,8.62,0,NaN,0,NaN,0,0,NaN,0,0,NaN,NaN,NaN,NaN,NaN,0,NaN,0,NaN,NaN,NaN,NaN,0,0,0,0,0,15807.64
09/27/2025,09,5GNR,Upstate New York,070,Buffalo,HNRT,0709001,EAST_LOCKPORT-HNRT,3173,218,0.85,67,7852,100,5426,5426,85266.27,40.65,94.37,1.25,1.73,2.61,0.62,7.68,17.25,82203.04,0,4687.66,6571.22,29.15,3.28,0.72,NaN,0,0.22,0,NaN,0,0,9,0,0,9,0,16812.22,917.77,843.89,3161.99,45.06,0,0,0,NaN,0,NaN,87.99,0.94,0.31,0,0,0,85445.19
09/27/2025,09,5GNR,Upstate New York,070,Buffalo,HNRT,0709001,EAST_LOCKPORT-HNRT,3173,219,2.41,150,6217,100,4359,4359,63977.1,28.19,139.9,1.25,1.77,2.65,1.22,7.29,14.24,58684.42,0,2817.82,3958.44,27.26,1.81,0.9,NaN,0,0.24,0,NaN,0,0,13,0,0,13,0,8667.25,878.93,877.2,6996.16,65.54,0,0,0,NaN,0.88,NaN,267.69,0.63,0.6,0,0,0,63409.73
09/27/2025,09,5GNR,Upstate New York,070,Buffalo,HNRT,0709001,EAST_LOCKPORT-HNRT,3173,220,1.35,88,6522,100,4510,4509,65057.58,26.01,138.13,1.02,2.98,5.77,1.57,7.57,14.72,54373.79,0.02,3314.18,5316.33,50.83,1.77,0.88,NaN,0,0.12,0,NaN,0,0,5,0,0,5,0,9260.36,735.29,863.91,1729.51,30.25,0,0,0,NaN,23.81,NaN,0,0.13,0.03,0,0,0,64656.15
09/27/2025,09,5GNR,Upstate New York,070,Buffalo,HNRT,0709001,ELMA,2313,34,3.76,65,1731,100,1035,1033,4562,38.12,21.34,4.8,4.89,4.97,1.72,8.21,14.97,3564.92,0.19,2547.45,3840.09,38.1,8.61,1.89,NaN,0,0.21,0,NaN,0,0,13,0,0,13,0,3591.28,2303.34,2407.42,1345.34,19.24,0,0,0.06,NaN,16833.39,NaN,127.63,9.54,1.97,0,0,0,6006.55
09/27/2025,09,5GNR,Upstate New York,070,Buffalo,HNRT,0709001,ELMA,2313,35,9.71,74,762,100,468,466,301.67,5.98,9.36,1.66,1.48,1.11,2.25,8.64,12.28,315.93,0.43,20.88,58.03,1.46,1.36,2.16,NaN,0,0.39,0,NaN,0,NaN,0,0,NaN,0,0,NaN,NaN,NaN,NaN,NaN,0,NaN,0,NaN,NaN,NaN,NaN,0,0,0,0,0,393.22
09/27/2025,09,5GNR,Upstate New York,070,Buffalo,HNRT,0709001,ELMA,2313,36,1.28,8,627,100,333,332,1028.05,15.03,18.39,2.87,2.18,1.25,6.45,8.42,10.12,871.12,0.3,57.64,253.27,5.17,3.2,5.49,NaN,0,0.08,0,NaN,0,0,2,0,0,2,0,3118.42,2142.86,1394.74,771.43,3.58,0,0,0,NaN,0,NaN,0,0.01,0.01,0,0,0,2466.81
09/27/2025,09,5GNR,Upstate New York,070,Buffalo,HNRT,0709001,ELMA,3313,34,2.23,36,1612,100,1007,1007,5902.4,3.33,163.71,0.74,0.64,0.45,0.91,8.12,10.96,3646.06,0,186.59,288.86,2.9,1.13,0.57,NaN,0,0.43,0,NaN,0,NaN,0,0,NaN,0,0,12492.67,4666.67,2399.06,0,NaN,0,0,0,NaN,0,NaN,NaN,0,0,0,0,0,4360.07
09/27/2025,09,5GNR,Upstate New York,070,Buffalo,HNRT,0709001,ELMA,3313,35,9.45,31,328,100,147,147,13431.12,3.42,511.61,1.38,1.01,0.12,0.31,7.29,11.65,10928.75,0,580.72,728.96,4.24,8.91,0,NaN,0,0.96,0,NaN,0,NaN,0,0,NaN,0,0,7500,3000,3000,0,NaN,0,0,0,NaN,NaN,NaN,NaN,0,0,0,0,0,13424.11
09/27/2025,09,5GNR,Upstate New York,070,Buffalo,HNRT,0709001,ELMA,3313,36,3.04,57,1877,100,1362,1360,22681.99,8.41,158.16,2.2,1.69,0.99,1.27,7.26,4.55,18759.72,0.15,936.8,1231.19,22.19,1.11,1.09,NaN,0,0.22,0,NaN,0,NaN,0,0,NaN,0,0,NaN,NaN,NaN,NaN,NaN,0,NaN,0,NaN,NaN,NaN,NaN,0,0,0,0,0,21012.41
09/27/2025,09,5GNR,Upstate New York,070,Buffalo,HNRT,0709001,ELMA_CENTER,2007,49,0.32,4,1266,100,443,443,617.26,5.13,21.78,1.1,0.83,0.3,1.28,8.4,12.09,337.15,0,5.93,98.05,1.79,3.18,0.17,NaN,0,0.46,0,NaN,0,NaN,0,0,NaN,0,0,3000,47000,23500,7000,NaN,0,0,0,NaN,NaN,NaN,NaN,0,0,0,0,0,656.14
09/27/2025,09,5GNR,Upstate New York,070,Buffalo,HNRT,0709001,ELMA_CENTER,2007,50,1.94,21,1081,100,643,642,541.97,9.9,11.1,5.16,3.97,1.96,9.73,8.54,10.43,452.17,0.16,2.81,74.13,1.76,1.19,0.27,NaN,0,0.29,0,NaN,0,0,3,0,0,3,0,3343.75,2961.9,1582.38,1364.34,10.75,0,0,0,NaN,671.81,NaN,46.51,0.15,0.06,0,0,0,788.94
09/27/2025,09,5GNR,Upstate New York,070,Buffalo,HNRT,0709001,ELMA_CENTER,2007,51,4.33,20,462,100,298,297,171.53,3.25,27.52,1.93,1.56,0.5,13.11,8.59,10.34,311.96,0.34,0.84,21.5,0.5,1.06,0.99,NaN,0,0.32,0,NaN,0,NaN,0,0,NaN,0,0,NaN,NaN,NaN,NaN,NaN,0,NaN,0,NaN,NaN,NaN,NaN,0,0,0,0,0,369.75
09/27/2025,09,5GNR,Upstate New York,070,Buffalo,HNRT,0709001,ELMA_CENTER,3007,49,0.53,10,1879,100,899,899,21668.04,5.97,301.85,2.06,1.41,0.2,0.44,7.39,11.28,20787.1,0,809.53,1213.98,8.75,3.57,0.16,NaN,0,0,0,NaN,0,0,2,0,0,2,0,6625,812.5,812.5,0,NaN,0,0,0,NaN,0,NaN,0,0,0,0,0,0,21398.63
09/27/2025,09,5GNR,Upstate New York,070,Buffalo,HNRT,0709001,ELMA_CENTER,3007,50,1.12,12,1069,100,680,678,3839.47,1.53,405.92,0.5,0.39,0.15,0.56,7.85,12.04,3342.62,0.29,121.02,166.58,1.25,0.81,5.67,NaN,0,0,0,NaN,0,0,1,0,0,1,0,8000,900,900,0,NaN,0,0,0,NaN,0,NaN,NaN,0,0,0,0,0,3549.23
09/27/2025,09,5GNR,Upstate New York,070,Buffalo,HNRT,0709001,ELMA_CENTER,3007,51,16.39,107,653,100,397,397,10524.81,3.47,298.79,0.58,0.57,0.56,2.46,7.12,6.83,9927.55,0,890.74,1021.08,11.88,3.54,2.13,NaN,0,0,0,NaN,0,NaN,0,0,NaN,0,0,23000,3000,3000,0,NaN,0,0,0,NaN,NaN,NaN,NaN,0,0,0,0,0,10233.97
09/27/2025,09,5GNR,Upstate New York,070,Buffalo,HNRT,0709001,FIVE_CORNERS,2291,37,10.6,285,2689,100,1555,1552,2264.24,27.1,8.36,13.73,12.86,12.05,13.92,7.68,8.35,936.44,0.19,35.99,380.46,12.52,1.13,1.02,NaN,0,1.07,0,NaN,0,0,18,0,0,18,0,3315.35,2134.18,1645.74,1251.98,28.29,0,0,0.03,NaN,12149.61,NaN,183.32,3.88,0.98,0,0,0,2700.58
09/27/2025,09,5GNR,Upstate New York,070,Buffalo,HNRT,0709001,FIVE_CORNERS,2291,38,2.78,16,576,100,425,423,672.82,6.77,18.86,1.4,1.46,1.56,11.32,9.24,13.71,539.66,0.47,1.67,67.96,1.67,0.87,0.64,NaN,0,0.63,0,NaN,0,NaN,0,0,NaN,0,0,NaN,NaN,NaN,NaN,NaN,0,NaN,0,NaN,NaN,NaN,NaN,0,0,0,0,0,705.62
09/27/2025,09,5GNR,Upstate New York,070,Buffalo,HNRT,0709001,FIVE_CORNERS,2291,39,4.44,127,2862,100,2207,2207,4057.29,49.09,10.23,20.91,20.2,19.43,7.01,8.11,10.52,2757.65,0,91.84,848.2,19.96,2.13,0.39,NaN,0.01,0.47,0,NaN,0,0,19,0,0,19,0,3379.06,3170.69,2478,3227.79,11.12,0,0,0.03,NaN,4096.56,NaN,254.18,2.62,0.94,0,0,0,7926.79
09/27/2025,09,5GNR,Upstate New York,070,Buffalo,HNRT,0709001,FIVE_CORNERS,3291,37,2.3,82,3567,100,2038,2035,23286.54,7.9,174.93,1.91,1.49,0.91,1.19,7.66,10.64,16088.91,0.15,906.02,2214.85,25.85,2.34,1.24,NaN,0,0.34,0,NaN,0,0,21,0,0,21,0,8813.28,724.27,838.3,5640.58,127.08,0,0,0.01,NaN,1339.41,NaN,1107.36,12.89,0.67,0,0,0,22597
09/27/2025,09,5GNR,Upstate New York,070,Buffalo,HNRT,0709001,FIVE_CORNERS,3291,38,1.35,4,296,100,193,193,814.71,0.4,174.45,0.05,0.06,0.07,1.33,8.04,11.42,748.2,0,31.69,44.2,0.45,0.64,0,NaN,0,0,NaN,NaN,NaN,NaN,0,0,NaN,0,0,NaN,NaN,NaN,NaN,NaN,0,NaN,0,NaN,NaN,NaN,NaN,0,0,0,0,0,758.94
09/27/2025,09,5GNR,Upstate New York,070,Buffalo,HNRT,0709001,FIVE_CORNERS,3291,39,5.16,160,3103,100,1459,1459,13105.52,7.77,123.93,2.94,2.54,1.89,3.66,6.82,6.26,7487.36,0,164.55,654.41,10.47,0.89,3.19,NaN,0,0.65,0,NaN,0,0,1,0,0,1,0,17157.04,1300,3675.5,0,NaN,0,0,0,NaN,0,NaN,0,0,0,0,0,0,9193.31
09/27/2025,09,5GNR,Upstate New York,070,Buffalo,HNRT,0709001,GALLERIA,3251,125,0.85,64,7546,100,3766,3763,37805.68,13.8,187.95,1.53,1.86,2.35,1.56,8.13,18.24,28747.51,0.08,1683.6,2668.03,20.52,1.72,1.95,100,0.04,0.24,0,NaN,0,0,8,0,0,8,0,8556.82,741.11,1010.8,1747.19,109.26,0,0,0,NaN,29822.8,NaN,837.19,8.56,1.79,0,0,0,37559.01
09/27/2025,09,5GNR,Upstate New York,070,Buffalo,HNRT,0709001,GALLERIA,3251,126,0.52,24,4653,100,3077,3076,25816.88,12.41,163.7,0.96,1.31,1.88,2.39,7.94,19.8,19076.06,0.03,2084.74,3376.92,30.78,2.61,0.48,100,0,0.43,0,NaN,0,0,17,0,0,17,0,8562.57,607.59,908.4,4168.42,158.82,0,0,0.04,NaN,222.44,NaN,538.32,66.98,24.15,0,0,0,25712.22
09/27/2025,09,5GNR,Upstate New York,070,Buffalo,HNRT,0709001,GALLERIA,3251,127,2.08,107,5142,100,2708,2708,22227.43,16.52,111.51,1.61,3.07,5.84,3.02,7.26,11.41,22102.1,0,373.99,538.74,14.31,0.59,7.17,100,0,0.28,0,NaN,0,NaN,0,0,NaN,0,0,10452.38,1236.84,1166.67,550,NaN,0,0,0,NaN,0,NaN,0,0,0,0,0,0,22243.69
09/27/2025,09,5GNR,Upstate New York,070,Buffalo,HNRT,0709001,GARDENVILLE,3076,79,2.7,273,10118,100,6432,6426,51543.56,29.96,118.3,2.07,5.16,10.69,7.83,5.65,7.46,51198.95,0.09,1983.98,2673.74,49.53,0.71,8.03,NaN,0,0.93,0,NaN,0,NaN,0,0,NaN,0,0,10301.38,832.43,1356.25,7148.74,180.65,0,0,0.01,NaN,1316.37,NaN,64.9,10.55,0.29,0,0,0,51879.3
09/27/2025,09,5GNR,Upstate New York,070,Buffalo,HNRT,0709001,GARDENVILLE,3076,80,0.64,26,4038,100,3077,3075,77304.93,35.74,120.9,1.28,2.44,4.88,1.19,7.22,10.28,71817.48,0.06,3071.98,4126.37,50.94,1.2,0.35,NaN,0,0.12,0,NaN,0,NaN,0,0,NaN,0,0,NaN,NaN,NaN,NaN,NaN,0,NaN,0,NaN,NaN,NaN,NaN,0,0,0,0,0,77611.36
09/27/2025,09,5GNR,Upstate New York,070,Buffalo,HNRT,0709001,GARDENVILLE,3076,81,2.68,67,2504,100,1445,1445,15757.26,6.14,233.43,1.62,1.17,0.55,2.33,7.04,7.57,15865.94,0,525.25,783.78,13.28,1.25,0.15,NaN,0,0.31,0,NaN,0,0,1,0,0,1,0,9706.61,691.57,797.59,2580.53,205.76,0,0,0,NaN,404.17,NaN,1830.45,7.06,0.36,0,0,0,16526.55
09/27/2025,09,5GNR,Upstate New York,070,Buffalo,HNRT,0709001,GENERAL_MOTORS,3094,150,7.89,183,2319,100,1360,1359,41932,13.09,171.47,3.36,2.4,0.22,1.01,7.7,14.41,29323.7,0.07,756.66,1243.98,6.98,3.15,0,100,0,0,0,NaN,0,0,1,0,0,1,0,8743.17,752.29,742.52,887.76,28.67,0,0,0,NaN,312.5,NaN,0,0.44,0.16,0,0,0,42397.19
09/27/2025,09,5GNR,Upstate New York,070,Buffalo,HNRT,0709001,GENERAL_MOTORS,3094,151,1.39,31,2230,100,1239,1239,49855.36,22.95,127.88,3.87,3.35,2.1,1,7.45,11.18,45642.36,0,2627.02,3600.25,30.3,5.5,0.28,100,0,0.41,0,NaN,0,0,1,0,0,1,0,7285.71,666.67,642.86,1444.44,NaN,0,0,0,NaN,0,NaN,0,0,0,0,0,0,50502.32
09/27/2025,09,5GNR,Upstate New York,070,Buffalo,HNRT,0709001,GENERAL_MOTORS,3094,152,1.08,15,1388,100,948,947,10310.56,3.77,235.55,0.27,0.23,0.15,0.31,7.75,10.32,9048.75,0.11,410.73,681.98,7.26,2.28,0.13,100,0,0.26,0,NaN,0,0,1,0,0,1,0,6166.67,500,500,0,NaN,0,0,0,NaN,0,NaN,0,0,0,0,0,0,10186.54
09/27/2025,09,5GNR,Upstate New York,070,Buffalo,HNRT,0709001,GETZVILLE,2252,184,0.77,17,2217,100,1836,1831,3424.36,27.79,17.79,7.92,6.76,5.65,1.92,8.09,11.01,2002.26,0.27,9.87,382.04,8.11,1.37,0.1,NaN,0,0.14,0,NaN,0,0,21,0,0,21,0,3230.05,2188.46,1199.19,1211.45,12.6,0,0,0.01,NaN,1106.74,NaN,114.35,1.61,1.25,0,0,0,4193.97
09/27/2025,09,5GNR,Upstate New York,070,Buffalo,HNRT,0709001,GETZVILLE,2252,185,2.59,53,2049,100,1731,1728,1026.3,18.35,8.47,9.29,7.2,4.47,9.69,7.52,9.01,551.74,0.17,9.93,133.05,3.78,1.02,0.21,NaN,0,0.58,0,NaN,0,0,2,0,0,2,0,3720.93,2032.26,1011.36,2219.51,2.34,0,0,0,NaN,0,NaN,0,0.01,0.01,0,0,0,1315.11
09/27/2025,09,5GNR,Upstate New York,070,Buffalo,HNRT,0709001,GETZVILLE,2252,186,1.92,1,52,100,34,34,41.62,0.53,26.05,0.12,0.11,0.03,17.99,9.3,13.42,21.45,0,0.13,12.94,0.22,2.53,0,NaN,0,0,0,NaN,0,NaN,0,0,NaN,0,0,NaN,NaN,NaN,NaN,NaN,0,NaN,0,NaN,NaN,NaN,NaN,0,0,0,0,0,56.66
09/27/2025,09,5GNR,Upstate New York,070,Buffalo,HNRT,0709001,GETZVILLE,3252,184,1,12,1204,100,600,600,7858.81,3.68,198.51,1.13,0.77,0.14,0.33,8.17,13.43,5645.56,0,310.16,620.72,4.13,3.07,0.19,NaN,0,0.25,0,NaN,0,0,8,0,0,8,0,7324.79,902.23,878.21,1240.2,NaN,0,0,0,NaN,0,NaN,0,0.04,0.03,0,0,0,7000.51
09/27/2025,09,5GNR,Upstate New York,070,Buffalo,HNRT,0709001,GETZVILLE,3252,185,1.63,12,735,100,505,505,1379.34,0.75,221.02,0.22,0.24,0.31,1.36,7.85,10.98,713.15,0,28.23,58.2,1,0.48,0.96,NaN,0,0.47,NaN,NaN,NaN,0,2,0,0,2,0,7955.22,664.71,694.03,1862.6,NaN,0,0,0,NaN,0,NaN,61.07,0.06,0.02,0,0,0,1075.21
09/27/2025,09,5GNR,Upstate New York,070,Buffalo,HNRT,0709001,GETZVILLE,3252,186,5.2,42,807,100,493,492,2727.07,1.43,186.15,0.35,0.43,0.6,1.75,6.97,6.01,2509.79,0.2,37.32,61.35,1.44,0.33,2.24,NaN,0,0,0,NaN,0,NaN,0,0,NaN,0,0,NaN,NaN,NaN,NaN,NaN,0,NaN,0,NaN,NaN,NaN,NaN,0,0,0,0,0,2697.08
09/27/2025,09,5GNR,Upstate New York,070,Buffalo,HNRT,0709001,HAMBURG_2,2084,25,1.1,16,1458,100,1071,1071,1129.97,20.61,12.17,8.83,6.73,2.29,9.48,8.43,10.52,855.35,0,5.25,100.73,2.3,1.42,0.37,NaN,0,0.09,0,NaN,0,0,10,0,0,10,0,3530,2116,1714.29,1090.74,14.18,0,0,0.01,NaN,8128.27,NaN,158.93,0.71,0.08,0,0,0,1315.23
09/27/2025,09,5GNR,Upstate New York,070,Buffalo,HNRT,0709001,HAMBURG_2,2084,26,1.18,23,1944,100,1329,1329,1268.78,16.42,13.5,6.48,4.73,2.4,11.77,8.12,9.9,832.42,0,8.72,182.01,4.8,1.73,0.33,NaN,0,0.15,0,NaN,0,0,3,0,25,4,1,3432.53,3045.71,2220.62,2053.57,12.06,0,0,0,NaN,6240.62,NaN,179.75,0.35,0.09,0,0,0,1851.13
09/27/2025,09,5GNR,Upstate New York,070,Buffalo,HNRT,0709001,HAMBURG_2,2084,27,0.69,16,2335,100,1810,1807,1944.55,24.64,11.77,9.72,7.38,3.9,9.32,8.64,11.22,1227.44,0.17,10.38,299.81,5.61,2.82,1.21,NaN,0,0.12,0,NaN,0,0,1,0,0,1,0,3916.67,3833.33,1527.27,1305.08,5.12,0,0,0,NaN,150.94,NaN,0,0.02,0.01,0,0,0,3152.18
09/27/2025,09,5GNR,Upstate New York,070,Buffalo,HNRT,0709001,HAMBURG_2,3084,25,3.25,99,3047,100,2375,2370,14447.87,9.11,168.81,1.24,1.39,1.6,2.28,7.05,5.91,12321.45,0.21,230.18,789.12,16.82,1.07,2.73,NaN,0,0.29,0,NaN,0,0,7,0,0,7,0,9928.57,823.53,789.68,1734.38,10.92,0,0,0,NaN,103.45,NaN,0,0.1,0.01,0,0,0,14206.98
09/27/2025,09,5GNR,Upstate New York,070,Buffalo,HNRT,0709001,HAMBURG_2,3084,26,0.71,39,5524,100,5104,5099,32911.83,15.53,139.55,1.22,1.56,2.21,2.47,8.08,11.24,27237.84,0.1,936.74,1588.02,16.63,1.25,0.77,NaN,0.13,0.33,0,NaN,0,0,1,0,0,1,0,7843.36,1865.85,1398.15,2094.22,60.07,0,0,0,NaN,0,NaN,0,0.01,0.01,0,0,0,32165.6
09/27/2025,09,5GNR,Upstate New York,070,Buffalo,HNRT,0709001,HAMBURG_2,3084,27,21.18,543,2564,100,1316,1316,6863.46,5.67,60.89,1.43,2.35,3.59,16.62,4.42,5.83,5027.86,0,47.81,160.15,4.46,0.34,14.06,NaN,0,5.72,0,NaN,0,NaN,0,0,NaN,0,0,NaN,NaN,NaN,NaN,NaN,0,NaN,0,NaN,NaN,NaN,NaN,0,0,0,0,0,5766.75
09/27/2025,09,5GNR,Upstate New York,070,Buffalo,HNRT,0709001,HARLEM-WILLIAM,2243,97,9.2,94,1022,100,676,676,1424.17,15.57,8.95,5.09,3.77,1.66,6.61,8.39,10.88,353.83,0,8.54,177.09,3.65,2.94,0.34,NaN,0,0.18,0,NaN,0,NaN,0,0,NaN,0,0,NaN,47000,23500,1000,NaN,0,0,0,NaN,NaN,NaN,NaN,0,0,0,0,0,2153.38
09/27/2025,09,5GNR,Upstate New York,070,Buffalo,HNRT,0709001,HARLEM-WILLIAM,2243,98,3.01,68,2260,100,1188,1187,1840.27,20.55,12.55,7.88,6.29,3.42,5.09,8.77,10.7,876.08,0.08,14.39,146.26,3.59,1.84,0.52,NaN,0,0.33,0,NaN,0,NaN,0,0,NaN,0,0,3500,16866.67,9235.29,2950,NaN,0,0,0,NaN,0,NaN,0,0,0,0,0,0,2327.06
09/27/2025,09,5GNR,Upstate New York,070,Buffalo,HNRT,0709001,HARLEM-WILLIAM,2243,99,0.27,1,377,100,171,171,366.55,5.06,14.46,1.87,1.32,0.25,16.61,9.56,11.44,287.36,0,2.06,47.51,0.84,3.58,0,NaN,0,0.74,0,NaN,0,0,1,0,0,1,0,3410.77,2030.28,1871.76,1685.65,32.73,0,0,0.05,NaN,11311.83,NaN,98.31,7.43,0.99,0,0,0,412.08
09/27/2025,09,5GNR,Upstate New York,070,Buffalo,HNRT,0709001,HARLEM_WILLIAM,3243,97,0.61,28,4559,100,4029,4026,83866.21,29.46,222.09,1.94,1.81,1.58,0.66,7.69,11.43,67784.77,0.07,3275.09,5471.92,48.23,2.6,0.73,NaN,0,0.29,0,NaN,0,0,2,0,0,2,0,11266.67,22857.14,25866.67,0,NaN,0,0,0,NaN,0,NaN,0,0,0,0,0,0,85868.63
09/27/2025,09,5GNR,Upstate New York,070,Buffalo,HNRT,0709001,HARLEM_WILLIAM,3243,98,0.7,41,5860,100,3847,3844,38900.33,16.4,204.31,0.83,1.51,2.65,1.6,7.63,10.87,34825.14,0.08,2443.36,3998.77,32.6,3.14,0.91,NaN,0,0.44,0,NaN,0,NaN,0,0,NaN,0,0,17500,2500,2500,0,NaN,0,0,0,NaN,NaN,NaN,NaN,0,0,0,0,0,38510.97
09/27/2025,09,5GNR,Upstate New York,070,Buffalo,HNRT,0709001,HARLEM_WILLIAM,3243,99,7.36,236,3206,100,2166,2166,27447.44,11.97,149.63,1.27,2.08,3.28,3.69,6.41,4.85,23941.41,0,618.07,1444.93,23.3,1.39,4.6,NaN,0,0.15,0,NaN,0,0,4,0,0,4,0,9548.46,816.92,960.32,24843.17,101.38,0,0,0.07,NaN,867,NaN,2190.57,84.16,8.76,0,0,0,27374.55
09/27/2025,09,5GNR,Upstate New York,070,Buffalo,HNRT,0709001,HNRT,2292,131,15.85,230,1451,100,918,918,1664.36,20.33,10.34,7.95,4.82,2.87,3.54,8.29,10.76,909.85,0,31.51,385.56,7.01,1.66,0.82,NaN,0,0.3,0,NaN,0,0,19,0,0,19,0,3310.41,2076.04,1383.71,1012.71,32.34,0.01,0,0.14,NaN,10304.55,NaN,70.32,24.41,4.16,0,0,0,2120.63
09/27/2025,09,5GNR,Upstate New York,070,Buffalo,HNRT,0709001,HNRT,2292,132,12.09,138,1141,100,658,656,818.53,15.9,13.46,7.32,5.59,2.07,8.39,8.56,11.79,1082.8,0.3,9.45,113.15,2.33,2.17,0.54,NaN,0,0.99,0,NaN,0,0,1,0,0,1,0,3000,2000,1000,0,NaN,0,0,0,NaN,0,NaN,0,0,0,0,0,0,1617.37
09/27/2025,09,5GNR,Upstate New York,070,Buffalo,HNRT,0709001,HNRT,2292,133,3.88,43,1107,100,618,618,388.28,9.07,16.05,5.41,3.55,1.78,12.83,8.52,8.42,646.89,0,3.87,88.05,2.41,1.06,0.08,NaN,0,0.43,0,NaN,0,0,6,0,0,6,0,3585.58,2707.65,3258.79,2624.76,18.8,0,0,0.22,NaN,53796.6,NaN,322.14,22.23,1.86,0,0,0,755.3
09/27/2025,09,5GNR,Upstate New York,070,Buffalo,HNRT,0709001,HNRT,3292,131,1.48,20,1353,100,523,522,16414.07,4.44,401.02,2.65,1.76,0.28,0.66,8.08,16.26,9282.25,0.19,935.99,1937.19,12.85,10.31,0.48,100,0,0.68,0,NaN,0,0,9,0,0,9,0,8416.64,718.84,1647.14,3024.82,229.76,0,0,0.01,NaN,169.96,NaN,564.32,7.77,1.29,0,0,0,16052.25
09/27/2025,09,5GNR,Upstate New York,070,Buffalo,HNRT,0709001,HNRT,3292,132,1.13,16,1419,100,780,780,18039.49,7.48,322.24,1.34,0.93,0.21,0.32,7.7,12.08,13947.02,0,1450.62,3438.32,21.9,8.48,0,100,0,0,0,NaN,0,NaN,0,0,NaN,0,0,5000,1500,1500,0,NaN,0,0,0,NaN,NaN,NaN,NaN,0,0,0,0,0,17240.16
09/27/2025,09,5GNR,Upstate New York,070,Buffalo,HNRT,0709001,HNRT,3292,133,0.96,10,1046,100,332,332,2844.35,1.37,258.77,0.37,0.35,0.3,0.74,8.68,15.89,2272.27,0,134.35,201.27,1.51,2.22,0,100,0,0.39,0,NaN,0,NaN,0,0,NaN,0,0,8795.08,747.35,945.3,1196.84,208.9,0,0,0,NaN,75.09,NaN,27.5,2.93,0.39,0,0,0,2451.46
09/27/2025,09,5GNR,Upstate New York,070,Buffalo,HNRT,0709001,HOTEL_LAFAYETTE_DB,2328,91,6.27,19,303,100,244,244,598.67,7.13,6.21,2.37,1.82,0.42,1.12,8.21,15.76,81.48,0,10.63,100.34,1.28,5.73,0.16,100,0,0.15,0,NaN,0,NaN,0,0,NaN,0,0,3000,127333.33,63666.67,0,NaN,0,0,0,NaN,NaN,NaN,NaN,0,0,0,0,0,587.74
09/27/2025,09,5GNR,Upstate New York,070,Buffalo,HNRT,0709001,HOTEL_LAFAYETTE_DB,2328,92,1.17,18,1536,100,1320,1320,4805.28,31.67,19.44,6.92,5.32,2.62,2.44,8.46,14.49,2160.27,0,100.9,502.76,10.5,4.83,0.4,100,0,0.68,0,NaN,0,0,1,0,0,1,0,3875,3333.33,1666.67,0,NaN,0,0,0,NaN,0,NaN,0,0,0,0,0,0,4732.17
09/27/2025,09,5GNR,Upstate New York,070,Buffalo,HNRT,0709001,HOTEL_LAFAYETTE_DB,2328,93,0.78,9,1158,100,1049,1047,7187.02,43.4,17.61,8.09,5.99,2.85,0.68,7.86,16.56,3287.57,0.19,451.16,1198.46,12.03,15.89,0.09,100,0,0.18,0,NaN,0,0,11,0,0,11,0,3234.15,2324.19,1418.2,1144.63,18.45,0,0,0.01,NaN,2188.75,NaN,128.63,1.36,0.67,0,0,0,7077.78
09/27/2025,09,5GNR,Upstate New York,070,Buffalo,HNRT,0709001,HYDE_PARK_BLVD,3349,209,0.08,1,1224,100,770,770,17409.79,6.04,331.58,2.69,1.75,0.07,0.26,7.62,14.89,15262.86,0,497.54,3244.39,20.24,10.43,0,100,0,0.22,0,NaN,0,0,1,0,0,1,0,7705.88,850,941.18,266.67,NaN,0,0,0,NaN,0,NaN,0,0,0,0,0,0,17382.4
09/27/2025,09,5GNR,Upstate New York,070,Buffalo,HNRT,0709001,HYDE_PARK_BLVD,3349,210,0.96,17,1776,100,908,908,24724.14,8.02,302.05,2.79,1.87,0.1,0.36,7.6,14.19,24035.62,0,1445.51,1834.98,15.59,5.55,0,100,0,0,0,NaN,0,0,1,0,0,1,0,8903.23,5145.83,4129.03,1166.67,NaN,0,0,0,NaN,0,NaN,0,0.01,0.01,0,0,0,24577.93
09/27/2025,09,5GNR,Upstate New York,070,Buffalo,HNRT,0709001,HYDE_PARK_BLVD,3349,211,1.37,42,3068,100,2130,2124,109106.5,37.09,159.83,1.44,1.57,1.83,0.56,7.37,9.39,107835.9,0.28,5155.76,6814.24,65.05,2.13,0.89,100,0,0.28,0,NaN,0,0,2,0,0,2,0,7888.89,652.17,648.15,884.62,NaN,0,0,0,NaN,0,NaN,0,0,0,0,0,0,111394.04
09/27/2025,09,5GNR,Upstate New York,070,Buffalo,HNRT,0709001,I990 AND I290,2254,172,6.25,94,1504,100,623,623,2192.37,24.76,13.45,8.89,6.45,4.71,8.24,8.16,9.46,730.44,0,5.94,670.1,16.66,2.86,0.33,NaN,0.02,0.44,0,NaN,0,0,57,0,0,57,0,3267.06,1916.44,1092.9,2153,38.71,0.03,0,0.66,NaN,4814.51,NaN,199.08,125.15,104.96,0,0,0,4116.69
09/27/2025,09,5GNR,Upstate New York,070,Buffalo,HNRT,0709001,I990 AND I290,2254,173,8.36,135,1615,100,1120,1120,1645.34,28.06,9.94,14.25,12.86,11.4,11.34,8.04,10.31,809.92,0,31.43,739.69,14.86,2.92,2.06,NaN,0,0.95,0,NaN,0,0,5,0,0,5,0,3519.04,3525.19,3741.19,2391.55,29.52,0,0,0.07,NaN,60084.08,NaN,516.93,9.04,0.5,0,0,0,2246.63
09/27/2025,09,5GNR,Upstate New York,070,Buffalo,HNRT,0709001,I990 AND I290,3254,172,1.06,73,6866,100,3859,3851,38228.86,16.04,187.99,1.62,1.73,1.91,1.01,8.1,13.49,28002.86,0.21,1360.18,3829.26,28.1,2.3,0.45,NaN,0,0.4,0,NaN,0,0,18,0,0,18,0,8961.79,868.09,1807.85,2181.69,135.11,0,0,0.01,NaN,74.62,NaN,83.66,5.89,0.63,0,0,0,36193.38
09/27/2025,09,5GNR,Upstate New York,070,Buffalo,HNRT,0709001,I990 AND I290,3254,173,0.73,51,6961,100,4701,4696,39583.35,17.41,153.03,1.13,2.17,3.87,0.99,8.02,11.67,27081.27,0.11,2019.25,3778.31,50.75,1.41,0.46,NaN,0.03,0.52,0,NaN,0,0,24,0,0,24,0,9784.79,1128.64,1482.71,2655.21,257.99,0,0,0.01,NaN,436.83,NaN,342.25,24.03,2.87,0,0,0,38632.52
09/27/2025,09,5GNR,Upstate New York,070,Buffalo,HNRT,0709001,I990 AND I290,3254,174,0.76,59,7733,100,5914,5913,74558.19,29.71,146.48,1.3,2.66,4.85,1.15,7.57,7.51,71360.16,0.02,3611.72,4770.29,72.16,1,0.43,NaN,0,0.25,0,NaN,0,0,4,0,0,4,0,9105.56,1221.37,1183.33,6837.84,0,0,0,0,NaN,0,NaN,163.16,0.05,0.08,0,0,0,74645.04
09/27/2025,09,5GNR,Upstate New York,070,Buffalo,HNRT,0709001,JUNIPER_BLVD,2004,119,11.87,220,1853,100,998,998,2055.84,22.59,13,8.16,6.38,4.24,7.37,8.26,11.06,1163.76,0,15.45,366.98,7.27,2.73,0.28,NaN,0,0.25,0,NaN,0,0,3,0,0,3,0,3723.14,2459.46,1310.08,3880,7.17,0,0,0,NaN,259.84,NaN,16.13,0.04,0.02,0,0,0,3234.84
09/27/2025,09,5GNR,Upstate New York,070,Buffalo,HNRT,0709001,JUNIPER_BLVD,2004,120,0.57,2,349,100,191,191,402.1,4.6,18.65,1.03,0.79,0.15,8.1,8.72,12.53,294.86,0,1.12,39.41,0.68,2.93,0.18,NaN,0,0.13,0,NaN,0,0,1,0,0,1,0,3114.73,2023.26,1703.07,881.25,21.34,0,0,0,NaN,13907.53,NaN,60.98,0.27,0.03,0,0,0,491.61
09/27/2025,09,5GNR,Upstate New York,070,Buffalo,HNRT,0709001,JUNIPER_BLVD,2004,121,0.99,6,607,100,257,256,705.45,7.65,15.83,2.08,1.46,0.56,6.34,8.69,11.03,322.73,0.39,5.82,138.28,2.59,4.08,2.47,NaN,0,0.44,0,NaN,0,0,2,0,0,2,0,3741.46,2059.17,1832.34,1096.2,18.44,0,0,0.01,NaN,17477.88,NaN,97.99,0.57,0.14,0,0,0,864.45
09/27/2025,09,5GNR,Upstate New York,070,Buffalo,HNRT,0709001,JUNIPER_BLVD,3004,119,1.44,38,2637,100,1753,1753,68782.79,26.56,223.56,1.69,1.77,1.9,0.99,7.35,9.47,66370.22,0,2900.67,3814.79,65.4,1.14,0.83,NaN,0,0.52,0,NaN,0,0,1,0,0,1,0,9318.18,754.55,880.68,14837.5,NaN,0,0,0,NaN,2505.75,NaN,278.48,0.03,0.01,0,0,0,68786.13
09/27/2025,09,5GNR,Upstate New York,070,Buffalo,HNRT,0709001,JUNIPER_BLVD,3004,120,0.71,15,2116,100,1747,1746,47451.91,14.99,223.3,0.64,0.64,0.63,0.55,7.67,14.37,41489,0.06,3070.82,5951.48,30.6,6.59,0.16,NaN,0,0.18,0,NaN,0,0,2,0,0,2,0,10069.15,800,803.19,1687.86,NaN,0,0,0,NaN,994.32,NaN,70.18,0.07,0.04,0,0,0,47445.61
09/27/2025,09,5GNR,Upstate New York,070,Buffalo,HNRT,0709001,JUNIPER_BLVD,3004,121,12.17,667,5482,100,2637,2637,83575.83,69.63,70.05,8.28,13.35,27.88,11.77,4.77,5.32,78451.22,0,2399.08,3242.17,57.7,1.04,4.92,NaN,0,3.95,0,NaN,0,0,1,0,0,1,0,7865.3,753.4,781.43,1945.13,134.35,0,0,0,NaN,0,NaN,93.97,0.46,0.19,0,0,0,85638.75
09/27/2025,09,5GNR,Upstate New York,070,Buffalo,HNRT,0709001,KENSINGTON,3260,116,1.69,146,8638,100,7397,7392,88151.69,42.26,101.89,0.79,2.47,5.42,4.52,7.17,10.1,81537.76,0.07,2519.53,5531.02,49.84,1.71,2.85,100,0,0.25,0,NaN,0,0,2,0,0,2,0,8526.13,3654.49,2944.71,3418.34,NaN,0,0,0,NaN,0,NaN,118.72,0.15,0.15,0,0,0,88455.03
09/27/2025,09,5GNR,Upstate New York,070,Buffalo,HNRT,0709001,KENSINGTON,3260,117,1.21,72,5945,100,4805,4802,68241.24,28.54,154.4,0.24,1.13,2.67,7.48,7.42,10.3,67529.63,0.06,3864.18,5279.31,49.78,1.3,2.19,100,0,0.52,0,NaN,0,0,1,0,0,1,0,11389.83,1050.34,980.49,1791.67,16.38,0,0,0,NaN,0,NaN,0,0.06,0.07,0,0,0,68276.89
09/27/2025,09,5GNR,Upstate New York,070,Buffalo,HNRT,0709001,KENSINGTON,3260,118,1.39,33,2374,100,2155,2155,61605.51,22.12,159.37,1.12,1.78,2.93,1.02,7.42,6.7,57319.56,0,2104.67,3067.79,48.68,1.33,0,100,0,0,0,NaN,0,0,2,0,0,2,0,6812.5,625,625,0,NaN,0,0,0,NaN,0,NaN,0,0,0,0,0,0,63065.48
09/27/2025,09,5GNR,Upstate New York,070,Buffalo,HNRT,0709001,LACKAWANNA,2310,52,5.41,4,74,100,55,55,46.21,1.16,32.01,1.06,0.94,0.28,19.06,8.43,8.45,82.45,0,0.18,4.52,0.19,0.53,9.68,NaN,0,0,NaN,NaN,NaN,NaN,0,0,NaN,0,0,NaN,NaN,NaN,NaN,NaN,0,NaN,0,NaN,NaN,NaN,NaN,0,0,0,0,0,135.73
09/27/2025,09,5GNR,Upstate New York,070,Buffalo,HNRT,0709001,LACKAWANNA,2310,53,9.09,2,22,100,8,8,6.66,0.19,14.41,0.15,0.14,0.02,28,9.8,13.27,1.18,0,0,2.66,0.05,2.09,0,NaN,0,0,NaN,NaN,NaN,NaN,0,0,NaN,0,0,NaN,4000,2000,0,NaN,0,0,0,NaN,NaN,NaN,NaN,0,0,0,0,0,13.64
09/27/2025,09,5GNR,Upstate New York,070,Buffalo,HNRT,0709001,LACKAWANNA,2310,54,0.81,1,124,100,84,84,110.35,1.81,4.07,1.32,1.16,0.12,11.86,8.83,13.13,46.66,0,0.09,8.98,0.18,1.65,1.57,NaN,0,0,0,NaN,0,NaN,0,0,NaN,0,0,4513.97,NaN,1678.77,NaN,NaN,0,NaN,0.01,NaN,NaN,NaN,NaN,0,0,0,0,0,60.19
09/27/2025,09,5GNR,Upstate New York,070,Buffalo,HNRT,0709001,LACKAWANNA,3310,52,1.29,23,1778,100,1458,1453,4975.13,2.08,270.43,0.84,0.8,0.72,1.57,7.71,11.04,4450.07,0.34,250.01,444.04,6.66,2.13,1.55,NaN,0,0.29,0,NaN,0,0,1,0,0,1,0,6500,28100,28100,0,NaN,0,0,0,NaN,0,NaN,0,0,0,0,0,0,4832.86
09/27/2025,09,5GNR,Upstate New York,070,Buffalo,HNRT,0709001,LACKAWANNA,3310,53,1.45,13,896,100,506,503,9251.14,5.13,234.53,0.45,0.47,0.52,2.45,7.34,8.41,8910.06,0.59,98.72,141.78,2.78,0.55,0.62,NaN,0,0.28,0,NaN,0,NaN,0,0,NaN,0,0,9242.48,934.54,2782.79,8729.69,72.09,0,0,0,NaN,341.61,NaN,216,0.69,0.36,0,0,0,9206.12
09/27/2025,09,5GNR,Upstate New York,070,Buffalo,HNRT,0709001,LACKAWANNA,3310,54,3.42,139,4068,100,2987,2983,48835.43,18.39,191.05,1.36,3.81,7.5,2.74,6.85,5.08,44157.97,0.13,2584.23,3239.67,55.11,1.5,3.18,NaN,0,0.52,0,NaN,0,0,2,0,0,2,0,8111.69,748.39,1679.47,5929.06,332.24,0,0,0.02,NaN,3962.26,NaN,575.62,35.69,4.65,0,0,0,48938.52
09/27/2025,09,5GNR,Upstate New York,070,Buffalo,HNRT,0709001,LANCASTER_WT,2303,106,1.17,9,772,100,359,359,2101.41,20.54,27.65,4.72,3.53,1.66,1.15,8.64,11.62,1809.15,0,44.05,254.39,4.01,3.35,0,NaN,0,0,0,NaN,0,0,3,0,0,3,0,3025.97,3105.26,1388.89,1041.67,1.17,0,0,0,NaN,230.77,NaN,69.44,0.02,0.01,0,0,0,4410.74
09/27/2025,09,5GNR,Upstate New York,070,Buffalo,HNRT,0709001,LANCASTER_WT,2303,107,0.24,6,2452,100,1351,1349,3147.22,34.36,12.88,11.25,8.8,4.73,2.21,8.55,14.06,2581.71,0.15,423.62,808.24,9.64,11.24,0,NaN,0,0.23,0,NaN,0,0,2,0,0,2,0,3410.11,2454.55,1464.52,1239.44,11.68,0,0,0,NaN,2666.67,NaN,70.82,0.27,0.13,0,0,0,4000.02
09/27/2025,09,5GNR,Upstate New York,070,Buffalo,HNRT,0709001,LANCASTER_WT,2303,108,1.18,15,1274,100,390,389,3271.83,36.94,12.82,10.21,7.85,4.05,1.92,8.24,11.96,1022.05,0.26,7.69,494.98,7.79,4.97,0.07,NaN,0,0.06,0,NaN,0,NaN,0,0,NaN,0,0,3647.06,2242.42,1141.51,2727.27,8.19,0,0,0,NaN,0,NaN,0,0.02,0.02,0,0,0,6344.69
09/27/2025,09,5GNR,Upstate New York,070,Buffalo,HNRT,0709001,LANCASTER_WT,3303,106,0.14,3,2090,100,1197,1197,39093.1,13.63,238.48,1.14,0.81,0.31,1.98,7.62,10.92,35181.39,0,2603.16,3489.32,45.11,2.24,0.13,NaN,0,0.08,0,NaN,0,NaN,0,0,NaN,0,0,NaN,NaN,NaN,NaN,NaN,0,NaN,0,NaN,NaN,NaN,NaN,0,0,0,0,0,36761.26
09/27/2025,09,5GNR,Upstate New York,070,Buffalo,HNRT,0709001,LANCASTER_WT,3303,107,0.31,11,3576,100,2244,2244,56874.5,21.82,175.78,1.66,1.39,0.85,0.56,7.75,13.47,49107.9,0,3726.2,5048.14,38.76,4.2,0.06,NaN,0,0.18,0,NaN,0,0,5,0,0,5,0,10614.93,776.95,733.79,1229.41,12.29,0,0,0,NaN,0,NaN,29.47,0.2,0.15,0,0,0,55757.53
09/27/2025,09,5GNR,Upstate New York,070,Buffalo,HNRT,0709001,LANCASTER_WT,3303,108,0.97,30,3093,100,1732,1732,49856.56,20.99,176.55,1.05,1.54,2.38,0.59,7.69,7.39,40098.53,0,2272.43,3610.63,51.63,1.54,0.17,NaN,0,0.38,0,NaN,0,0,2,0,0,2,0,8162.6,3823.53,3268.29,2575.54,0,0,0,0,NaN,0,NaN,434.78,0.02,0.02,0,0,0,46969.12
09/27/2025,09,5GNR,Upstate New York,070,Buffalo,HNRT,0709001,LANGFORD,3050,7,0,0,404,100,283,283,9171.88,4.31,166.41,0.51,0.44,0.22,1.11,7.91,13.66,6237.47,0,225.86,314.95,2.27,7.47,0.56,NaN,0,0,NaN,NaN,NaN,NaN,0,0,NaN,0,0,NaN,NaN,NaN,NaN,NaN,0,NaN,0,NaN,NaN,NaN,NaN,0,0,0,0,0,9120.56
09/27/2025,09,5GNR,Upstate New York,070,Buffalo,HNRT,0709001,LANGFORD,3050,8,0.83,5,606,100,458,458,9305.56,5.6,133.43,0.8,0.62,0.14,0.33,7.39,11.88,8894.12,0,160.94,239.42,1.53,1.92,0,NaN,0,1.25,0,NaN,0,NaN,0,0,NaN,0,0,NaN,NaN,NaN,NaN,NaN,0,NaN,0,NaN,NaN,NaN,NaN,0,0,0,0,0,9238.21
09/27/2025,09,5GNR,Upstate New York,070,Buffalo,HNRT,0709001,LANGFORD,3050,9,1.12,5,447,100,337,337,2637.54,1.18,266.74,0.35,0.29,0.13,0.27,7.6,9.34,2516.57,0,110.37,154.14,2.37,2.3,0,NaN,0,0,0,NaN,0,NaN,0,0,NaN,0,0,NaN,NaN,NaN,NaN,NaN,0,NaN,0,NaN,NaN,NaN,NaN,0,0,0,0,0,2610.64
09/27/2025,09,5GNR,Upstate New York,070,Buffalo,HNRT,0709001,LOVELAND_RD-HNRT,3542,206,1,36,3583,100,2712,2711,30043.09,14.38,169.14,1.91,1.61,1.15,0.98,7.55,10.03,29594.39,0.04,1087.85,1393.92,12.4,1.42,0.8,NaN,0,0,0,NaN,0,0,1,0,0,1,0,6833.33,1000,1000,0,NaN,0,0,0,NaN,0,NaN,0,0,0,0,0,0,29986.59
09/27/2025,09,5GNR,Upstate New York,070,Buffalo,HNRT,0709001,LOVELAND_RD-HNRT,3542,207,1.72,13,758,100,642,642,17508,5.74,255.09,1.68,1.19,0.12,0.39,7.43,14.31,16374.07,0,1408.76,1856.89,8.58,4.66,0,NaN,0,0,0,NaN,0,NaN,0,0,NaN,0,0,NaN,NaN,NaN,NaN,NaN,0,NaN,0,NaN,NaN,NaN,NaN,0,0,0,0,0,17334.04
09/27/2025,09,5GNR,Upstate New York,070,Buffalo,HNRT,0709001,LOVELAND_RD-HNRT,3542,208,2.07,36,1743,100,1264,1264,16064.87,6.08,281.96,2.17,1.34,0.3,0.74,7.49,5.91,15490.32,0,997.36,1373.82,22.64,1.54,0.31,NaN,0,0.31,0,NaN,0,NaN,0,0,NaN,0,0,7500,1250,1250,0,NaN,0,0,0,NaN,NaN,NaN,NaN,0,0,0,0,0,17382.68
09/27/2025,09,5GNR,Upstate New York,070,Buffalo,HNRT,0709001,MARILLA,2278,70,3.86,20,518,100,417,417,387.5,8.75,11.45,2.16,1.67,0.55,0.55,8.41,9.75,491.34,0,38.06,64.93,1.78,1.99,1.28,NaN,0,0.37,0,NaN,0,NaN,0,0,NaN,0,0,NaN,NaN,NaN,NaN,NaN,0,NaN,0,NaN,NaN,NaN,NaN,0,0,0,0,0,560.4
09/27/2025,09,5GNR,Upstate New York,070,Buffalo,HNRT,0709001,MARILLA,2278,71,2.46,17,692,100,412,411,1277.48,8.86,29.5,0.62,0.64,0.67,0.72,8.4,12.43,1207.31,0.24,113.75,232.87,3.3,3.35,1.07,NaN,0,0.8,0,NaN,12.5,NaN,0,0,NaN,0,0,NaN,NaN,NaN,NaN,NaN,0,NaN,0,NaN,NaN,NaN,NaN,0,0,0,0,0,1413.28
09/27/2025,09,5GNR,Upstate New York,070,Buffalo,HNRT,0709001,MARILLA,2278,72,0.71,8,1121,100,861,861,1845.92,20.01,20.5,1.72,1.52,1.21,8.41,8.32,11.2,2477.53,0,155.16,293.78,5.01,3.85,4.44,NaN,0,0.28,0,NaN,0,NaN,0,0,NaN,0,0,3000,6000,3000,0,NaN,0,0,0,NaN,NaN,NaN,NaN,0,0,0,0,0,2820.44
09/27/2025,09,5GNR,Upstate New York,070,Buffalo,HNRT,0709001,MARILLA,3278,70,5.82,41,705,100,533,533,4007.76,2.7,273.63,0.23,0.27,0.39,4.61,6.27,10.17,3727.96,0,42.49,71.23,1.09,0.54,3.45,NaN,0,0,0,NaN,0,NaN,0,0,NaN,0,0,5000,58500,58500,0,NaN,0,0,0,NaN,NaN,NaN,NaN,0,0,0,0,0,3876.9
09/27/2025,09,5GNR,Upstate New York,070,Buffalo,HNRT,0709001,MARILLA,3278,71,1.83,19,1038,100,775,772,7241.58,2.75,185.16,1.71,1.15,0.11,0.35,7.78,14.59,6801.47,0.39,811.85,1085.94,4.47,5,0.59,NaN,0,0.36,0,NaN,0,NaN,0,0,NaN,0,0,NaN,NaN,NaN,NaN,NaN,0,NaN,0,NaN,NaN,NaN,NaN,0,0,0,0,0,7346.21
09/27/2025,09,5GNR,Upstate New York,070,Buffalo,HNRT,0709001,MARILLA,3278,72,13.38,116,867,100,426,426,5147.3,2.15,245.76,0.72,0.58,0.32,2.78,7.25,7.79,3578.6,0,203.9,282,4.78,1.66,2.82,NaN,0,0.29,0,NaN,0,0,4,0,0,4,0,7402.64,635.27,605.61,1535.41,0,0,0,0,NaN,0,NaN,11.08,0.12,0.19,0,0,0,4107.5
09/27/2025,09,5GNR,Upstate New York,070,Buffalo,HNRT,0709001,MARYNER_TOWERS,2269,100,10.42,5,48,100,30,30,17.87,0.53,16.31,0.46,0.44,0.01,14.02,8.13,9.43,23.29,0,0.09,2.76,0.07,0.93,0,NaN,0,0,0,NaN,0,NaN,0,0,NaN,0,0,NaN,NaN,NaN,NaN,NaN,0,NaN,0,NaN,NaN,NaN,NaN,0,0,0,0,0,23.94
09/27/2025,09,5GNR,Upstate New York,070,Buffalo,HNRT,0709001,MARYNER_TOWERS,2269,101,3.28,20,609,100,391,389,674.56,13.47,29.47,6.76,5.25,2.22,1.76,7.99,10.05,623.28,0.51,6.69,91.6,2.03,2.38,0.27,NaN,0,0.27,0,NaN,0,0,5,0,0,5,0,3510.83,2577.62,2809.15,1542.48,7.1,0,0,0.02,NaN,20319.43,NaN,2471.78,1.2,0.31,0,0,0,1468.6
09/27/2025,09,5GNR,Upstate New York,070,Buffalo,HNRT,0709001,MARYNER_TOWERS,2269,102,6.69,16,239,100,162,162,867.29,7.19,19.31,2.15,1.88,0.5,10.22,7.78,9.35,347.02,0,3,25.28,0.55,2.99,1.54,NaN,0,0.5,0,NaN,0,NaN,0,0,NaN,0,0,NaN,NaN,NaN,NaN,NaN,0,NaN,0,NaN,NaN,NaN,NaN,0,0,0,0,0,430.24
09/27/2025,09,5GNR,Upstate New York,070,Buffalo,HNRT,0709001,MARYNER_TOWERS,3269,100,1.92,82,4281,100,3207,3188,64098.72,25.5,181.69,1.5,2.14,3.28,0.82,7.26,12.68,62424.03,0.59,2028.57,4647.07,32.09,2.86,0.87,100,0,0.3,0,NaN,0,0,5,0,0,5,0,8570,658.85,654,2279.84,0,0,0,0,NaN,0,NaN,0,0.04,0.04,0,0,0,63910.55
09/27/2025,09,5GNR,Upstate New York,070,Buffalo,HNRT,0709001,MARYNER_TOWERS,3269,101,1.7,144,8481,100,6349,6347,60275.18,33.03,110.42,0.58,1.95,4.29,0.7,7.2,7.93,53036.24,0.03,1620.19,3251.26,51.43,1.11,1.15,100,0,0.18,0,NaN,0,0,7,0,0,7,0,9957.79,798.04,1817.62,14355.72,70,0,0,0,NaN,5470.67,NaN,243.59,0.66,0.52,0,0,0,60034.18
09/27/2025,09,5GNR,Upstate New York,070,Buffalo,HNRT,0709001,MARYNER_TOWERS,3269,102,2.84,142,4997,100,2941,2938,80637.12,34.65,131.89,1.5,3.28,6.96,0.69,7.21,9.99,60765.87,0.1,3097,5275.69,61.21,2.31,0.75,100,0,0.34,0,NaN,0,0,12,0,0,12,0,8388.61,790.72,879,4716.58,211.3,0,0,0,NaN,69.92,NaN,172.56,7.47,3.96,0,0,0,81555.62
09/27/2025,09,5GNR,Upstate New York,070,Buffalo,HNRT,0709001,MILITARY_ROAD,2166,212,0.32,3,943,100,735,734,1578.63,18.21,14.1,7.63,6.99,5.67,1.48,8.39,12.14,1113.87,0.14,13.89,138.7,2.34,2.26,0,NaN,0,0.16,0,NaN,0,NaN,0,0,NaN,0,0,NaN,NaN,NaN,NaN,NaN,0,NaN,0,NaN,NaN,NaN,NaN,0,0,0,0,0,1762.33
09/27/2025,09,5GNR,Upstate New York,070,Buffalo,HNRT,0709001,MILITARY_ROAD,2166,213,1.64,35,2132,100,1617,1616,794.18,12,10.49,6.83,7.02,7.57,0.95,9.09,12.89,602.58,0.06,5.64,45.52,0.82,1.03,0.95,NaN,0,0.41,0,NaN,0,0,3,0,0,3,0,3000,17916.67,12269.23,0,NaN,0,0,0,NaN,0,NaN,0,0,0,0,0,0,897.5
09/27/2025,09,5GNR,Upstate New York,070,Buffalo,HNRT,0709001,MILITARY_ROAD,2166,214,1.32,64,4862,100,3865,3854,7137.14,57.78,9.09,22.02,21.65,21.23,2.48,8.18,11.71,4659.21,0.28,23.87,657.59,12.97,2.27,0.44,100,0,0.23,0,NaN,0,0,41,0,0,41,0,3477.47,3263.3,3965.04,1568.35,10.61,0.01,0,0.15,NaN,47435.22,NaN,264.57,9.02,3.37,0,0,0,7449.38
09/27/2025,09,5GNR,Upstate New York,070,Buffalo,HNRT,0709001,MILITARY_ROAD-HNRT,3166,212,0.43,5,1170,100,787,786,26784.21,7.37,480.9,1.68,1.25,0.54,0.44,7.81,16.17,25970.44,0.13,1320.8,3129.02,13.15,9.39,0.42,NaN,0,0.28,0,NaN,0,NaN,0,0,NaN,0,0,11875,31500,31500,0,NaN,0,0,0,NaN,NaN,NaN,NaN,0,0,0,0,0,27941.27
09/27/2025,09,5GNR,Upstate New York,070,Buffalo,HNRT,0709001,MILITARY_ROAD-HNRT,3166,213,1.61,41,2544,100,1100,1098,42176.49,10.37,322.18,1.81,1.44,0.8,0.91,7.54,11.99,36659.37,0.18,855.36,1264.18,13.13,2.03,0.17,NaN,0,0.19,0,NaN,0,NaN,0,0,NaN,0,0,22000,75250,75250,0,NaN,0,0,0,NaN,NaN,NaN,NaN,0,0,0,0,0,41661.62
09/27/2025,09,5GNR,Upstate New York,070,Buffalo,HNRT,0709001,MILITARY_ROAD-HNRT,3166,214,1.03,27,2634,100,1124,1123,25155.55,8.62,276.4,1.52,1.4,1.19,0.83,7.65,10.93,24318.49,0.09,868.18,1107.88,11.38,2.65,0.61,100,0.18,0.37,0,NaN,0,0,1,0,0,1,0,19437.5,666.67,2437.5,NaN,NaN,0,0,0,NaN,0,NaN,NaN,0,0,0,0,0,24603.31
09/27/2025,09,5GNR,Upstate New York,070,Buffalo,HNRT,0709001,MINERAL_SPRINGS,2261,73,1.72,17,987,100,606,606,1560.36,18.27,12.76,7.03,5.18,2.01,10.12,8.21,10.29,938.56,0,7.17,230.9,4.63,3.42,0.57,NaN,0,0.44,0,NaN,0,0,3,0,0,3,0,3656.84,2765.55,1824.91,1443.09,13.82,0,0,0.01,NaN,4755.22,NaN,52.63,0.39,0.15,0,0,0,2105.27
09/27/2025,09,5GNR,Upstate New York,070,Buffalo,HNRT,0709001,MINERAL_SPRINGS,2261,74,9.91,54,545,100,344,342,553.37,12.43,6.91,7.7,5.77,1.55,17.79,8.28,10.73,343.32,0.58,46.67,164.67,2.92,5.22,0.58,100,0,1.14,0,NaN,0,NaN,0,0,NaN,0,0,NaN,NaN,NaN,NaN,NaN,0,NaN,0,NaN,NaN,NaN,NaN,0,0,0,0,0,783.93
09/27/2025,09,5GNR,Upstate New York,070,Buffalo,HNRT,0709001,MINERAL_SPRINGS,2261,75,0.64,2,312,100,207,207,3075.76,29.72,19,2.56,2.15,0.51,8.1,8.22,13.67,3233.35,0,1.62,79.53,1.2,3.88,2.68,NaN,0,0.08,0,NaN,0,0,4,0,0,4,0,3000,11230.77,7833.33,0,NaN,0,0,0,NaN,1153.85,NaN,0,0,0,0,0,0,3547.14
09/27/2025,09,5GNR,Upstate New York,070,Buffalo,HNRT,0709001,MINERAL_SPRINGS_HD,3261,73,1.1,91,8243,100,5985,5982,105832.55,54.98,100.22,0.7,2.62,6.52,1.69,7.4,8.87,90789.68,0.05,3684.01,5268.27,72.78,1.06,2.59,NaN,0,1.08,0,NaN,0,0,10,0,0,10,0,8358.01,864.77,890.86,8843.08,80.74,0,0,0,NaN,99.26,NaN,642.96,4,0.66,0,0,0,105106.12
09/27/2025,09,5GNR,Upstate New York,070,Buffalo,HNRT,0709001,MINERAL_SPRINGS_HD,3261,74,2.69,100,3721,100,2903,2901,41038.13,18.76,164.63,1.47,1.68,2.1,2.5,7.18,7.6,35220.58,0.07,1209.74,1959.76,31.11,1.88,0.71,NaN,0,0.73,0,NaN,0,0,3,0,0,3,0,9343.17,1086.59,1399.71,2944.36,40.96,0,0,0,NaN,0,NaN,453.85,2.89,1.09,0,0,0,41831.54
09/27/2025,09,5GNR,Upstate New York,070,Buffalo,HNRT,0709001,MINERAL_SPRINGS_HD,3261,75,14.85,922,6208,100,4539,4537,77015.72,35.67,116.65,3.48,8.46,17.78,9.25,5.52,5.98,73763.34,0.04,2991.14,3934,53.78,1.36,4.34,100,0,4.95,0,NaN,0,0,5,0,0,5,0,7770.2,1375,1166.02,3372.8,81.92,0,0,0,NaN,0,NaN,147.54,0.01,0.01,0,0,0,77350.64
09/27/2025,09,5GNR,Upstate New York,070,Buffalo,HNRT,0709001,MODEL_CITY_DB,2298,221,0.16,1,610,100,172,172,804.51,5.5,26.96,0.65,0.44,0.21,2.73,8.46,11.62,658.35,0,4.88,92.45,1.57,2.17,0.29,NaN,0,0.23,0,NaN,0,0,2,0,0,2,0,3003.27,2000,1000,344.59,0,0,0,0,NaN,40.72,NaN,0,0.03,0.02,0,0,0,1051.59
09/27/2025,09,5GNR,Upstate New York,070,Buffalo,HNRT,0709001,MODEL_CITY_DB,2298,222,0,0,736,100,136,136,283.01,3.25,19.35,0.97,0.79,0.18,1.68,9,11.31,251.72,0,2.51,20.29,0.46,1.89,0,NaN,0,0.26,0,NaN,0,NaN,0,0,NaN,0,0,NaN,4000,2000,0,NaN,0,0,0,NaN,NaN,NaN,NaN,0,0,0,0,0,361.34
09/27/2025,09,5GNR,Upstate New York,070,Buffalo,HNRT,0709001,MODEL_CITY_DB,2298,223,1.36,13,955,100,484,484,997.7,15.36,26.2,4.28,3.48,0.56,1.05,8.28,9.98,2543.43,0,1.42,26.04,0.64,1.08,0,NaN,0,0.94,0,NaN,0,NaN,0,0,NaN,0,0,NaN,NaN,NaN,NaN,NaN,0,NaN,0,NaN,NaN,NaN,NaN,0,0,0,0,0,2594.17
09/27/2025,09,5GNR,Upstate New York,070,Buffalo,HNRT,0709001,MODEL_CITY_DB,3298,221,0.4,5,1252,100,715,715,5350.86,2.28,221.45,0.95,0.68,0.11,0.22,8.28,13.83,4226.32,0,256.46,393.4,2.36,2.3,1.43,NaN,0,0.65,0,NaN,0,NaN,0,0,NaN,0,0,NaN,NaN,NaN,NaN,NaN,0,NaN,0,NaN,NaN,NaN,NaN,0,0,0,0,0,5058.89
09/27/2025,09,5GNR,Upstate New York,070,Buffalo,HNRT,0709001,MODEL_CITY_DB,3298,222,0.54,7,1301,100,636,636,10323.45,4.96,235.08,0.5,0.34,0.07,0.28,8.1,13.87,9768.33,0,408.86,627.49,5.06,1.93,0,NaN,0,0.21,0,NaN,0,0,10,0,0,10,0,8190.74,640.91,687.21,1288.16,155.06,0,0,0,NaN,121.46,NaN,92.17,4.97,1.32,0,0,0,10376.59
09/27/2025,09,5GNR,Upstate New York,070,Buffalo,HNRT,0709001,MODEL_CITY_DB,3298,223,3.59,64,1785,100,1132,1131,28566.23,18.13,166.75,0.95,1.06,1.32,0.39,7.39,6.84,28335.8,0.09,408.21,508.59,8.57,0.92,6.48,NaN,0,1.37,0,NaN,0,NaN,0,0,NaN,0,0,NaN,NaN,NaN,NaN,NaN,0,NaN,0,NaN,NaN,NaN,NaN,0,0,0,0,0,28374.69
09/27/2025,09,5GNR,Upstate New York,070,Buffalo,HNRT,0709001,MONS_GEARY_HD,2262,94,1.88,7,372,100,286,285,1300.08,13.36,20.39,2.47,1.87,0.64,5.36,8.67,11.56,824.92,0.35,15.45,136.7,2.18,4.42,0,NaN,0,0,0,NaN,0,0,1,0,0,1,0,4003.4,3592.31,4250,6262.44,4.7,0,0,0.01,NaN,553.26,NaN,36.53,0.19,0.09,0,0,0,1944.18
09/27/2025,09,5GNR,Upstate New York,070,Buffalo,HNRT,0709001,MONS_GEARY_HD,2262,95,2.88,23,798,100,525,521,2063.83,20.75,15.66,7.11,5.46,2.86,3.84,8.06,11.1,779.68,0.76,36.07,245.45,4.27,3.22,0.37,NaN,0,0.57,0,NaN,0,0,3,0,0,3,0,3262.28,2532.97,1551.18,1552.51,9.76,0,0,0.01,NaN,0,NaN,0,0.02,0.02,0,0,0,2374.22
09/27/2025,09,5GNR,Upstate New York,070,Buffalo,HNRT,0709001,MONS_GEARY_HD,2262,96,1.05,6,573,100,543,542,820.31,9.63,12.35,3.41,2.72,0.98,8.84,8.83,10.42,623.82,0.18,14.45,61.86,1.13,2.1,0.42,NaN,0,0.16,0,NaN,0,NaN,0,0,NaN,0,0,NaN,NaN,NaN,NaN,NaN,0,NaN,0,NaN,NaN,NaN,NaN,0,0,0,0,0,835.88
09/27/2025,09,5GNR,Upstate New York,070,Buffalo,HNRT,0709001,MONS_GEARY_HD,3262,94,0.45,5,1122,100,930,930,22524.41,9.23,252.24,1.52,1.09,0.18,0.57,7.46,15.4,14899.37,0,675.67,1328.3,10.63,3.17,0,100,0,0.32,0,NaN,0,0,1,0,0,1,0,6985.29,577.59,561.76,1369.86,NaN,0,0,0,NaN,0,NaN,0,0.16,0.02,0,0,0,22597.79
09/27/2025,09,5GNR,Upstate New York,070,Buffalo,HNRT,0709001,MONS_GEARY_HD,3262,95,0.77,14,1828,100,1411,1411,37527.08,13.69,269.4,0.74,0.63,0.41,0.41,7.55,12.37,30491.61,0,1535.6,3032.73,24.35,4.49,0.3,100,0,0,0,NaN,0,0,4,0,0,4,0,8194.04,672.53,917.12,1399.7,192.77,0,0,0.01,NaN,790.47,NaN,170.95,21.09,2.45,0,0,0,37939.19
09/27/2025,09,5GNR,Upstate New York,070,Buffalo,HNRT,0709001,MONS_GEARY_HD,3262,96,7.11,54,760,100,645,643,9738.26,4.26,167.51,0.59,0.56,0.5,1.55,7.17,5.53,9638.01,0.31,153.06,236.87,4.62,0.71,0.54,100,0,0,0,NaN,0,NaN,0,0,NaN,0,0,5000,2000,2000,0,NaN,0,0,0,NaN,NaN,NaN,NaN,0,0,0,0,0,9901.2
09/27/2025,09,5GNR,Upstate New York,070,Buffalo,HNRT,0709001,NIAGARA,2302,203,4.71,117,2483,100,1610,1607,2732.99,39.73,9.69,15.79,12.52,6.48,5.22,8.32,11.71,2597.84,0.19,12.43,278.89,5.85,3.18,0.35,100,0,0.81,0,NaN,0,0,1,0,0,1,0,3666.67,20222.22,10111.11,1000,NaN,0,0,0,NaN,0,NaN,0,0,0,0,0,0,4891.49
09/27/2025,09,5GNR,Upstate New York,070,Buffalo,HNRT,0709001,NIAGARA,2302,204,1.26,63,4990,100,3627,3624,6429.03,68.68,3.87,35.52,28.3,17.63,2.27,8.13,11.18,4815.19,0.08,51.15,634.45,13.11,3.03,0.26,100,0,0.15,0,NaN,0,0,13,0,0,13,0,3384.05,2741.48,1981.07,2610.9,14.34,0,0,0.02,NaN,8214.65,NaN,124.12,2.83,0.77,0,0,0,7680.54
09/27/2025,09,5GNR,Upstate New York,070,Buffalo,HNRT,0709001,NIAGARA,2302,205,6.78,66,974,100,590,589,786.7,17.31,7.76,9.35,6.82,3.78,11.02,8.42,9.13,442.27,0.17,4.04,205.6,6.71,3.36,0.89,100,0,1.15,0,NaN,0,0,5,0,0,5,0,3598.32,2468.21,3275.83,923.88,6.57,0,0,0.01,NaN,8296.11,NaN,29.33,0.49,0.06,0,0,0,1204.38
09/27/2025,09,5GNR,Upstate New York,070,Buffalo,HNRT,0709001,NIAGARA,3302,203,0.61,18,2969,100,1561,1558,39208.77,13.14,270.33,1.62,1.13,0.34,0.48,7.72,14.79,37087.61,0.19,2829.96,3920.36,22.91,5.85,0.42,100,0,0.55,0,NaN,0,0,1,0,0,1,0,8429.78,697.56,695.69,1274.31,102.67,0,0,0,NaN,0,NaN,0,0.46,0.1,0,0,0,38479.97
09/27/2025,09,5GNR,Upstate New York,070,Buffalo,HNRT,0709001,NIAGARA,3302,204,0.77,12,1549,100,931,928,9347.38,4.83,194.22,1.22,0.89,0.2,0.64,7.82,15.18,8132.24,0.32,607.41,836.18,6.59,5.3,0.6,100,0,0.71,0,NaN,0,NaN,0,0,NaN,0,0,9898.96,2000,1740.51,0,NaN,0,0,0,NaN,NaN,NaN,NaN,0,0,0,0,0,8413.34
09/27/2025,09,5GNR,Upstate New York,070,Buffalo,HNRT,0709001,NIAGARA,3302,205,1.41,47,3335,100,2248,2229,21191.9,8.64,188.52,1.14,0.89,0.49,0.5,7.77,11.79,20308.02,0.85,1253.07,1745.63,18.36,2.65,0.29,100,0.25,0.12,0,NaN,0,0,2,0,0,2,0,7890.35,652.17,1750,1100,NaN,0,0,0,NaN,0,NaN,0,0.02,0.02,0,0,0,21285.3
09/27/2025,09,5GNR,Upstate New York,070,Buffalo,HNRT,0709001,NORTH_FOREST,3065,178,1.07,15,1403,100,846,846,15987.66,8.38,262.98,1.31,0.96,0.1,0.62,7.76,11.14,16297.99,0,306.54,459.34,3.39,2.74,0.39,NaN,0,0.39,0,NaN,0,NaN,0,0,NaN,0,0,NaN,NaN,NaN,NaN,NaN,0,NaN,0,NaN,NaN,NaN,NaN,0,0,0,0,0,16446.92
09/27/2025,09,5GNR,Upstate New York,070,Buffalo,HNRT,0709001,NORTH_FOREST,3065,179,1.41,69,4909,100,3456,3456,12549.44,7.35,188.26,0.94,1.07,1.26,1.48,8.2,9.34,11073.42,0,530.25,852.54,14.21,0.94,0.54,NaN,0,0.44,0,NaN,0,0,4,0,0,4,0,8457.33,755.24,796.77,4845.93,94.18,0,0,0.01,NaN,30.62,NaN,1404.58,19.48,8.6,0,0,0,12445.17
09/27/2025,09,5GNR,Upstate New York,070,Buffalo,HNRT,0709001,NORTH_FOREST,3065,180,0.86,18,2095,100,1209,1209,4414.51,3.05,197.78,0.42,0.44,0.48,3.36,7.86,9.27,3836.26,0,783.41,996.47,15.82,3.63,2.87,NaN,0,1.31,0,NaN,0,0,3,0,0,3,0,8741.39,1324.96,1750.45,1927.77,296.57,0,0,0.01,NaN,45.87,NaN,1067.26,14.16,0.36,0,0,0,4419.56
09/27/2025,09,5GNR,Upstate New York,070,Buffalo,HNRT,0709001,OKELL_ST,2056,58,1.66,13,781,100,535,535,769.51,14.87,10.84,7.31,5.71,1.94,8.8,7.41,9.82,850.95,0,1.97,64.67,1.63,1.38,0.28,NaN,0,0.18,0,NaN,0,NaN,0,0,NaN,0,0,NaN,NaN,NaN,NaN,NaN,0,NaN,0,NaN,NaN,NaN,NaN,0,0,0,0,0,1077.58
09/27/2025,09,5GNR,Upstate New York,070,Buffalo,HNRT,0709001,OKELL_ST,2056,59,1.26,2,159,100,79,79,396.09,4.56,22.13,1.8,1.22,0.37,7.14,8.98,12.08,123.33,0,1.89,209.38,2.89,8.06,0.14,NaN,0,0,0,NaN,0,0,5,0,0,5,0,3653.85,2009.52,1094.87,1162.16,7.21,0,0,0,NaN,923.08,NaN,48.89,0.08,0.08,0,0,0,657.46
09/27/2025,09,5GNR,Upstate New York,070,Buffalo,HNRT,0709001,OKELL_ST,2056,60,0.46,1,219,100,101,101,722.15,5.38,30.02,0.74,0.54,0.16,2.6,8.19,10.32,443.18,0,7.22,53.94,1.07,1.61,0,NaN,0,0.43,0,NaN,0,NaN,0,0,NaN,0,0,3000,6000,3000,0,NaN,0,0,0,NaN,NaN,NaN,NaN,0,0,0,0,0,872.55
09/27/2025,09,5GNR,Upstate New York,070,Buffalo,HNRT,0709001,OKELL_ST,3056,58,3.11,107,3437,100,2568,2562,25699.78,13.5,101.68,1.91,2.27,2.83,3.7,5.82,7.13,21220.25,0.23,616.11,1370.57,23.5,1.1,1.39,100,0,0.17,0,NaN,0,0,2,0,0,2,0,8436.55,680.11,687.5,1448.41,202.07,0,0,0,NaN,0,NaN,0,2.4,0.14,0,0,0,25586.48
09/27/2025,09,5GNR,Upstate New York,070,Buffalo,HNRT,0709001,OKELL_ST,3056,59,0.67,21,3152,100,2490,2490,17280.84,8.27,145.63,0.99,0.97,0.94,1.9,8.02,11.18,12837.53,0,735.58,1334.47,19.32,1.26,0.4,100,0,0.12,0,NaN,0,0,16,0,0,16,0,10300.1,738.78,842.44,1512.01,258.97,0,0,0,NaN,35.85,NaN,45.01,3.41,0.33,0,0,0,16960.31
09/27/2025,09,5GNR,Upstate New York,070,Buffalo,HNRT,0709001,OKELL_ST,3056,60,3.27,36,1100,100,729,727,7469.68,2.94,191.53,0.81,0.55,0.15,0.49,7.83,11.6,5938.93,0.27,375.09,652.67,7.3,1.62,0,100,0,0.4,0,NaN,0,0,4,0,0,4,0,7303.07,660.47,746.43,1187.04,204.23,0,0,0,NaN,0,NaN,7.37,1.99,0.14,0,0,0,7244.67
09/27/2025,09,5GNR,Upstate New York,070,Buffalo,HNRT,0709001,PENORA_ST_HD,2264,85,0.98,25,2553,100,1132,1131,2602.84,40.97,8.73,17.85,15.34,11.53,2.25,8.09,10.82,1587.39,0.09,12.98,345.75,7.39,1.55,0.21,NaN,0,0.27,0,NaN,0,0,2,0,0,2,0,3145.63,2755.56,1731.48,1053.19,9.88,0,0,0,NaN,117.65,NaN,102.27,0.05,0.02,0,0,0,4047.56
09/27/2025,09,5GNR,Upstate New York,070,Buffalo,HNRT,0709001,PENORA_ST_HD,2264,86,0.73,21,2891,100,1744,1738,1618.99,27.4,6.9,13.03,10.54,7.37,4.31,8.13,12.77,657.99,0.34,24.15,699.72,10.23,4.56,0.43,NaN,0,0.53,0,NaN,0,0,6,0,0,6,0,3146.91,5313.87,2369.77,1455,4.43,0,0,0,NaN,177.34,NaN,72.54,0.06,0.06,0,0,0,2302.84
09/27/2025,09,5GNR,Upstate New York,070,Buffalo,HNRT,0709001,PENORA_ST_HD,2264,87,2.53,60,2373,100,836,836,2424.13,30.83,13.35,13.31,9.78,4.99,2.08,8.26,9.46,2121.38,0,6.18,416.56,10.94,2.88,0.22,NaN,0,0.17,0,NaN,0,0,11,0,0,11,0,3673.1,3390.3,2944.13,3627.53,5.23,0,0,0.01,NaN,12374.31,NaN,3453.91,0.59,0.22,0,0,0,3428.07
09/27/2025,09,5GNR,Upstate New York,070,Buffalo,HNRT,0709001,PENORA_ST_HD,3264,85,1.47,75,5102,100,3018,3018,49289.98,26.6,155.45,0.3,0.58,1,1.06,7.23,7.7,44733.13,0,2640.13,3330.03,50.82,1.15,0.22,NaN,0,0.79,0,NaN,0,0,3,0,0,3,0,9084.62,649.4,652.17,5048.55,65.54,0,0,0,NaN,62.14,NaN,139.46,0.48,0.31,0,0,0,48074.54
09/27/2025,09,5GNR,Upstate New York,070,Buffalo,HNRT,0709001,PENORA_ST_HD,3264,86,0.56,24,4323,100,2912,2912,118602.05,40.81,148.97,0.2,0.59,1.31,0.67,7.44,13.32,94344.93,0,5517.6,9081.28,53.07,2.86,0.47,NaN,0,0.63,0,NaN,0,0,1,0,0,1,0,8855.83,681.1,665.64,2654.05,NaN,0,0,0,NaN,0,NaN,0,0.06,0.06,0,0,0,117651.04
09/27/2025,09,5GNR,Upstate New York,070,Buffalo,HNRT,0709001,PENORA_ST_HD,3264,87,3.67,283,7712,100,5161,5161,86716.58,37.33,127.31,1.6,4.83,9.84,3.67,6.53,5.08,77973.72,0,2306.11,3861.82,75.71,0.41,0.59,NaN,0,0.47,0,NaN,0,0,11,0,0,11,0,8174.74,1057.17,991.99,7224.89,14.82,0,0,0,NaN,0.68,NaN,314.43,1.3,0.94,0,0,0,86010.26
09/27/2025,09,5GNR,Upstate New York,070,Buffalo,HNRT,0709001,PORTER,3275,227,1.09,2,183,100,135,135,746.11,0.23,341.19,0.11,0.1,0.04,0.21,8.89,16.33,722.87,0,157.28,178.45,0.93,17.56,0,NaN,0,0,NaN,NaN,NaN,NaN,0,0,NaN,0,0,NaN,NaN,NaN,NaN,NaN,0,NaN,0,NaN,NaN,NaN,NaN,0,0,0,0,0,735.19
09/27/2025,09,5GNR,Upstate New York,070,Buffalo,HNRT,0709001,PORTER,3275,228,8.39,36,429,100,369,369,7777.73,3.34,322.2,0.61,0.46,0.07,0.72,7.29,9.62,7699.96,0,164.77,199.75,1.6,1.54,1.02,NaN,0,0,0,NaN,0,NaN,0,0,NaN,0,0,NaN,NaN,NaN,NaN,NaN,0,NaN,0,NaN,NaN,NaN,NaN,0,0,0,0,0,7730.96
09/27/2025,09,5GNR,Upstate New York,070,Buffalo,HNRT,0709001,PORTER,3275,229,1.6,3,188,100,152,152,1652.31,0.73,367.34,0.12,0.11,0.04,0.16,7.77,11.24,1772.85,0,42.74,63.84,0.5,1.39,0,NaN,0,0,NaN,NaN,NaN,NaN,0,0,NaN,0,0,NaN,NaN,NaN,NaN,NaN,0,NaN,0,NaN,NaN,NaN,NaN,0,0,0,0,0,1877.57
09/27/2025,09,5GNR,Upstate New York,070,Buffalo,HNRT,0709001,RAYMOND_DRIVE,2096,31,2.72,9,331,100,158,152,717.57,8.16,13.17,2.12,1.63,0.56,10.32,8.82,11.29,271.39,3.8,1.82,92.11,2.3,3.3,0.59,NaN,0,0.71,0,NaN,0,NaN,0,0,NaN,0,0,NaN,5000,2500,0,NaN,0,0,0,NaN,NaN,NaN,NaN,0,0,0,0,0,909.35
09/27/2025,09,5GNR,Upstate New York,070,Buffalo,HNRT,0709001,RAYMOND_DRIVE,2096,32,1.93,33,1707,100,1213,1211,1609.71,19.02,9.95,7.95,6.04,3.18,8.19,8.57,11.31,862.24,0.16,15.91,210.52,4.16,2.47,0.55,NaN,0,0.8,0,NaN,0,0,9,0,0,9,0,3338,2266.01,1705.86,1911.51,10.82,0,0,0.01,NaN,385.82,NaN,147,0.55,0.33,0,0,0,2725.1
09/27/2025,09,5GNR,Upstate New York,070,Buffalo,HNRT,0709001,RAYMOND_DRIVE,2096,33,0.77,12,1559,100,1053,1052,2499.13,20.09,22.16,3.57,3.01,2.05,1.83,8.39,11.73,1080.67,0.09,12.64,296.54,5.01,5.69,0.09,NaN,0.04,0.16,0,NaN,3.23,0,2,0,0,2,0,3722.51,2619.05,1816.06,1868.42,6.14,0,0,0,NaN,173.68,NaN,179.82,0.09,0.07,0,0,0,3247.74
09/27/2025,09,5GNR,Upstate New York,070,Buffalo,HNRT,0709001,RAYMOND_DRIVE,3096,31,1.04,63,6067,100,3108,3107,25554.93,11.56,187.12,1.45,1.76,2.23,1.11,7.99,11.03,20994.47,0.03,778.63,1588.85,20.99,1.07,0.97,NaN,0.04,0.27,0,NaN,0,0,12,0,0,12,0,8130.66,804.88,874.92,5026.76,186.88,0,0,0,NaN,322.19,NaN,208,3.24,2.04,0,0,0,25387.05
09/27/2025,09,5GNR,Upstate New York,070,Buffalo,HNRT,0709001,RAYMOND_DRIVE,3096,32,1.42,28,1977,100,971,971,16408.98,5.66,140.6,1.74,1.27,0.54,1.66,7.76,9.34,11577.08,0,700.61,1175.34,19.47,2.02,0.32,NaN,0,0.55,0,NaN,0,0,4,0,0,4,0,8579.51,686.41,974.31,11682.09,433.21,0,0,0,NaN,22.77,NaN,390.74,5.25,1.06,0,0,0,15159.32
09/27/2025,09,5GNR,Upstate New York,070,Buffalo,HNRT,0709001,RAYMOND_DRIVE,3096,33,0.72,10,1398,100,724,722,10575.34,3.35,210.07,0.35,0.26,0.12,0.44,7.9,8.67,7198.7,0.28,661.26,1069.27,12.92,3.98,0,NaN,0,0.19,0,NaN,0,0,1,0,0,1,0,6600,900,900,0,NaN,0,0,0,NaN,0,NaN,0,0,0,0,0,0,10102.13
09/27/2025,09,5GNR,Upstate New York,070,Buffalo,HNRT,0709001,REDDON,2150,40,1.55,11,709,100,372,372,1663.91,14.79,17.28,3.37,2.59,1.17,2.01,8.44,10.92,529.31,0,1.84,116.75,2.18,2.13,0.72,NaN,0,0.2,0,NaN,0,0,2,0,0,2,0,3818.64,3330.77,5637.23,2264.82,9.07,0,0,0.03,NaN,44198.24,NaN,425.3,1.59,0.17,0,0,0,3962.57
09/27/2025,09,5GNR,Upstate New York,070,Buffalo,HNRT,0709001,REDDON,2150,41,1.22,4,327,100,193,190,298.56,4.33,15.38,2.01,1.75,0.73,8.19,7.91,12.29,317.8,1.55,0.48,13.89,0.35,0.75,0.51,NaN,0,0.63,0,NaN,0,NaN,0,0,NaN,0,0,NaN,NaN,NaN,NaN,NaN,0,NaN,0,NaN,NaN,NaN,NaN,0,0,0,0,0,354.59
09/27/2025,09,5GNR,Upstate New York,070,Buffalo,HNRT,0709001,REDDON,2150,42,2.24,12,535,100,343,343,784.54,6.96,19.58,1.52,1.04,0.42,7.87,8.41,10.68,594.82,0,18.86,98.97,1.73,1.85,1.49,NaN,0,0,0,NaN,0,0,4,0,0,4,0,3293.32,2219.72,1399.34,1116.84,12.24,0,0,0.01,NaN,1264.51,NaN,372.52,0.9,2.82,0,0,0,821.1
09/27/2025,09,5GNR,Upstate New York,070,Buffalo,HNRT,0709001,REDDON,3150,40,1.82,37,2037,100,1209,1209,20888.04,9.35,205.58,1.46,1.13,0.65,1.85,7.21,6.83,16039.37,0,1114.89,1493.05,26.76,1.15,1.39,100,0,0.21,0,NaN,0,0,1,0,0,1,0,8579,804.84,1392.1,1575.28,333.14,0,0,0.01,NaN,1177.71,NaN,153.87,14.6,0.56,0,0,0,18529.99
09/27/2025,09,5GNR,Upstate New York,070,Buffalo,HNRT,0709001,REDDON,3150,41,1.39,52,3749,100,1336,1334,16459.06,10.41,165.2,1.18,1.18,1.19,3.72,7.58,10.49,15470.29,0.15,550.41,800.16,7.71,0.87,4.24,100,0,0.57,0,NaN,0,NaN,0,0,NaN,0,0,8250,2000,2000,0,NaN,0,0,0,NaN,NaN,NaN,NaN,0,0,0,0,0,16463.42
09/27/2025,09,5GNR,Upstate New York,070,Buffalo,HNRT,0709001,REDDON,3150,42,15.24,442,2901,100,1531,1530,14589.84,8.11,74.8,1.74,3.03,4.84,12.3,4.95,5.78,10529.92,0.07,202.07,471.08,10.94,0.56,4.36,100,0.21,4.34,0,NaN,0,0,3,0,0,3,0,8800.49,713.02,676.89,92578.12,NaN,0,0,0,NaN,0,NaN,2016.04,0.04,0.06,0,0,0,14707.27
09/27/2025,09,5GNR,Upstate New York,070,Buffalo,HNRT,0709001,RIVERSIDE,2257,137,2.48,80,3230,100,1961,1956,4704.38,61.42,5.32,27.8,22.24,13.91,1.26,8.01,12.57,3272.06,0.25,511.68,1097.38,16.32,5.99,0.22,100,0.03,0.27,0,NaN,0,0,5,0,0,5,0,3143.54,2906.59,1465.91,1373.29,0.77,0,0,0,NaN,133.59,NaN,13.7,0.03,0.03,0,0,0,6165.86
09/27/2025,09,5GNR,Upstate New York,070,Buffalo,HNRT,0709001,RIVERSIDE,2257,138,2.65,58,2189,100,1099,1099,1770.78,23.49,12.26,10.27,7.5,3.27,1.89,8.29,13.74,1564.55,0,123.9,303.67,4.24,5.91,0.13,100,0,0.64,0,NaN,0,0,4,0,0,4,0,4117.24,3707.14,1957.29,1431.58,1.68,0,0,0,NaN,0,NaN,107.53,0.03,0.05,0,0,0,2143.33
09/27/2025,09,5GNR,Upstate New York,070,Buffalo,HNRT,0709001,RIVERSIDE,2257,139,4.14,68,1641,100,1057,1057,3025.83,26.45,15.42,5.93,4.79,2.44,1.21,8.42,11.28,2194.12,0,42.14,156.61,3.23,2.47,0.34,100,0,0.4,0,NaN,0,0,7,0,0,7,0,3418.76,3046.88,1824.86,1461.81,12.72,0,0,0.01,NaN,2587.59,NaN,190.03,0.5,0.29,0,0,0,3182.96
09/27/2025,09,5GNR,Upstate New York,070,Buffalo,HNRT,0709001,RIVERSIDE,3257,137,0.86,16,1854,100,907,905,20255.78,8.23,231.06,1.55,1.2,0.34,1.95,8.07,17.96,13709.77,0.22,518.1,874.02,4.48,7.38,0.13,100,0.16,0.31,0,NaN,0,0,1,0,0,1,0,7163.24,1184.38,1160.29,1338.3,NaN,0,0,0,NaN,0.98,NaN,142.12,0.46,0.28,0,0,0,18587.76
09/27/2025,09,5GNR,Upstate New York,070,Buffalo,HNRT,0709001,RIVERSIDE,3257,138,0.32,11,3443,100,1232,1231,32675.77,13.69,243.49,1.13,0.86,0.25,0.86,7.82,19.29,26568.34,0.08,2284.16,2923.97,9.98,18.28,0,100,0,0.57,0,NaN,0,0,1,0,0,1,0,7945.12,757.94,718.56,1092.44,NaN,0,0,0,NaN,275.64,NaN,0,0.04,0.14,0,0,0,32841.81
09/27/2025,09,5GNR,Upstate New York,070,Buffalo,HNRT,0709001,RIVERSIDE,3257,139,0.98,21,2133,100,1482,1482,29485.01,11.73,237.08,0.65,0.53,0.29,1.47,7.87,17.17,28753.33,0,1713.45,2165.78,14.28,4,0.65,100,0,0.59,0,NaN,0,NaN,0,0,NaN,0,0,6000,59000,59000,0,NaN,0,0,0,NaN,0,NaN,NaN,0,0,0,0,0,29883.01
09/27/2025,09,5GNR,Upstate New York,070,Buffalo,HNRT,0709001,RIVER_ROAD_DB-HNRT,3321,169,0.83,16,1922,100,1728,1728,9418.99,4.49,191.57,0.86,0.75,0.58,1.4,8,13.6,8536,0,255.7,430.71,4.68,0.81,1.29,NaN,0,0.64,0,NaN,0,0,3,0,0,3,0,7906.25,1052.13,910.71,5122.84,10.92,0,0,0,NaN,4800,NaN,0,0,0,0,0,0,9381.58
09/27/2025,09,5GNR,Upstate New York,070,Buffalo,HNRT,0709001,RIVER_ROAD_DB-HNRT,3321,170,1.49,22,1472,100,1229,1226,6615.8,2.93,191.31,1.31,0.9,0.21,0.89,7.71,13.74,6432.47,0.24,261.1,415.07,3.98,1.12,1.8,NaN,0,0.47,NaN,NaN,NaN,NaN,0,0,NaN,0,0,NaN,NaN,NaN,NaN,NaN,0,NaN,0,NaN,NaN,NaN,NaN,0,0,0,0,0,6542.49
09/27/2025,09,5GNR,Upstate New York,070,Buffalo,HNRT,0709001,RIVER_ROAD_DB-HNRT,3321,171,11.31,187,1653,100,1380,1378,28013.93,14.23,138.71,1.41,2.08,3.36,4.17,6.31,11.47,27509,0.14,570.47,740.69,15.96,1.23,0.28,NaN,0,0.54,0,NaN,0,NaN,0,0,NaN,0,0,NaN,NaN,NaN,NaN,NaN,0,NaN,0,NaN,NaN,NaN,NaN,0,0,0,0,0,27855.62
09/27/2025,09,5GNR,Upstate New York,070,Buffalo,HNRT,0709001,SCOTT_STREET,3046,82,3.69,74,2005,100,1591,1588,8616.59,3.26,248.21,1,0.79,0.38,0.88,8.09,15.42,7288.45,0.19,457.67,704.73,4.32,4.49,0.96,100,0,0.99,0,NaN,0,0,1,0,0,1,0,6583.33,13916.67,13916.67,0,NaN,0,0,0,NaN,0,NaN,0,0,0,0,0,0,8558.34
09/27/2025,09,5GNR,Upstate New York,070,Buffalo,HNRT,0709001,SCOTT_STREET,3046,83,0.51,9,1761,100,1158,1156,14391.92,6.74,222.6,1.46,1.02,0.19,0.65,7.75,13.57,14135.96,0.17,761.43,1074.31,7.56,4.07,0.26,100,0,0.26,0,NaN,0,0,1,0,0,1,0,6904.76,625,619.05,1193.55,NaN,0,0,0,NaN,0,NaN,0,0,0.01,0,0,0,14819.52
09/27/2025,09,5GNR,Upstate New York,070,Buffalo,HNRT,0709001,SCOTT_STREET,3046,84,2.59,54,2086,100,1671,1664,19921.85,9.18,98.65,1.18,1.41,1.85,0.91,7.49,6.28,11704.57,0.42,387.99,1176.15,19.61,2.57,0.88,100,0,0.34,0,NaN,0,NaN,0,0,NaN,0,0,NaN,NaN,NaN,NaN,NaN,0,NaN,0,NaN,NaN,NaN,NaN,0,0,0,0,0,19789.26
09/27/2025,09,5GNR,Upstate New York,070,Buffalo,HNRT,0709001,SENECA_RTE_240,2069,61,17.31,27,156,100,98,98,136.5,1.85,17.76,0.93,0.7,0.29,13.12,8.25,13.25,119.46,0,46.96,91.26,1.09,3.92,1.08,NaN,0,1.92,0,NaN,0,0,1,0,0,1,0,3572.79,2015.38,2116.6,1192.04,44.24,0,0,0.03,NaN,18125.71,NaN,208,8.2,0.47,0,0,0,163.72
09/27/2025,09,5GNR,Upstate New York,070,Buffalo,HNRT,0709001,SENECA_RTE_240,2069,62,3.63,24,662,100,382,380,1577.03,17.38,13.36,6.3,4.63,2.37,10.65,8.23,8.05,552.08,0.52,20.93,239.59,7.04,2.67,0.54,NaN,0,0.61,0,NaN,0,0,7,0,0,7,0,3458.67,2692.89,1235.86,1412.98,17.42,0,0,0.01,NaN,458.17,NaN,278.81,0.74,0.43,0,0,0,2341.91
09/27/2025,09,5GNR,Upstate New York,070,Buffalo,HNRT,0709001,SENECA_RTE_240,2069,63,1.27,11,866,100,546,545,1766.93,21.62,10.85,7.43,5.88,3.72,9.14,8.33,10.39,391.06,0.18,5.72,260.39,5.58,2.68,0.5,100,0,0.33,0,NaN,0,0,4,0,0,4,0,3516.78,2150.4,2154.86,1222.32,35.17,0,0,0.06,NaN,49062.87,NaN,97.58,12.29,0.77,0,0,0,2537.59
09/27/2025,09,5GNR,Upstate New York,070,Buffalo,HNRT,0709001,SENECA_RTE_240,3069,61,0.69,42,6091,100,5246,5245,11991.28,5.44,323.11,1.63,2,2.6,4.29,8.22,13.46,10720.11,0.02,396.59,716.09,10.09,1.55,3.72,100,0.06,0.62,0,NaN,0,0,3,0,0,3,0,9271.49,728.67,1407.52,3843.19,148.15,0,0,0.02,NaN,82.12,NaN,1774.57,17.27,3.6,0,0,0,12134.48
09/27/2025,09,5GNR,Upstate New York,070,Buffalo,HNRT,0709001,SENECA_RTE_240,3069,62,1.11,47,4223,100,1902,1902,20145.13,7.98,177.69,1.53,1.5,1.45,1.97,7.79,10.44,11789.1,0,777.49,1905.35,22.63,2.28,1.59,100,0.03,0.31,0,NaN,0,0,13,0,0,13,0,8338.91,735.91,1073.82,3401.72,182.45,0,0,0,NaN,183.09,NaN,1256.48,5.88,1,0,0,0,19172.36
09/27/2025,09,5GNR,Upstate New York,070,Buffalo,HNRT,0709001,SENECA_RTE_240,3069,63,3.07,92,2995,100,1696,1694,6645.93,3.37,140.51,0.89,1.12,1.44,5.17,6.9,9.55,4325.98,0.12,207.58,425.32,8.16,0.95,3.21,100,0,1.41,0,NaN,0,0,5,0,0,5,0,9412.06,721.24,1092.67,5299.07,159.47,0,0,0.01,NaN,262.29,NaN,2427.79,19.26,2.87,0,0,0,5840.86
09/27/2025,09,5GNR,Upstate New York,070,Buffalo,HNRT,0709001,SEVEN_CORNERS,3404,28,1.16,25,2152,100,1544,1542,9565.52,4.68,195.69,1.22,0.91,0.45,1.13,7.62,9.77,7838.48,0.13,292.31,588.06,8.36,1.33,0.57,100,0,0.55,0,NaN,0,NaN,0,0,NaN,0,0,7500,2500,2500,0,NaN,0,0,0,NaN,NaN,NaN,NaN,0,0,0,0,0,9487.3
09/27/2025,09,5GNR,Upstate New York,070,Buffalo,HNRT,0709001,SEVEN_CORNERS,3404,29,0.66,22,3354,100,1726,1725,10810.89,4.03,201.89,1.53,1.18,0.63,1.9,8.18,14.94,7170.63,0.06,535.53,1409.85,8.81,4,1.03,100,0,0.42,0,NaN,0,0,2,0,0,2,0,8909.8,891.94,1112.84,1732.31,65.54,0,0,0,NaN,71.01,NaN,0,0.33,0.29,0,0,0,10714.49
09/27/2025,09,5GNR,Upstate New York,070,Buffalo,HNRT,0709001,SEVEN_CORNERS,3404,30,5.45,281,5155,100,3078,3072,10817.37,5.22,137.04,1.21,2.86,4.88,5.03,6.91,9.17,9391.9,0.19,225.19,813.77,13.53,0.91,3.98,100,0.06,1.1,0,NaN,0,0,2,0,0,2,0,7900.22,987.2,1161.68,4836.84,54.61,0,0,0,NaN,0,NaN,246.7,0.36,0.68,0,0,0,10760.63
09/27/2025,09,5GNR,Upstate New York,070,Buffalo,HNRT,0709001,SHERIDAN,3178,166,0.63,22,3465,100,1995,1992,13208.59,6.78,145.25,1.13,0.95,0.7,0.68,7.81,11.72,11720.33,0.15,693.5,1169.12,10.84,1.63,0.25,100,0,0.65,0,NaN,0,0,10,0,0,10,0,8394.43,1576.05,1374.71,2198.61,44.6,0,0,0,NaN,0,NaN,0,0.25,0.05,0,0,0,13054.38
09/27/2025,09,5GNR,Upstate New York,070,Buffalo,HNRT,0709001,SHERIDAN,3178,167,0.55,12,2173,100,1987,1985,16922.64,6.68,235.26,1.67,1.2,0.39,1.14,8.17,15.38,13142.14,0.1,763.82,1523.06,7.94,4.22,0.22,100,0,0.18,0,NaN,0,0,6,0,0,6,0,6683.33,6683.33,6683.33,500,NaN,0,0,0,NaN,0,NaN,0,0,0,0,0,0,16778.2
09/27/2025,09,5GNR,Upstate New York,070,Buffalo,HNRT,0709001,SHERIDAN,3178,168,0.21,1,477,100,383,383,2565.87,1.14,232.67,0.57,0.45,0.19,1.09,7.84,9.9,2178.49,0,102.25,199.69,2.89,2.9,0.81,100,0,0.41,0,NaN,0,0,1,0,0,1,0,8218.75,619.05,578.12,6090.91,NaN,0,0,0,NaN,0,NaN,6757.58,0.01,0.01,0,0,0,2546.6
09/27/2025,09,5GNR,Upstate New York,070,Buffalo,HNRT,0709001,ST_JOHNSBURG,2334,230,1.95,7,359,100,163,163,1317.05,11.75,23.78,1.28,1.08,0.36,3.5,8.54,12.42,1531.96,0,2.32,39.81,0.63,2.47,0.19,NaN,0,0.28,0,NaN,0,0,7,0,0,7,0,3706.65,3270.83,1719.95,959.36,37.91,0,0,0.01,NaN,8909.9,NaN,133.1,1.91,0.09,0,0,0,1613.85
09/27/2025,09,5GNR,Upstate New York,070,Buffalo,HNRT,0709001,ST_JOHNSBURG,2334,231,0.63,8,1265,100,883,883,1338.23,13.34,16.49,3.35,2.61,1.06,8.17,8.56,11.98,877.14,0,12.18,93.74,2.06,2.08,0,NaN,0,0.16,0,NaN,0,0,1,0,0,1,0,3000,14000,8428.57,0,NaN,0,0,0,NaN,0,NaN,0,0,0,0,0,0,1357.38
09/27/2025,09,5GNR,Upstate New York,070,Buffalo,HNRT,0709001,ST_JOHNSBURG,2334,232,3.05,40,1311,100,653,653,3404.18,30.49,15.93,5.7,4.39,1.58,3.67,8.35,13.38,3375.08,0,110.84,667.19,8.48,7.22,0.13,NaN,0,0.15,0,NaN,0,NaN,0,0,NaN,0,0,NaN,NaN,NaN,NaN,NaN,0,NaN,0,NaN,NaN,NaN,NaN,0,0,0,0,0,4229.26
09/27/2025,09,5GNR,Upstate New York,070,Buffalo,HNRT,0709001,ST_JOHNSBURG,3334,230,0.52,9,1745,100,1348,1348,24631.89,7.15,437.25,2.73,1.57,0.12,0.26,7.72,12.22,19333.26,0,805.67,1259.11,7.29,1.12,0.15,NaN,0,0.4,0,NaN,0,0,4,0,0,4,0,7288.66,681.82,742.27,626.17,NaN,0,0,0,NaN,0,NaN,0,0.01,0.01,0,0,0,24297.29
09/27/2025,09,5GNR,Upstate New York,070,Buffalo,HNRT,0709001,ST_JOHNSBURG,3334,231,0.33,7,2139,100,1520,1520,46977.36,13.5,244.34,1.22,1.11,0.91,0.49,7.58,11.31,25566.03,0,2367.33,3058.37,27.48,2.57,0,NaN,0,0.64,0,NaN,0,0,3,0,0,3,0,11304.88,5000,4121.95,1176.47,NaN,0,0,0,NaN,0,NaN,0,0.01,0.01,0,0,0,46552.96
09/27/2025,09,5GNR,Upstate New York,070,Buffalo,HNRT,0709001,ST_JOHNSBURG,3334,232,10.54,343,3253,100,1967,1963,29542.84,11.86,176.96,1.15,1.69,2.55,1.86,7.32,6.87,26395.39,0.2,830.89,1347.74,28.33,1.22,2.29,NaN,0,0.53,0,NaN,12.5,0,3,0,0,3,0,8545.45,10350,4166.67,862.07,NaN,0,0,0,NaN,0,NaN,0,0.01,0,0,0,0,28588.46
09/27/2025,09,5GNR,Upstate New York,070,Buffalo,HNRT,0709001,SUBBERA-HNRT,2114,215,9,27,300,100,266,266,276.63,1.71,30.61,0.36,0.33,0.2,0.38,8.76,17.99,174.23,0,12.12,34.61,0.32,8.77,1.61,NaN,0,0,0,NaN,0,0,1,0,0,1,0,4030.47,2310.92,2003.39,997.52,NaN,0,0,0.01,NaN,3920.99,NaN,14.78,0.35,0.09,0,0,0,273.63
09/27/2025,09,5GNR,Upstate New York,070,Buffalo,HNRT,0709001,SUBBERA-HNRT,2114,216,1.15,3,261,100,164,164,492.59,3.39,23.94,0.92,0.72,0.17,0.49,9.01,19.79,319.75,0,53.2,107.58,0.72,21.22,0,NaN,0,0,0,NaN,0,NaN,0,0,NaN,0,0,NaN,NaN,NaN,NaN,NaN,0,NaN,0,NaN,NaN,NaN,NaN,0,0,0,0,0,482.62
09/27/2025,09,5GNR,Upstate New York,070,Buffalo,HNRT,0709001,SUBBERA-HNRT,2114,217,2.11,22,1044,100,927,927,1174.96,10.34,17.4,3.49,2.57,0.85,1.08,9.04,18.51,674.05,0,99.49,315.9,2.98,12.55,0.45,NaN,0,0.25,0,NaN,0,0,1,0,0,1,0,3000,2320,1180.56,1325.58,12.29,0,0,0,NaN,0,NaN,0,0.01,0.01,0,0,0,1154.41
09/27/2025,09,5GNR,Upstate New York,070,Buffalo,HNRT,0709001,TONAWANDA,2307,193,0.6,10,1679,100,685,683,5399.88,43.7,7.87,13.89,10.25,4.95,2.02,8.13,15.32,1190.02,0.29,188.81,1236.63,14.91,10.48,0.02,NaN,0,0.14,0,NaN,0,0,9,0,0,9,0,3235.26,2567.03,1797.81,1317.02,33.28,0,0,0.01,NaN,315.26,NaN,113.59,0.2,0.1,0,0,0,5307.56
09/27/2025,09,5GNR,Upstate New York,070,Buffalo,HNRT,0709001,TONAWANDA,2307,194,3.6,52,1444,100,504,504,4367.79,36.06,13.03,10,7.62,3.32,1.81,8.31,15.61,1743.87,0,63.17,554.51,6.52,10.54,0.21,NaN,0,0.19,0,NaN,0,0,1,0,0,1,0,3000,2000,1000,0,NaN,0,0,0,NaN,0,NaN,0,0,0,0,0,0,4287.14
09/27/2025,09,5GNR,Upstate New York,070,Buffalo,HNRT,0709001,TONAWANDA,2307,195,0.96,27,2826,100,2066,2065,7738.71,60.95,4.73,34.09,25.96,13.6,1.42,8.13,14.99,3160,0.05,385.3,1106.43,13.96,8.53,0,NaN,0,0.31,1.41,NaN,1.41,0,4,0,0,4,0,3647.6,3245.28,1850.36,1366.83,15.51,0,0,0,NaN,2204.46,NaN,136.36,0.19,0.04,0,0,0,7581.59
09/27/2025,09,5GNR,Upstate New York,070,Buffalo,HNRT,0709001,TONAWANDA_EAST,2088,187,0.53,5,949,100,634,634,854.68,35.84,3.62,10.57,9.21,3.67,1.32,7.86,9.13,858.14,0,6.78,61.76,1.75,0.87,0,NaN,0,0,0,NaN,0,NaN,0,0,NaN,0,0,NaN,NaN,NaN,NaN,NaN,0,NaN,0,NaN,NaN,NaN,NaN,0,0,0,0,0,1354.62
09/27/2025,09,5GNR,Upstate New York,070,Buffalo,HNRT,0709001,TONAWANDA_EAST,2088,188,5.82,78,1340,100,765,765,911.58,13.83,10.19,6.09,4.77,1.39,1.38,8.54,11.4,784.59,0,4.37,70.68,1.98,2.7,0.33,NaN,0.09,0.77,0,NaN,0,NaN,0,0,NaN,0,0,NaN,NaN,NaN,NaN,NaN,0,NaN,0,NaN,NaN,NaN,NaN,0,0,0,0,0,1176.48
09/27/2025,09,5GNR,Upstate New York,070,Buffalo,HNRT,0709001,TONAWANDA_EAST,2088,189,3.19,122,3821,100,2008,2006,5185.13,62.87,4.15,21.28,19.35,15.94,5.45,8.02,11.63,2049.56,0.1,14.17,409.15,7.69,2.03,0.36,NaN,0,0.32,0,NaN,0,0,2,0,0,2,0,3000,2333.33,1166.67,0,NaN,0,0,0,NaN,0,NaN,0,0,0,0,0,0,11226.49
09/27/2025,09,5GNR,Upstate New York,070,Buffalo,HNRT,0709001,TONAWANDA_EAST,3088,187,0.5,19,3831,100,2324,2324,32628.8,13.63,198.85,1.4,1.18,0.77,0.27,7.73,10.46,30624.84,0,1075.66,1776.05,16.35,2.5,0.44,NaN,0,0.23,0,NaN,0,NaN,0,0,NaN,0,0,10000,2000,2000,0,NaN,0,0,0,NaN,0,NaN,NaN,0,0,0,0,0,32221.55
09/27/2025,09,5GNR,Upstate New York,070,Buffalo,HNRT,0709001,TONAWANDA_EAST,3088,188,1.29,11,850,100,454,454,5769.75,2.38,289.51,1.21,0.89,0.12,0.26,8.13,13.66,5074.6,0,156.68,259.87,1.75,1.76,0.84,NaN,0,1.33,0,NaN,0,NaN,0,0,NaN,0,0,NaN,NaN,NaN,NaN,NaN,0,NaN,0,NaN,NaN,NaN,NaN,0,0,0,0,0,5446.99
09/27/2025,09,5GNR,Upstate New York,070,Buffalo,HNRT,0709001,TONAWANDA_EAST,3088,189,1.45,17,1172,100,437,436,12090.08,8.54,258.02,0.87,0.75,0.28,1.14,8.14,10.29,5269.05,0.23,188.96,300.84,3.44,4.44,0.26,NaN,0,0.34,0,NaN,0,0,1,0,0,1,0,9750,500,500,0,NaN,0,0,0,NaN,0,NaN,0,0,0,0,0,0,6001.81
09/27/2025,09,5GNR,Upstate New York,070,Buffalo,HNRT,0709001,TRANSITOWN,3083,153,0.26,2,768,100,367,367,5113.08,2.21,217.17,0.44,0.31,0.11,0.64,7.14,6.44,4673.47,0,494.24,715.25,11.3,2.03,0.21,NaN,0,0,NaN,NaN,NaN,0,1,0,0,1,0,7166.67,833.33,833.33,NaN,NaN,0,0,0,NaN,0,NaN,NaN,0,0,0,0,0,5049.02
09/27/2025,09,5GNR,Upstate New York,070,Buffalo,HNRT,0709001,TRANSITOWN,3083,154,0.73,29,3959,100,1801,1801,17663.8,10.43,156.62,1.18,1.63,2.4,1.3,7.8,11.3,17180.23,0,693.32,953.32,13.61,0.96,1.77,NaN,0,0.98,0,NaN,0,NaN,0,0,NaN,0,0,8000,2000,2000,0,NaN,0,0,0,NaN,NaN,NaN,NaN,0,0,0,0,0,17556.94
09/27/2025,09,5GNR,Upstate New York,070,Buffalo,HNRT,0709001,TRANSITOWN,3083,155,0.65,30,4630,100,1883,1883,11052.69,8.59,112.51,1.13,1.83,2.93,2.28,7.53,9.04,10489.37,0,286.31,474.02,10.46,0.51,2.52,NaN,0,0.23,0,NaN,0,NaN,0,0,NaN,0,0,NaN,NaN,NaN,NaN,NaN,0,NaN,0,NaN,NaN,NaN,NaN,0,0,0,0,0,10984.99
09/27/2025,09,5GNR,Upstate New York,070,Buffalo,HNRT,0709001,TRANSIT_SHERIDA,2244,162,6.28,27,430,100,301,300,188.55,3.68,8.26,1.96,1.6,0.66,13.68,8.52,11.65,43.28,0.33,1.72,46.95,0.84,2.49,0,NaN,0,0.74,0,NaN,0,NaN,0,0,NaN,0,0,3930.56,32000,2618.42,0,NaN,0,0,0,NaN,0,NaN,NaN,0,0,0,0,0,238.88
09/27/2025,09,5GNR,Upstate New York,070,Buffalo,HNRT,0709001,TRANSIT_SHERIDA,2244,163,11.28,290,2570,100,662,662,2487,26.5,21.31,9.56,7.5,3.74,10.39,8.45,11.75,2433.85,0,25.7,229.85,4.57,3.77,0.77,NaN,0,0.8,0,NaN,0,0,7,0,0,7,0,3612.32,1321.5,1595.78,1779.05,32.62,0,0,0.02,NaN,20308.55,NaN,105.06,3.37,0.28,0,0,0,5139.28
09/27/2025,09,5GNR,Upstate New York,070,Buffalo,HNRT,0709001,TRANSIT_SHERIDA,2244,164,2.26,30,1326,100,878,878,1805.23,18.1,21.02,5.37,3.95,1.38,6.14,8.12,9.9,1413.72,0,8.74,167.04,3.48,3.25,0.16,NaN,0,0.14,0,NaN,0,0,4,0,0,4,0,3585.67,1601.59,1175.26,1954.11,11.78,0,0,0,NaN,582.9,NaN,133.33,0.16,0.13,0,0,0,3093.67
09/27/2025,09,5GNR,Upstate New York,070,Buffalo,HNRT,0709001,TRANSIT_SHERIDA,2244,165,0.32,5,1542,100,988,986,2520.89,22.81,22.9,6.41,4.86,2.94,7.68,8.12,10.67,1548.02,0.2,48.1,425.25,9.47,2.99,0.12,NaN,0,0.12,0,NaN,0,0,4,0,0,4,0,3005,1050.63,519.8,1633.66,NaN,0,0,0,NaN,40,NaN,260,0.02,0.01,0,0,0,3560.82
09/27/2025,09,5GNR,Upstate New York,070,Buffalo,HNRT,0709001,TRANSIT_SHERIDA,3092,165,0.95,54,5657,100,4187,4186,61695.82,21.66,159.55,0.94,2,3.42,0.39,8.21,14.01,41767.96,0.02,2416.07,5668.44,33.13,3.79,0.03,NaN,0,0.21,0,NaN,0,0,10,0,0,10,0,7943.4,1007.27,1422.51,1991.28,600.25,0,0,0,NaN,70.57,NaN,31.61,7.78,0.71,0,0,0,59936.06
09/27/2025,09,5GNR,Upstate New York,070,Buffalo,HNRT,0709001,TRANSIT_SHERIDA,3244,162,4.27,51,1193,100,666,663,2066.84,1.89,79.04,1.09,1,0.8,1.23,8.03,13.51,1613.16,0.45,83.19,315.39,1.91,2.2,4.12,NaN,0,0,0,NaN,0,NaN,0,0,NaN,0,0,9750,1500,1500,0,NaN,0,0,0,NaN,NaN,NaN,NaN,0,0,0,0,0,2029.64
09/27/2025,09,5GNR,Upstate New York,070,Buffalo,HNRT,0709001,TRANSIT_SHERIDA,3244,163,0.86,34,3948,100,1659,1659,25480.88,8.91,187.09,1.47,1.28,0.99,0.74,7.91,12.26,16357.58,0,1263.44,2191.26,33.06,1.69,0.35,NaN,0,0.3,0,NaN,0,0,9,0,0,9,0,9578.26,711.25,1205.56,4753.97,132.75,0,0,0.03,NaN,611.21,NaN,2440.06,38.79,2.43,0,0,0,22616.71
09/27/2025,09,5GNR,Upstate New York,070,Buffalo,HNRT,0709001,TRANSIT_SHERIDA,3244,164,0.69,9,1301,100,547,547,7076.58,3.34,176.97,1.1,0.74,0.18,1.18,8.07,11.33,4789.13,0,388.03,771.94,9.43,3.59,0.6,NaN,0,0.58,0,NaN,0,0,6,0,0,6,0,8092.8,713.26,729.72,1470.25,211.35,0,0,0,NaN,252.27,NaN,9.3,2,0.2,0,0,0,5870.17
09/27/2025,09,5GNR,Upstate New York,070,Buffalo,HNRT,0709001,WESTWOOD,3064,159,0.95,17,1789,100,768,768,5194.97,2.54,166.38,0.47,0.4,0.27,0.93,8.26,12.77,4369.76,0,255.44,405.73,3.27,1.61,1.36,NaN,0,0.15,0,NaN,0,0,2,0,0,2,0,8043.93,1401.04,1043.93,2314.61,16.38,0,0,0,NaN,0,NaN,0,0.25,0.01,0,0,0,5161
09/27/2025,09,5GNR,Upstate New York,070,Buffalo,HNRT,0709001,WESTWOOD,3064,160,0.92,21,2294,100,1024,1024,8740.81,3.72,207.61,0.84,0.81,0.77,0.67,8.48,17.13,7489.36,0,594.75,980.15,4.62,4.85,0.17,NaN,0.07,0.44,0,NaN,0,0,4,0,0,4,0,7142.41,783.61,945.81,843.14,392.83,0,0,0,NaN,176.38,NaN,0,2.49,0.1,0,0,0,8667.98
09/27/2025,09,5GNR,Upstate New York,070,Buffalo,HNRT,0709001,WESTWOOD,3064,161,0.64,30,4719,100,3301,3300,19736.88,8.22,163.34,1.42,1.53,1.68,1.08,8.35,12.36,16846.91,0.03,1327.42,2199.69,25.73,3.46,0.25,NaN,0,0.6,0,NaN,0,0,4,0,0,4,0,9861.79,1482.4,1121.59,2247.08,261.13,0,0,0,NaN,980.53,NaN,57.75,4.97,0.49,0,0,0,19675.64
09/27/2025,09,5GNR,Upstate New York,070,Buffalo,HNRT,0709001,WEST_SENECA_HD,2279,43,0.78,14,1797,100,972,971,813.76,13.53,13.26,6.86,5.26,2.84,9.37,8.65,10.63,849.79,0.1,14.82,118.38,2.61,1.63,0.54,NaN,0,0.21,0,NaN,0,0,3,0,0,3,0,3248.98,2078.43,1237.05,2258.12,9.15,0,0,0,NaN,1043.82,NaN,183.78,0.21,0.19,0,0,0,1320.92
09/27/2025,09,5GNR,Upstate New York,070,Buffalo,HNRT,0709001,WEST_SENECA_HD,2279,44,1.21,15,1237,100,586,586,1050.63,14.5,14.76,5.3,3.97,2.06,7.46,8.94,11.37,941.07,0,9.74,166.41,3.14,1.51,0.22,NaN,0,0.04,0,NaN,0,0,2,0,0,2,0,4306.57,2777.78,4675.18,1677.97,5.95,0,0,0,NaN,6324.68,NaN,0,0.06,0.01,0,0,0,1480.34
09/27/2025,09,5GNR,Upstate New York,070,Buffalo,HNRT,0709001,WEST_SENECA_HD,2279,45,0.79,8,1011,100,583,583,922.46,12.51,14.89,5.97,4.34,2.08,25.36,8.5,11.69,558.02,0,4.92,195.78,3.84,2.95,2.06,NaN,0,0.91,0,NaN,0,0,1,0,0,1,0,3058.82,2060.61,1028.85,929.29,5.12,0,0,0,NaN,19.05,NaN,0,0.03,0.01,0,0,0,1358.84
09/27/2025,09,5GNR,Upstate New York,070,Buffalo,HNRT,0709001,WEST_SENECA_HD,3279,43,2.03,35,1727,100,879,878,2992.84,2.18,148.55,0.32,0.39,0.55,2.81,6.28,7.37,2393.75,0.11,38.12,78.75,1.63,0.42,1.43,NaN,0,0.79,0,NaN,0,NaN,0,0,NaN,0,0,NaN,NaN,NaN,NaN,NaN,0,NaN,0,NaN,NaN,NaN,NaN,0,0,0,0,0,2470.11
09/27/2025,09,5GNR,Upstate New York,070,Buffalo,HNRT,0709001,WEST_SENECA_HD,3279,44,0.96,20,2081,100,1064,1063,10383.39,5.69,164.57,1.14,0.85,0.33,1.79,7.97,13.56,7016.21,0.09,349.69,660.39,4.74,1.47,0.73,NaN,0,0,0,NaN,0,0,1,0,0,1,0,12696.97,661.29,1267.68,979.17,81.92,0,0,0,NaN,0,NaN,0,0.06,0.01,0,0,0,9916.4
09/27/2025,09,5GNR,Upstate New York,070,Buffalo,HNRT,0709001,WEST_SENECA_HD,3279,45,12.57,351,2793,100,1505,1501,9126.37,6.41,73.77,1.66,4.83,8.65,12.32,5.32,4.93,7070.44,0.27,307.69,583.41,13.16,0.45,11.45,NaN,0,5.67,0,NaN,0,NaN,0,0,NaN,0,0,7500,NaN,3500,NaN,NaN,0,NaN,0,NaN,NaN,NaN,NaN,0,0,0,0,0,8686.92
09/27/2025,09,5GNR,Upstate New York,070,Buffalo,HNRT,0709001,WEST_SENECA_PD,3077,55,1.07,47,4395,100,2327,2326,19096.95,7.8,164.24,1.33,1.43,1.57,2.1,7.59,11.68,16147.99,0.04,720.29,1310.15,20.53,1.18,0.56,NaN,0,0.61,0,NaN,0,0,3,0,0,3,0,8109.44,708.03,703.86,5004.63,32.77,0,0,0,NaN,0,NaN,1823.53,0.15,0.05,0,0,0,19281.99
09/27/2025,09,5GNR,Upstate New York,070,Buffalo,HNRT,0709001,WEST_SENECA_PD,3077,56,0.87,45,5162,100,3469,3466,49065.16,18.81,189.48,1.23,2.43,4.56,0.83,7.91,12.98,39570.85,0.09,1708.92,4077.59,32.82,2.71,0.29,NaN,0.07,0.2,0,NaN,0,0,9,0,0,9,0,9107.47,674.94,671.34,2266.1,39.93,0,0,0.02,NaN,0.37,NaN,188.67,18.08,17.63,0,0,0,48794.45
09/27/2025,09,5GNR,Upstate New York,070,Buffalo,HNRT,0709001,WEST_SENECA_PD,3077,57,19.28,978,5072,100,2209,2208,12653.06,8.71,74.43,2.14,6.74,13,17.73,4.4,7.71,10331.16,0.05,473.16,1126.52,18.66,0.95,3.65,NaN,0.16,5.53,0,NaN,0,0,8,0,0,8,0,10277.09,808.6,870.39,31215.58,38.02,0,0,0.01,NaN,373.65,NaN,1854.45,5.55,0.61,0,0,0,12812.17
09/27/2025,09,5GNR,Upstate New York,070,Buffalo,HNRT,0709001,WILLIAMSVILLE_HD,2255,156,7.27,180,2477,100,1745,1745,1675.81,23.8,8.59,12.66,10.8,8.63,5.83,8.42,11.2,632.89,0,9.64,394.11,8.26,2.66,1.03,NaN,0,0.95,0,NaN,0,0,9,0,0,9,0,3570.04,3130.74,3254.16,1473.34,21.51,0,0,0.16,NaN,62823.99,NaN,214.64,21.71,1.42,0,0,0,2390.27
09/27/2025,09,5GNR,Upstate New York,070,Buffalo,HNRT,0709001,WILLIAMSVILLE_HD,2255,157,6.5,63,969,100,504,504,1441.59,11.24,17.89,2.75,2.06,0.99,5.9,8.54,13.54,860.85,0,157.07,441.85,5.83,7.55,0.36,NaN,0,0.3,0,NaN,0,0,1,0,0,1,0,4166.67,4200,2100,1750,NaN,0,0,0,NaN,0,NaN,0,0,0,0,0,0,1496.74
09/27/2025,09,5GNR,Upstate New York,070,Buffalo,HNRT,0709001,WILLIAMSVILLE_HD,2255,158,2.95,72,2439,100,1463,1462,2978.8,31.39,9.79,13.13,10.27,6.57,9.76,8.34,11.32,1477.59,0.07,49.54,511.57,9.88,3.46,0.32,NaN,0,1.55,0,NaN,0,0,14,0,0,14,0,3497.39,2381.82,2315.12,987.52,17.83,0,0,0.02,NaN,34328.6,NaN,95.37,2.03,0.46,0,0,0,4733
09/27/2025,09,5GNR,Upstate New York,070,Buffalo,HNRT,0709001,WILLIAMSVILLE_HD,3255,156,3.75,25,667,100,450,450,2884.65,1.7,176.16,0.36,0.31,0.15,0.36,7.97,13.58,1741.65,0,191.45,762.76,4.32,15.1,0.53,NaN,0,0.49,0,NaN,0,0,2,0,0,2,0,8000,1000,2816.24,0,NaN,0,0,0,NaN,0,NaN,0,0,0,0,0,0,2115.63
09/27/2025,09,5GNR,Upstate New York,070,Buffalo,HNRT,0709001,WILLIAMSVILLE_HD,3255,157,1.01,11,1085,100,621,621,8853.19,3.09,151.36,1.33,0.98,0.27,0.73,8.48,18.29,5445.81,0,550.57,1073.04,5.49,12.31,0.05,NaN,0,0.06,0,NaN,0,0,7,0,0,7,0,7785.71,735.04,745.24,1068.81,16.38,0,0,0,NaN,0,NaN,0,0.08,0.06,0,0,0,8706.76
09/27/2025,09,5GNR,Upstate New York,070,Buffalo,HNRT,0709001,WILLIAMSVILLE_HD,3255,158,0.98,58,5897,100,4093,4093,47465.01,18.23,109.33,0.64,1.37,2.36,0.42,7.85,10.99,37065.39,0,1400.49,4541.24,46.56,1.99,0.17,NaN,0.02,0.34,0,NaN,0,0,29,0,0,29,0,7950.54,692.65,684.96,1723.62,31.05,0.02,0,0.06,NaN,0.34,NaN,123.97,226.57,225.82,0,0,0,46054.29
09/27/2025,09,5GNR,Upstate New York,070,Buffalo,HNRT,0709001,WITMER_ROAD,2532,200,0.48,9,1884,100,1284,1284,2781.7,30.82,9.56,9.09,7.39,3.37,2.17,8.44,12.69,1176.16,0,6.03,214.42,3.35,4.27,0,NaN,0,0.08,0,NaN,0,NaN,0,0,NaN,0,0,NaN,NaN,NaN,NaN,NaN,0,NaN,0,NaN,NaN,NaN,NaN,0,0,0,0,0,2736.94
09/27/2025,09,5GNR,Upstate New York,070,Buffalo,HNRT,0709001,WITMER_ROAD,2532,201,1.03,15,1458,100,715,715,1871.97,31.55,5.81,13.42,10.7,5.38,4.01,8.14,12.15,768.47,0,4.56,224.86,4.35,2.43,0.1,NaN,0,0.44,0,NaN,0,0,5,0,0,5,0,4122.85,2682.63,3471,2298.3,15.39,0,0,0.02,NaN,37782.93,NaN,301.41,1.78,0.09,0,0,0,1834.86
09/27/2025,09,5GNR,Upstate New York,070,Buffalo,HNRT,0709001,WITMER_ROAD,2532,202,3.23,18,557,100,334,334,269.46,5.45,5.96,3.37,2.72,0.49,8.66,9,12.94,114.63,0,0.89,52.27,0.84,3.83,0.33,NaN,0,0.39,0,NaN,0,NaN,0,0,NaN,0,0,NaN,5000,2500,6000,NaN,0,0,0,NaN,NaN,NaN,NaN,0,0,0,0,0,264.31
09/27/2025,09,5GNR,Upstate New York,070,Buffalo,HNRT,0709001,WITMER_ROAD,3532,200,0.35,14,3953,100,2932,2932,50398.62,17.25,231.99,1.67,1.81,2.02,0.51,7.72,11.48,39293.68,0,2793.56,4172.38,35.03,3.4,0.14,NaN,0,0.55,0,NaN,0,NaN,0,0,NaN,0,0,NaN,NaN,NaN,NaN,NaN,0,NaN,0,NaN,NaN,NaN,NaN,0,0,0,0,0,50255.84
09/27/2025,09,5GNR,Upstate New York,070,Buffalo,HNRT,0709001,WITMER_ROAD,3532,201,0.42,35,8320,100,5072,5072,61612.4,24.37,164.39,1.83,3.65,6.33,0.58,7.8,11.9,53291.66,0,3250.07,4977.98,39.33,2.03,0.21,NaN,0,0.3,0,NaN,0,0,9,0,0,9,0,8048.92,906.76,824.18,2025.96,55.08,0,0,0,NaN,38.29,NaN,16.15,1.56,0.38,0,0,0,61898.56
09/27/2025,09,5GNR,Upstate New York,070,Buffalo,HNRT,0709001,WITMER_ROAD,3532,202,1.32,21,1589,100,986,986,14508.57,5.96,193.52,1.48,1.52,1.59,2.12,7.56,16.03,12244.7,0,786.66,1152.49,5.83,2.05,0.29,NaN,0,1.06,0,NaN,0,0,5,0,0,5,0,9047.71,1426.55,927.42,1600.73,507.9,0,0,0,NaN,0,NaN,131.39,0.35,0.07,0,0,0,14776.5
09/27/2025,09,5GNR,Upstate New York,070,Buffalo,HNRT,0709002,2_MILE_CREEK,2128,413,6.9,41,594,100,477,477,2399.43,25.19,17.52,3.3,2.81,2.24,1.37,7.81,14.16,2149.22,0,482.85,1386.18,18.56,9.22,0.55,NaN,0,0.17,0,NaN,0,NaN,0,0,NaN,0,0,NaN,NaN,NaN,NaN,NaN,0,NaN,0,NaN,NaN,NaN,NaN,0,0,0,0,0,2654.53
09/27/2025,09,5GNR,Upstate New York,070,Buffalo,HNRT,0709002,2_MILE_CREEK,2128,414,2.56,61,2383,100,2284,2282,2475.17,33.76,10.54,8.28,6.69,4.73,2.65,8.07,10.9,2294.25,0.09,182.99,435.8,8.75,1.85,0.73,NaN,0,0.64,0,NaN,0,0,2,0,0,2,0,3146.27,2316.41,1342.27,1567.9,12.34,0,0,0,NaN,74.53,NaN,137.87,0.24,0.26,0,0,0,3171.63
09/27/2025,09,5GNR,Upstate New York,070,Buffalo,HNRT,0709002,2_MILE_CREEK,2128,415,3.81,17,446,100,336,336,183.84,4.25,8.47,0.89,0.65,0.17,17.47,7.92,10.81,208.58,0,25.29,46.66,0.89,1.5,4.33,NaN,0,0.62,0,NaN,0,NaN,0,0,NaN,0,0,NaN,NaN,NaN,NaN,NaN,0,NaN,0,NaN,NaN,NaN,NaN,0,0,0,0,0,221.5
09/27/2025,09,5GNR,Upstate New York,070,Buffalo,HNRT,0709002,2_MILE_CREEK,3128,413,1.47,10,682,100,480,480,12874.66,3.65,535.6,2.72,1.73,0.06,0.39,7.75,13.5,12262.57,0,1438.33,1829.35,10.38,12.88,0.71,NaN,0,1.91,0,NaN,0,NaN,0,0,NaN,0,0,NaN,NaN,NaN,NaN,NaN,0,NaN,0,NaN,NaN,NaN,NaN,0,0,0,0,0,12662.92
09/27/2025,09,5GNR,Upstate New York,070,Buffalo,HNRT,0709002,2_MILE_CREEK,3128,414,0.75,10,1332,100,1082,1082,18720.97,6.63,291.81,1.33,0.9,0.1,0.38,7.98,15.02,15947.72,0,669.13,1372.04,6.34,6.07,0,NaN,0,0.26,0,NaN,0,0,4,0,0,4,0,8350,740,736.36,875.58,65.54,0,0,0,NaN,40.91,NaN,0,0.1,0.08,0,0,0,18165.76
09/27/2025,09,5GNR,Upstate New York,070,Buffalo,HNRT,0709002,2_MILE_CREEK,3128,415,1.77,7,395,100,257,257,1901.25,0.76,206.55,0.08,0.1,0.17,0.69,8.41,13.5,1774.82,0,70.56,151.36,1.24,5.28,0,NaN,0,0.92,NaN,NaN,NaN,NaN,0,0,NaN,0,0,NaN,NaN,NaN,NaN,NaN,0,NaN,0,NaN,NaN,NaN,NaN,0,0,0,0,0,1847.1
09/27/2025,09,5GNR,Upstate New York,070,Buffalo,HNRT,0709002,ALDEN_DT,2544,479,5.15,29,563,100,240,236,850.28,11.48,18.01,1.23,0.95,0.65,3.06,8.55,10.29,977.38,1.67,289.06,411.33,8.8,4.26,3.22,NaN,0,0.47,0,NaN,0,NaN,0,0,NaN,0,0,NaN,NaN,NaN,NaN,NaN,0,NaN,0,NaN,NaN,NaN,NaN,0,0,0,0,0,1250.46
09/27/2025,09,5GNR,Upstate New York,070,Buffalo,HNRT,0709002,ALDEN_DT,2544,480,6.09,102,1674,100,878,877,12105.74,72.93,12.26,10.98,10.61,10.15,0.61,7.87,11.19,11084.3,0.11,623.94,1306.7,29.58,3.13,0.29,NaN,0,0.07,0,NaN,0,0,4,0,0,4,0,3424.61,2656.32,2797.73,3826.33,15.61,0,0,0.01,NaN,10261.67,NaN,391.79,1.91,0.35,0,0,0,13906.25
09/27/2025,09,5GNR,Upstate New York,070,Buffalo,HNRT,0709002,ALDEN_DT,2544,481,2.5,18,721,100,534,532,3604.49,27,26.25,2.6,2.17,1.46,5.54,8.18,9.6,2874.79,0.37,142.82,321.76,7.08,2.9,2.13,NaN,0,0,0,NaN,0,NaN,0,0,NaN,0,0,NaN,NaN,NaN,NaN,NaN,0,NaN,0,NaN,NaN,NaN,NaN,0,0,0,0,0,5516.05
09/27/2025,09,5GNR,Upstate New York,070,Buffalo,HNRT,0709002,ALDEN_DT,3544,479,6.86,63,919,100,801,801,9384.59,5,222.2,0.64,0.64,0.62,4.68,6.08,5.82,8045.05,0,172.63,274.23,5.18,1.01,3.28,NaN,0,0,0,NaN,0,NaN,0,0,NaN,0,0,10500,67666.67,67666.67,0,NaN,0,0,0,NaN,NaN,NaN,NaN,0,0,0,0,0,8947.46
09/27/2025,09,5GNR,Upstate New York,070,Buffalo,HNRT,0709002,ALDEN_DT,3544,480,1.46,38,2594,100,1890,1888,27620.3,12.35,222.89,1.58,1.32,0.81,0.47,7.53,10.84,24691.26,0.11,1078.3,1487.5,10.86,1.89,0.8,NaN,0,0.51,0,NaN,0,NaN,0,0,NaN,0,0,7331.34,2500,3064.18,0,NaN,0,0,0,NaN,NaN,NaN,NaN,0,0,0,0,0,25538.76
09/27/2025,09,5GNR,Upstate New York,070,Buffalo,HNRT,0709002,ALDEN_DT,3544,481,13.84,142,1026,100,677,677,22404.21,11.55,161.32,1.42,1.68,2.25,4.77,5.44,4.44,20145.02,0,190.42,328.68,6.8,0.85,5.26,NaN,0,1.08,0,NaN,0,NaN,0,0,NaN,0,0,NaN,NaN,NaN,NaN,NaN,0,NaN,0,NaN,NaN,NaN,NaN,0,0,0,0,0,20544.97
09/27/2025,09,5GNR,Upstate New York,070,Buffalo,HNRT,0709002,AMSDELL_AND_RTE_20,2029,242,0.92,15,1630,100,802,802,1575.22,20,18.12,3.08,2.35,1.34,8.19,8.61,11.61,1499.94,0,84.53,278.65,5.35,2.9,0.06,NaN,0,0.12,0,NaN,0,0,1,0,0,1,0,3250,27000,13500,0,NaN,0,0,0,NaN,0,NaN,0,0,0,0,0,0,2532.81
09/27/2025,09,5GNR,Upstate New York,070,Buffalo,HNRT,0709002,AMSDELL_AND_RTE_20,2029,243,1.93,31,1604,100,1077,1077,798.14,14.15,14.43,3.39,2.68,1.91,20.03,8.26,10.72,494.28,0,48.37,208.79,4.79,1.76,1.33,NaN,0,0.11,0,NaN,0,0,3,0,0,3,0,3000,8571.43,5566.67,1600,NaN,0,0,0,NaN,0,NaN,0,0,0,0,0,0,1014.75
09/27/2025,09,5GNR,Upstate New York,070,Buffalo,HNRT,0709002,AMSDELL_AND_RTE_20,2029,244,1.96,7,358,100,110,110,267.63,3.26,14.01,0.47,0.39,0.11,6.66,9.13,12.9,172.69,0,7.6,46.15,0.63,4.15,0,NaN,0,0.45,0,NaN,0,NaN,0,0,NaN,0,0,NaN,NaN,NaN,NaN,NaN,0,NaN,0,NaN,NaN,NaN,NaN,0,0,0,0,0,387.23
09/27/2025,09,5GNR,Upstate New York,070,Buffalo,HNRT,0709002,AMSDELL_AND_RTE_20,3029,242,2.39,55,2300,100,1732,1731,10198.79,5.43,150.09,1.56,1.17,0.59,1.41,7.34,8.59,7353.79,0.06,349.64,651.92,10.94,1,0.99,NaN,0,0.44,0,NaN,0,0,2,0,0,2,0,7792.21,3601.69,2922.08,5115.94,NaN,0,0,0,NaN,546.67,NaN,0,0.03,0.01,0,0,0,9147.83
09/27/2025,09,5GNR,Upstate New York,070,Buffalo,HNRT,0709002,AMSDELL_AND_RTE_20,3029,243,2.19,71,3241,100,2766,2764,7815.53,3.71,173.03,1.03,0.89,0.68,1.58,8.28,13.5,6727.01,0.07,369.84,592.88,7.15,1.02,0.6,NaN,0,0,0,NaN,0,0,6,0,0,6,0,7295.45,3636.36,3636.36,0,NaN,0,0,0,NaN,0,NaN,0,0,0,0,0,0,7528.51
09/27/2025,09,5GNR,Upstate New York,070,Buffalo,HNRT,0709002,AMSDELL_AND_RTE_20,3029,244,4.56,52,1141,100,466,466,4962.88,1.69,104.82,0.85,0.72,0.53,1.83,7.82,9.4,3953.37,0,130.89,250.57,8.39,0.74,5.88,NaN,0,0.44,0,NaN,0,0,1,0,0,1,0,5700,642.86,642.86,0,NaN,0,0,0,NaN,0,NaN,NaN,0,0,0,0,0,4817.3
09/27/2025,09,5GNR,Upstate New York,070,Buffalo,HNRT,0709002,ARGYLE_PARK,2354,386,7.83,27,345,100,97,97,579.78,10.67,6.86,2.53,1.65,0.46,4.02,7.69,12.26,86.25,0,5.31,92.66,1.44,3.44,0,100,0,2.11,0,NaN,0,0,2,0,0,2,0,3893.29,4646.97,7333.55,1270,3.49,0.04,0,2.63,NaN,313057.86,NaN,29.57,54.35,1.42,0,0,0,572.56
09/27/2025,09,5GNR,Upstate New York,070,Buffalo,HNRT,0709002,ARGYLE_PARK,2354,387,4.75,29,610,100,429,429,3494.61,27.91,14.53,2.64,2.07,1.1,1.51,8.18,12.1,1434.7,0,111.19,346.65,5.27,4.25,0.47,100,0,0.26,0,NaN,0,0,8,0,0,8,0,3558,3015.06,2142.51,6723.06,4.33,0,0,0.01,NaN,883.22,NaN,309.14,0.27,0.3,0,0,0,3453.79
09/27/2025,09,5GNR,Upstate New York,070,Buffalo,HNRT,0709002,ARGYLE_PARK,2354,388,3.7,56,1512,100,966,966,8154.55,82.99,5.46,23.35,18.76,13.82,1.06,7.82,11.7,6018.27,0,2786.18,4050.86,61.03,7.01,0.43,100,0,0.88,0,NaN,0,0,11,0,0,11,0,3476.04,2853.46,4495.1,1853.09,11.31,0.01,0,0.41,NaN,127798.09,NaN,74.03,53.91,2.72,0,0,0,7996.96
09/27/2025,09,5GNR,Upstate New York,070,Buffalo,HNRT,0709002,ARGYLE_PARK,3354,86,0.88,15,1714,100,1083,1082,35529.17,15.62,245.65,1.48,1.11,0.33,0.24,7.44,10.83,34273.61,0.09,686.97,1047.51,10.17,1.66,0.2,100,0,0.46,0,NaN,0,0,1,0,0,1,0,9405.76,820.39,821.99,1422.82,NaN,0,0,0,NaN,0,NaN,0,0.13,0.03,0,0,0,35482.76
09/27/2025,09,5GNR,Upstate New York,070,Buffalo,HNRT,0709002,ARGYLE_PARK,3354,87,0.52,9,1729,100,1555,1555,21116.04,8.63,213.59,1.18,0.82,0.22,0.36,7.57,10.95,15713.87,0,1582.99,2435.62,23.29,3.13,0,100,0,0.21,0,NaN,0,0,5,0,0,5,0,7568.97,953.33,959.77,863.01,NaN,0,0,0,NaN,0,NaN,0,0.01,0.01,0,0,0,21241.73
09/27/2025,09,5GNR,Upstate New York,070,Buffalo,HNRT,0709002,ARGYLE_PARK,3354,88,1.06,23,2177,100,1877,1877,32756.17,13.69,207.22,1.03,1,0.94,0.52,7.44,5.19,29680.33,0,758.87,1198.68,20.37,2.87,0.75,100,0,0.22,0,NaN,0,0,1,0,0,1,0,9456.52,1065.22,1060,3000,NaN,0,0,0,NaN,0,NaN,0,0,0,0,0,0,33128.91
09/27/2025,09,5GNR,Upstate New York,070,Buffalo,HNRT,0709002,ATHOL_SPRINGS,2309,500,4.21,33,783,100,431,431,1298.42,12.87,18.54,2.16,1.7,1.2,6.2,8.65,11.16,965.42,0,98.44,499.2,8.52,5.33,0.61,NaN,0,0.11,0,NaN,0,0,1,0,0,1,0,3346.15,3102.04,1590.91,1500,0,0,0,0,NaN,0,NaN,0,0.01,0.01,0,0,0,1789.67
09/27/2025,09,5GNR,Upstate New York,070,Buffalo,HNRT,0709002,ATHOL_SPRINGS,2309,501,3.02,13,430,100,180,179,255.97,3.33,15.45,0.54,0.45,0.24,9.71,9,13.2,233.18,0.56,18.63,60.83,0.87,1.59,0.58,NaN,0,1.57,0,NaN,0,NaN,0,0,NaN,0,0,NaN,NaN,NaN,NaN,NaN,0,NaN,0,NaN,NaN,NaN,NaN,0,0,0,0,0,271.05
09/27/2025,09,5GNR,Upstate New York,070,Buffalo,HNRT,0709002,ATHOL_SPRINGS,2309,502,1.12,10,895,100,603,603,1833.95,17.36,18.46,2.63,2.12,1.54,8.88,8.25,10.95,1189.72,0,77.55,308.23,6.01,2.05,0.15,NaN,0,0.21,0,NaN,0,0,3,0,0,3,0,3020.16,2068.18,1019.84,922.41,1.95,0,0,0,NaN,0,NaN,51.28,0.02,0.02,0,0,0,2540.42
09/27/2025,09,5GNR,Upstate New York,070,Buffalo,HNRT,0709002,ATHOL_SPRINGS,3309,500,1.56,27,1726,100,1366,1363,10087.27,3.64,212.98,1.4,0.96,0.25,1.58,8.37,11.19,7559.19,0.22,443.64,714.69,9.35,2.1,0.81,NaN,0,0.26,0,NaN,0,0,3,0,0,3,0,8265.66,1163.99,1366.62,4349.04,65.54,0,0,0,NaN,25.74,NaN,1392.32,1.02,0.19,0,0,0,9487.2
09/27/2025,09,5GNR,Upstate New York,070,Buffalo,HNRT,0709002,ATHOL_SPRINGS,3309,501,1.3,38,2933,100,2186,2183,13141.78,6.25,177.67,1.56,1.36,1.04,1.69,7.76,12.72,10480.38,0.14,273.1,1386.1,10.18,3.04,0.77,NaN,0,0.05,0,NaN,0,NaN,0,0,NaN,0,0,9000,1500,1500,0,NaN,0,0,0,NaN,NaN,NaN,NaN,0,0,0,0,0,13036.53
09/27/2025,09,5GNR,Upstate New York,070,Buffalo,HNRT,0709002,ATHOL_SPRINGS,3309,502,6.96,324,4652,100,3686,3682,16784.27,10.09,101.27,1.76,5.24,10.29,8.42,5.82,5.4,12770.45,0.11,313.88,693.32,16.99,0.38,3.51,NaN,0,0.88,0,NaN,0,0,7,0,0,7,0,8795.62,7473.21,6697.92,30725.49,40.96,0,0,0,NaN,0,NaN,1022.9,0.05,0.02,0,0,0,16039.02
09/27/2025,09,5GNR,Upstate New York,070,Buffalo,HNRT,0709002,AURORA,2267,341,22.7,84,370,100,206,206,880.2,9.02,17.85,0.62,0.54,0.43,0.45,7.8,10.7,854.28,0,291.23,479.58,6.75,8.47,3.05,NaN,0,2.27,0,NaN,0,0,1,0,0,1,0,4032,2456.14,3364,927.67,546.13,0,0,0.01,NaN,5573.29,NaN,115.73,1.78,0.14,0,0,0,953.91
09/27/2025,09,5GNR,Upstate New York,070,Buffalo,HNRT,0709002,AURORA,2267,342,14.69,36,245,100,146,146,2421.6,14.21,31.2,0.22,0.29,0.46,0.15,7.69,12.79,1943.22,0,86.42,162.85,2.14,6.9,0.51,NaN,0,0,0,NaN,0,0,1,0,0,1,0,3000,3666.67,1833.33,0,NaN,0,0,0,NaN,0,NaN,0,0,0,0,0,0,2621.71
09/27/2025,09,5GNR,Upstate New York,070,Buffalo,HNRT,0709002,AURORA,2267,343,2.31,12,519,100,163,163,424.86,5.82,36.63,0.83,0.66,0.25,12.15,8.16,11.43,894.71,0,21.24,52.29,1.11,2.75,1.87,NaN,0,0.23,0,NaN,0,NaN,0,0,NaN,0,0,NaN,NaN,NaN,NaN,NaN,0,NaN,0,NaN,NaN,NaN,NaN,0,0,0,0,0,1152.33
09/27/2025,09,5GNR,Upstate New York,070,Buffalo,HNRT,0709002,AURORA,3267,341,2.21,80,3617,100,3073,3067,13446.06,8.74,163.88,1.03,1.28,1.66,1.29,7.12,12,13324.33,0.2,382.5,583.93,5.44,0.44,2.45,NaN,0,0,0,NaN,0,NaN,0,0,NaN,0,0,9718.26,858.06,1734.26,2214.41,169.86,0,0,0,NaN,3755.99,NaN,3536.84,9.79,0.09,0,0,0,13356.6
09/27/2025,09,5GNR,Upstate New York,070,Buffalo,HNRT,0709002,AURORA,3267,342,1.47,11,747,100,585,585,8334.56,3.09,296.15,1.95,1.23,0.1,0.18,7.67,8.04,7309.46,0,203.68,371.12,5.67,1.08,0,NaN,0,0.56,0,NaN,0,NaN,0,0,NaN,0,0,NaN,NaN,NaN,NaN,NaN,0,NaN,0,NaN,NaN,NaN,NaN,0,0,0,0,0,8095.22
09/27/2025,09,5GNR,Upstate New York,070,Buffalo,HNRT,0709002,AURORA,3267,343,12.17,142,1167,100,640,640,2770.66,1.87,88.75,0.58,0.95,1.6,13.69,4.76,5.77,1486.49,0,24.77,45.68,1.76,0.16,3.81,NaN,0,1.96,NaN,NaN,NaN,NaN,0,0,NaN,0,0,NaN,NaN,NaN,NaN,NaN,0,NaN,0,NaN,NaN,NaN,NaN,0,0,0,0,0,2042.03
09/27/2025,09,5GNR,Upstate New York,070,Buffalo,HNRT,0709002,BAILEY-33,2044,254,13.36,117,876,100,374,372,876.99,17.26,9.33,3.67,2.89,1.44,7.75,7.69,9.06,1020.08,0.53,49.82,101.79,2.09,1.69,0,NaN,0,0.38,0,NaN,0,NaN,0,0,NaN,0,0,NaN,NaN,NaN,NaN,NaN,0,NaN,0,NaN,NaN,NaN,NaN,0,0,0,0,0,1149.39
09/27/2025,09,5GNR,Upstate New York,070,Buffalo,HNRT,0709002,BAILEY-33,2044,255,5.41,57,1054,100,731,729,3691.2,45.01,11.9,5.97,5.02,3.27,0.58,7.59,9.51,3382.91,0.27,304.92,451.63,11.26,3.09,0.27,NaN,0,0.35,0,NaN,0,0,2,0,0,2,0,3452.38,5807.69,2193.18,1232.32,9.16,0,0,0,NaN,488.37,NaN,10.42,0.04,0.02,0,0,0,3821.49
09/27/2025,09,5GNR,Upstate New York,070,Buffalo,HNRT,0709002,BAILEY-33,2044,256,3.01,49,1630,100,782,782,2667.3,33.57,13.74,5.1,4.22,2.9,4.05,8.14,10.05,2512.07,0,96.81,293.48,6.33,1.63,0.55,NaN,0,0.63,0,NaN,0,0,1,0,0,1,0,6500,20200,10100,2333.33,NaN,0,0,0,NaN,0,NaN,0,0,0,0,0,0,3974.23
09/27/2025,09,5GNR,Upstate New York,070,Buffalo,HNRT,0709002,BAILEY-33,3044,254,0.98,19,1938,100,1402,1402,32615.72,10.36,328.38,1.62,1.08,0.22,0.29,7.38,16.39,28410.24,0,1944.07,3262.36,13.28,7.08,0,100,0,0.47,0,NaN,0,0,3,0,0,3,0,7902.09,655.17,830.61,1210.42,224.69,0,0,0,NaN,212.23,NaN,50.97,2.06,0.3,0,0,0,33814.4
09/27/2025,09,5GNR,Upstate New York,070,Buffalo,HNRT,0709002,BAILEY-33,3044,255,0.77,16,2070,100,1700,1695,35453.19,16.16,265.18,1.18,0.92,0.31,0.31,7.61,16.31,35471.56,0.29,770.85,1968.24,11.59,3.69,0.8,100,0.26,1.02,0,NaN,0,0,4,0,0,4,0,12838.35,2818.75,1282.77,1729.41,NaN,0,0,0,NaN,0,NaN,0,0.27,0.03,0,0,0,37414.95
09/27/2025,09,5GNR,Upstate New York,070,Buffalo,HNRT,0709002,BAILEY-33,3044,256,1.34,43,3202,100,2382,2382,43035.17,17.33,163.1,1.2,1.15,1.06,0.52,7.49,13.64,36525.58,0,1101.92,1785.28,14.81,1.81,0.65,100,0,0.14,0,NaN,0,0,5,0,0,5,0,7360.82,645.62,646.69,2108.81,36.55,0.01,0,0.01,NaN,9.51,NaN,26.7,5.19,4.96,0,0,0,42609.67
09/27/2025,09,5GNR,Upstate New York,070,Buffalo,HNRT,0709002,BAILEY_CLINTON,2060,275,2.37,26,1096,100,998,997,2155.93,19.55,17.25,2.77,2.19,1.46,1.92,8.31,11.71,1161.73,0.1,112.72,416.77,7.1,3.82,0.36,NaN,0,0.15,0,NaN,0,0,1,0,0,1,0,3151.83,3268.12,3082.47,6620.83,2.55,0,0,0,NaN,408.38,NaN,85.02,0.05,0.17,0,0,0,2687.32
09/27/2025,09,5GNR,Upstate New York,070,Buffalo,HNRT,0709002,BAILEY_CLINTON,2060,276,1.27,4,314,100,166,166,579.23,6.8,19.58,1.78,1.5,1.03,1.43,8.16,11.77,601.53,0,69.27,126.38,1.81,2.26,0.45,NaN,0,2.08,0,NaN,0,NaN,0,0,NaN,0,0,NaN,NaN,NaN,NaN,NaN,0,NaN,0,NaN,NaN,NaN,NaN,0,0,0,0,0,721.54
09/27/2025,09,5GNR,Upstate New York,070,Buffalo,HNRT,0709002,BAILEY_CLINTON,2060,277,9.23,12,130,100,32,32,167.87,1.87,19.37,0.08,0.07,0.02,20.54,8.99,13.93,123.2,0,0.68,6.49,0.11,1.72,0,NaN,0,0,0,NaN,0,NaN,0,0,NaN,0,0,NaN,NaN,NaN,NaN,NaN,0,NaN,0,NaN,NaN,NaN,NaN,0,0,0,0,0,127.09
09/27/2025,09,5GNR,Upstate New York,070,Buffalo,HNRT,0709002,BAILEY_CLINTON,3060,275,0.71,16,2249,100,1733,1733,18845.95,6.5,254.04,1.59,1.08,0.31,1.3,8.08,14.18,15445.2,0,706.03,1272.7,11.06,2.5,1.4,100,0,0.36,0,NaN,0,0,10,0,0,10,0,8659.52,629.82,628.53,3377.81,29.84,0,0,0.01,NaN,1.14,NaN,236.16,17.05,26.62,0,0,0,18301.65
09/27/2025,09,5GNR,Upstate New York,070,Buffalo,HNRT,0709002,BAILEY_CLINTON,3060,276,2.49,87,3491,100,3000,3000,38395.35,14.46,176.92,1.43,1.5,1.62,2.22,7.07,9.22,35647.79,0,2017.77,2772.02,40.43,2.13,2.6,100,0,0.45,0,NaN,0,0,5,0,0,5,0,8421.89,762.38,718.33,2793.8,49.15,0,0,0,NaN,101.97,NaN,157.52,0.26,0.15,0,0,0,38349.2
09/27/2025,09,5GNR,Upstate New York,070,Buffalo,HNRT,0709002,BAILEY_CLINTON,3060,277,1.1,46,4182,100,2871,2869,46581.9,21.99,146.92,0.97,2.06,3.94,1.92,7.08,7.93,42497.85,0.07,1408.49,2176.37,39.31,1.66,0.93,100,0,0.5,0,NaN,0,0,4,0,0,4,0,8913.84,1123.8,887.83,1642.67,16.38,0,0,0,NaN,0,NaN,10.32,0.77,0.22,0,0,0,47119.11
09/27/2025,09,5GNR,Upstate New York,070,Buffalo,HNRT,0709002,BEACH_RIDGE,2590,422,5.26,50,950,100,662,660,2042.46,15.96,24.94,2.08,1.77,1.33,1.27,8.69,13.11,2119.1,0.3,143.2,319.24,4.92,4.18,0.41,NaN,0,0.15,0,NaN,0,NaN,0,0,NaN,0,0,NaN,NaN,NaN,NaN,NaN,0,NaN,0,NaN,NaN,NaN,NaN,0,0,0,0,0,2718.2
09/27/2025,09,5GNR,Upstate New York,070,Buffalo,HNRT,0709002,BEACH_RIDGE,2590,423,1.91,35,1836,100,343,341,2727.14,27.28,18.12,6.25,4.93,2.75,1.26,8.03,12.5,2727.99,0.58,274.04,463.66,7.04,4.25,0.6,NaN,0,0.1,0,NaN,0,NaN,0,0,NaN,0,0,NaN,NaN,NaN,NaN,NaN,0,NaN,0,NaN,NaN,NaN,NaN,0,0,0,0,0,3137.83
09/27/2025,09,5GNR,Upstate New York,070,Buffalo,HNRT,0709002,BEACH_RIDGE,2590,424,1.06,24,2265,100,934,933,1808.77,20.31,20.83,3.52,2.74,1.88,3.19,8.01,10.06,2251.13,0.11,178.99,367.71,8.15,2.65,0.26,NaN,0,0.19,0,NaN,0,NaN,0,0,NaN,0,0,NaN,NaN,NaN,NaN,NaN,0,NaN,0,NaN,NaN,NaN,NaN,0,0,0,0,0,2762.8
09/27/2025,09,5GNR,Upstate New York,070,Buffalo,HNRT,0709002,BEACH_RIDGE,3590,422,1.2,18,1497,100,1266,1266,17161.98,5.16,287.21,2.74,1.89,0.09,0.2,8,13.61,15149.74,0,701.08,1038.47,5.41,3.79,0.93,NaN,0.52,0.52,NaN,NaN,NaN,NaN,0,0,NaN,0,0,NaN,NaN,NaN,NaN,NaN,0,NaN,0,NaN,NaN,NaN,NaN,0,0,0,0,0,16272.19
09/27/2025,09,5GNR,Upstate New York,070,Buffalo,HNRT,0709002,BEACH_RIDGE,3590,423,1.19,22,1853,100,1313,1313,19602.19,7.18,205.82,1.03,0.74,0.28,0.33,7.64,14.96,16921.96,0,653.8,996.16,8.14,1.42,0.59,NaN,0,0.33,0,NaN,0,0,6,0,0,6,0,8364.29,667.71,662.93,1162.55,21.07,0,0,0,NaN,0,NaN,318.79,0.39,0.24,0,0,0,19035.24
09/27/2025,09,5GNR,Upstate New York,070,Buffalo,HNRT,0709002,BEACH_RIDGE,3590,424,2.52,32,1271,100,913,913,52672.96,18.32,184.18,1.03,1.03,1.04,0.32,7.48,5.67,46574.34,0,2552.75,3759.18,61.22,1.98,0.85,NaN,0,0.23,0,NaN,0,0,1,0,0,1,0,6980,744.05,764,9165.22,NaN,0,0,0,NaN,0,NaN,0,0.05,0.03,0,0,0,54672.44
09/27/2025,09,5GNR,Upstate New York,070,Buffalo,HNRT,0709002,BENNETT_RD_AND_RTE_5,2116,287,1.49,2,134,100,39,39,737.82,11.62,12.27,0.24,0.24,0.16,0.73,7.76,11.18,729.95,0,0.93,8.02,0.2,1.25,1.33,NaN,0,0,NaN,NaN,NaN,NaN,0,0,NaN,0,0,NaN,NaN,NaN,NaN,NaN,0,NaN,0,NaN,NaN,NaN,NaN,0,0,0,0,0,740.52
09/27/2025,09,5GNR,Upstate New York,070,Buffalo,HNRT,0709002,BENNETT_RD_AND_RTE_5,2116,288,2.26,15,665,100,327,326,281.72,3.12,26.34,0.31,0.26,0.13,1.61,8.92,12.06,357.02,0.31,12.67,38.34,0.74,1.63,0.21,NaN,0,0,0,NaN,0,NaN,0,0,NaN,0,0,NaN,NaN,NaN,NaN,NaN,0,NaN,0,NaN,NaN,NaN,NaN,0,0,0,0,0,409.68
09/27/2025,09,5GNR,Upstate New York,070,Buffalo,HNRT,0709002,BENNETT_RD_AND_RTE_5,2116,289,5.38,12,223,100,168,168,162.68,1.84,14.51,0.25,0.24,0.2,8.42,8.38,11.61,165.42,0,5.69,15.17,0.28,1.38,2.31,NaN,0,0.29,0,NaN,0,NaN,0,0,NaN,0,0,NaN,NaN,NaN,NaN,NaN,0,NaN,0,NaN,NaN,NaN,NaN,0,0,0,0,0,181.17
09/27/2025,09,5GNR,Upstate New York,070,Buffalo,HNRT,0709002,BENNETT_RD_AND_RTE_5,3116,287,7.45,26,349,100,243,243,1414.76,0.68,297.6,0.09,0.13,0.31,1.41,7.43,7.89,1462.64,0,26.95,49.53,1.41,0.73,1.92,NaN,0,3.45,0,NaN,0,NaN,0,0,NaN,0,0,NaN,NaN,NaN,NaN,NaN,0,NaN,0,NaN,NaN,NaN,NaN,0,0,0,0,0,1525.71
09/27/2025,09,5GNR,Upstate New York,070,Buffalo,HNRT,0709002,BENNETT_RD_AND_RTE_5,3116,288,1.45,12,828,100,606,606,1703.46,1.01,206.26,0.69,0.45,0.1,0.75,7.46,7.26,1536.61,0,263.49,297.24,3.89,1.13,3.49,NaN,0,0,NaN,NaN,NaN,NaN,0,0,NaN,0,0,NaN,NaN,NaN,NaN,NaN,0,NaN,0,NaN,NaN,NaN,NaN,0,0,0,0,0,1551.88
09/27/2025,09,5GNR,Upstate New York,070,Buffalo,HNRT,0709002,BENNETT_RD_AND_RTE_5,3116,289,22.55,108,479,100,303,303,448.71,0.33,103.05,0.16,0.46,1.34,26.82,3.31,4.24,423.92,0,7.78,11.87,0.53,0.15,14.55,NaN,0,12.12,0,NaN,0,NaN,0,0,NaN,0,0,NaN,NaN,NaN,NaN,NaN,0,NaN,0,NaN,NaN,NaN,NaN,0,0,0,0,0,435.6
09/27/2025,09,5GNR,Upstate New York,070,Buffalo,HNRT,0709002,BIG_TREE_RD,3036,251,1.79,1,56,100,14,14,34.24,0.01,511.86,0,0,0.12,0.47,8.63,19.65,33.76,0,1.84,2.39,0.01,1.21,0,NaN,0,0,NaN,NaN,NaN,NaN,0,0,NaN,0,0,NaN,NaN,NaN,NaN,NaN,0,NaN,0,NaN,NaN,NaN,NaN,0,0,0,0,0,33.82
09/27/2025,09,5GNR,Upstate New York,070,Buffalo,HNRT,0709002,BIG_TREE_RD,3036,252,0,0,133,100,110,110,604.45,0.18,322.22,0.05,0.05,0.07,0.29,7.94,13.61,598.39,0,13.95,18.59,0.12,1.06,0,NaN,0,0,NaN,NaN,NaN,NaN,0,0,NaN,0,0,NaN,NaN,NaN,NaN,NaN,0,NaN,0,NaN,NaN,NaN,NaN,0,0,0,0,0,598.61
09/27/2025,09,5GNR,Upstate New York,070,Buffalo,HNRT,0709002,BIG_TREE_RD,3036,253,0.72,5,695,100,622,621,2345.32,0.94,181.73,0.51,0.41,0.19,0.61,8.54,12.08,2181.16,0.16,175.87,280.44,2.32,1.94,0.15,NaN,0,0.42,0,NaN,0,NaN,0,0,NaN,0,0,NaN,NaN,NaN,NaN,NaN,0,NaN,0,NaN,NaN,NaN,NaN,0,0,0,0,0,2310.08
09/27/2025,09,5GNR,Upstate New York,070,Buffalo,HNRT,0709002,BISON_STORAGE_DB,2319,380,4.61,50,1085,100,791,791,889.68,17.58,14.83,4.93,3.75,1.64,6.42,8.16,9.32,1202.77,0,115.56,191.76,5.19,2.9,0,NaN,0,0.68,0,NaN,0,NaN,0,0,NaN,0,0,NaN,NaN,NaN,NaN,NaN,0,NaN,0,NaN,0,NaN,0,0,0,0,0,0,1349.7
09/27/2025,09,5GNR,Upstate New York,070,Buffalo,HNRT,0709002,BISON_STORAGE_DB,2319,381,7.53,11,146,100,52,52,75.41,1.59,6.73,0.54,0.51,0.06,7.59,8.75,14.9,48.55,0,1.28,4.49,0.07,1.94,0,NaN,0,1.03,0,NaN,0,NaN,0,0,NaN,0,0,NaN,NaN,NaN,NaN,NaN,0,NaN,0,NaN,NaN,NaN,NaN,0,0,0,0,0,51.9
09/27/2025,09,5GNR,Upstate New York,070,Buffalo,HNRT,0709002,BISON_STORAGE_DB,2319,382,4.92,117,2380,100,1767,1759,2917.25,47.57,7.53,15.95,14.94,13.87,1.31,7.83,8.02,3088.68,0.45,262.67,589.83,15.66,1.07,0.69,100,0,1.11,0,NaN,0,0,3,0,0,3,0,3636.91,3990.99,7736.67,2415.16,14.76,0.02,0,0.93,NaN,132094.85,NaN,145.63,115.88,2.37,0,0,0,4389.94
09/27/2025,09,5GNR,Upstate New York,070,Buffalo,HNRT,0709002,BISON_STORAGE_DB,3319,380,0.97,50,5142,100,3940,3937,34176.46,12.19,236.96,1.44,1.3,1.08,0.63,7.81,13.87,25985.09,0.08,1919.06,3304.62,20.15,3.76,0.39,100,0,0.63,0,NaN,0,0,5,0,0,5,0,10190.28,1415.28,1265.36,765.2,281.62,0,0,0,NaN,211.76,NaN,77.97,3.2,0.16,0,0,0,34521.44
09/27/2025,09,5GNR,Upstate New York,070,Buffalo,HNRT,0709002,BISON_STORAGE_DB,3319,381,0.73,24,3277,100,1915,1915,25912,13.39,175.93,1.52,1.21,0.67,1.71,7.44,10.87,23544.34,0,927.23,1501.68,14.5,1.56,0.78,NaN,0,0.69,NaN,NaN,NaN,0,1,0,0,1,0,8888.89,781.25,796.3,945.21,NaN,0,0,0,NaN,0,NaN,0,0.01,0.01,0,0,0,26491.9
09/27/2025,09,5GNR,Upstate New York,070,Buffalo,HNRT,0709002,BISON_STORAGE_DB,3319,382,2.2,92,4184,100,3178,3178,56662.43,25.16,176.5,0.93,2.13,4.63,1.38,7.49,11.57,50841.01,0,1239.07,3043.02,30,2.96,0.31,NaN,0,0.65,0,NaN,0,0,3,0,0,3,0,10048.55,2229.81,3379.04,1466.39,32.77,0,0,0.08,NaN,0,NaN,16.88,0.07,0.04,0,0,0,55772.72
09/27/2025,09,5GNR,Upstate New York,070,Buffalo,HNRT,0709002,BOSTON_HD,2389,494,2.88,8,278,100,127,126,2545.5,19.43,27.48,4.68,3.58,1.9,0.42,7.52,14.92,2400.4,0.79,601.43,813.68,9.24,8.99,7.06,NaN,0,1.14,0,NaN,0,NaN,0,0,NaN,0,0,NaN,NaN,NaN,NaN,NaN,0,NaN,0,NaN,NaN,NaN,NaN,0,0,0,0,0,2595.2
09/27/2025,09,5GNR,Upstate New York,070,Buffalo,HNRT,0709002,BOSTON_HD,2389,495,2.62,13,497,100,377,376,2512.76,17.02,38.95,3.22,2.45,1.54,0.99,8.43,13.89,2386.4,0.27,204.28,405.58,9.54,3.17,1.75,NaN,0,1.52,0,NaN,0,0,1,0,0,1,0,3000,3000,1500,0,NaN,0,0,0,NaN,0,NaN,NaN,0,0,0,0,0,3422.66
09/27/2025,09,5GNR,Upstate New York,070,Buffalo,HNRT,0709002,BOSTON_HD,2389,496,1.46,18,1231,100,983,982,3781.07,28.67,21.01,3.27,3.07,2.79,2.82,8.33,11.26,3213.59,0.1,166.74,352.8,7.2,1.75,6.12,NaN,0,1.16,0,NaN,0,NaN,0,0,NaN,0,0,NaN,NaN,NaN,NaN,NaN,0,NaN,0,NaN,NaN,NaN,NaN,0,0,0,0,0,4343.59
09/27/2025,09,5GNR,Upstate New York,070,Buffalo,HNRT,0709002,BOSTON_HD,3389,494,4.16,46,1107,100,665,665,7399.88,2.47,458.69,0.83,0.71,0.48,0.86,7.65,7.73,5828.87,0,215.78,300.82,5.69,1.5,1.1,NaN,0,1.04,NaN,NaN,NaN,NaN,0,0,NaN,0,0,NaN,NaN,NaN,NaN,NaN,0,NaN,0,NaN,NaN,NaN,NaN,0,0,0,0,0,7265.49
09/27/2025,09,5GNR,Upstate New York,070,Buffalo,HNRT,0709002,BOSTON_HD,3389,495,2.11,18,853,100,680,680,8485.82,4.41,202.83,1.76,1.24,0.08,0.2,7.66,12.94,7369.34,0,290.66,406.65,2.56,1.63,0.74,NaN,0,0.99,0,NaN,0,NaN,0,0,NaN,0,0,11625,1000,1250,2500,NaN,0,0,0,NaN,3666.67,NaN,0,0,0,0,0,0,7668.46
09/27/2025,09,5GNR,Upstate New York,070,Buffalo,HNRT,0709002,BOSTON_HD,3389,496,4.19,79,1884,100,1555,1555,12389.35,4.81,214.39,1.55,1.17,0.52,2.48,6.94,6.79,9393.94,0,270.03,448.28,7.01,0.99,0.87,NaN,0,0,0,NaN,0,NaN,0,0,NaN,0,0,NaN,NaN,NaN,NaN,NaN,0,NaN,0,NaN,NaN,NaN,NaN,0,0,0,0,0,11959.63
09/27/2025,09,5GNR,Upstate New York,070,Buffalo,HNRT,0709002,BOWEN_RD,2562,395,2.88,19,659,100,463,462,3196.32,19.81,31.66,1.45,1.3,1.06,0.79,8.43,11.95,3317.34,0.22,162.21,288.38,4.59,3,4.76,NaN,0,0.46,0,NaN,0,0,2,0,0,2,0,3000,2000,1000,0,NaN,0,0,0,NaN,0,NaN,0,0,0,0,0,0,3769.97
09/27/2025,09,5GNR,Upstate New York,070,Buffalo,HNRT,0709002,BOWEN_RD,2562,396,0.95,6,634,100,437,437,891.48,6.73,23.72,0.8,0.7,0.57,4.07,8.08,14.29,701.47,0,144.99,256.65,3.14,3.49,0.75,NaN,0,0.32,0,NaN,0,0,3,0,0,3,0,3022.73,2090.91,1033.33,1113.64,0,0,0,0,NaN,0,NaN,0,0.01,0.02,0,0,0,942.62
09/27/2025,09,5GNR,Upstate New York,070,Buffalo,HNRT,0709002,BOWEN_RD,2562,397,2.03,34,1678,100,1199,1199,3145.48,41.49,13.3,5.52,5.15,4.66,2.42,8.22,10.43,3116.09,0,245.68,508.61,10.74,2.32,0.67,NaN,0,0.92,0,NaN,0,0,6,0,0,6,0,3043.48,19555.56,9777.78,1705.88,NaN,0,0,0,NaN,0,NaN,0,0,0,0,0,0,4112.26
09/27/2025,09,5GNR,Upstate New York,070,Buffalo,HNRT,0709002,BOWEN_RD,3562,395,1.39,11,792,100,481,481,11186.09,3.91,492.41,0.35,0.3,0.18,0.49,7.92,14.39,10568.98,0,302.12,412.31,2.19,3.88,2.91,NaN,0,0.74,0,NaN,0,NaN,0,0,NaN,0,0,NaN,NaN,NaN,NaN,NaN,0,NaN,0,NaN,NaN,NaN,NaN,0,0,0,0,0,10719.48
09/27/2025,09,5GNR,Upstate New York,070,Buffalo,HNRT,0709002,BOWEN_RD,3562,396,4.78,46,963,100,716,716,9105.06,3.48,305.81,1.05,0.76,0.29,2.06,7.13,8.93,8524.85,0,519.47,819.24,10.8,2.54,0.19,NaN,0,0.24,0,NaN,0,0,1,0,0,1,0,6916.67,660.71,652.78,13090.91,NaN,0,0,0,NaN,0,NaN,757.58,0.01,0.01,0,0,0,9193.33
09/27/2025,09,5GNR,Upstate New York,070,Buffalo,HNRT,0709002,BOWEN_RD,3562,397,2.32,60,2591,100,1958,1957,13821.03,7.96,175.23,0.75,1.04,1.61,4.1,6.25,6.84,12902.88,0.05,268.43,369.08,6.99,0.8,3.2,NaN,0,4.65,NaN,NaN,NaN,NaN,0,0,NaN,0,0,NaN,NaN,NaN,NaN,NaN,0,NaN,0,NaN,NaN,NaN,NaN,0,0,0,0,0,12996.94
09/27/2025,09,5GNR,Upstate New York,070,Buffalo,HNRT,0709002,CAMBRIA_DB,2352,434,2.78,71,2552,100,2169,2168,4435.67,40.53,16.99,7.04,6.4,5.71,0.41,7.92,10.66,5234.36,0.05,840.52,1267.82,26.1,4.12,1.99,NaN,0,0.14,0,NaN,0,0,5,0,0,5,0,3316.8,2343.36,1921.27,1745.27,11.78,0,0,0.01,NaN,1622.47,NaN,365.02,1.81,1.54,0,0,0,5863.01
09/27/2025,09,5GNR,Upstate New York,070,Buffalo,HNRT,0709002,CAMBRIA_DB,2352,435,2.99,23,770,100,408,407,3480.79,20.15,28.03,1.34,1.16,0.82,0.21,7.9,13.3,3439.13,0.25,387.78,530.98,6.83,10.5,0.8,NaN,0,0.69,0,NaN,0,NaN,0,0,NaN,0,0,NaN,NaN,NaN,NaN,NaN,0,NaN,0,NaN,NaN,NaN,NaN,0,0,0,0,0,3644.83
09/27/2025,09,5GNR,Upstate New York,070,Buffalo,HNRT,0709002,CAMBRIA_DB,2352,436,2.76,10,362,100,119,119,202.92,2.87,8.7,0.83,0.61,0.23,0.37,8.39,11.05,90.72,0,8.32,43.55,0.78,1.77,0.62,NaN,0,0,0,NaN,0,0,6,0,0,6,0,3421.35,2036.04,1070.22,1103.83,7.08,0,0,0,NaN,73.03,NaN,0,0.06,0.03,0,0,0,277.77
09/27/2025,09,5GNR,Upstate New York,070,Buffalo,HNRT,0709002,CAMBRIA_DB-HNRT,3352,434,3.18,27,849,100,596,596,9885.74,3.04,474.96,1.02,0.7,0.06,0.4,7.62,12.04,6845.1,0,397.21,713.83,4.73,6.7,1.72,NaN,0,1.43,0,NaN,0,NaN,0,0,NaN,0,0,10068.28,NaN,2482.56,NaN,NaN,0,NaN,0,NaN,NaN,NaN,NaN,0,0,0,0,0,8417.62
09/27/2025,09,5GNR,Upstate New York,070,Buffalo,HNRT,0709002,CAMBRIA_DB-HNRT,3352,435,2.72,4,147,100,49,49,555.03,0.24,490.07,0.03,0.03,0.03,0.16,7.82,8.64,332.95,0,41.04,72.88,1.35,1.99,0,NaN,0,0,NaN,NaN,NaN,NaN,0,0,NaN,0,0,NaN,NaN,NaN,NaN,NaN,0,NaN,0,NaN,NaN,NaN,NaN,0,0,0,0,0,341.46
09/27/2025,09,5GNR,Upstate New York,070,Buffalo,HNRT,0709002,CAMBRIA_DB-HNRT,3352,436,0.8,6,749,100,603,603,14751.11,3.73,382.43,1.09,0.71,0.1,0.37,8.11,9.48,13752.85,0,793.87,1282.35,13.26,6.51,0,NaN,0,0.16,0,NaN,0,0,7,0,0,7,0,6824.45,622.84,626.96,1048.05,24.58,0,0,0,NaN,0,NaN,0,0.05,0.04,0,0,0,14501.59
09/27/2025,09,5GNR,Upstate New York,070,Buffalo,HNRT,0709002,CARLTON,2206,320,1.52,15,984,100,470,468,2875.76,34.61,12.21,3.64,3.02,2.07,1.93,8.15,10.11,2215.23,0.43,123.35,427.28,8.8,4.05,0.26,NaN,0,0.16,0,NaN,0,0,4,0,0,4,0,3628.69,2703.96,2992.42,1942.39,13.07,0,0,0.06,NaN,45509.56,NaN,119.35,4.2,0.46,0,0,0,4381.3
09/27/2025,09,5GNR,Upstate New York,070,Buffalo,HNRT,0709002,CARLTON,2206,321,1.6,16,999,100,454,454,2245.65,31.1,11.24,6.53,5.32,3.98,3.62,7.91,8.29,911,0,124.45,486.49,13.86,2.54,0.6,NaN,0,0.46,0,NaN,0,0,5,0,0,5,0,3243.24,2762.5,1623.79,1552.47,6.03,0,0,0,NaN,569.13,NaN,9.04,0.13,0.1,0,0,0,2663.97
09/27/2025,09,5GNR,Upstate New York,070,Buffalo,HNRT,0709002,CARLTON,2206,322,6.68,53,794,100,435,435,459.68,10.88,11.14,2.99,2.55,1.64,1.36,8.2,8.66,531.92,0,20.18,58.17,1.44,1.4,1.76,NaN,0,1.77,0,NaN,0,0,1,0,0,1,0,3825,2115.38,1085.37,1085.71,10.24,0,0,0,NaN,0,NaN,176.47,0.01,0,0,0,0,662.71
09/27/2025,09,5GNR,Upstate New York,070,Buffalo,HNRT,0709002,CARLTON,3206,320,3.56,126,3542,100,2591,2591,32537.67,20.24,129.95,1.06,2.89,6.21,0.81,7.23,6.75,24482.97,0,957.97,1773.24,33.92,1.27,1.46,100,0,0.34,0,NaN,0,0,4,0,0,4,0,8667.81,1015.65,1396.36,10106.84,132.96,0,0,0,NaN,98.92,NaN,829.23,1.08,0.27,0,0,0,31320.55
09/27/2025,09,5GNR,Upstate New York,070,Buffalo,HNRT,0709002,CARLTON,3206,321,0.46,3,648,100,470,469,6140.57,2.84,237.91,0.19,0.18,0.15,0.99,7.65,10.81,4933.89,0.21,177.03,320.52,3.66,3.23,0.89,100,0,0.33,0,NaN,0,NaN,0,0,NaN,0,0,7500,NaN,2500,NaN,NaN,0,NaN,0,NaN,NaN,NaN,NaN,0,0,0,0,0,5640.06
09/27/2025,09,5GNR,Upstate New York,070,Buffalo,HNRT,0709002,CARLTON,3206,322,1.81,30,1653,100,1158,1157,15386.33,7.76,185.68,0.26,0.48,0.85,0.95,7.3,4.58,15071.56,0.09,696.86,922.6,21.2,1.82,2.49,NaN,0,0,0,NaN,0,0,2,0,0,2,0,8908.35,683.82,659.88,17397.81,NaN,0,0,0,NaN,0,NaN,1195.78,0.18,0.16,0,0,0,15541.51
09/27/2025,09,5GNR,Upstate New York,070,Buffalo,HNRT,0709002,CENTERPOINTE,2054,266,0.84,9,1077,100,868,867,1379.5,15.29,18.62,1.88,1.55,1.16,6.65,8.54,9.95,892,0.12,49.07,230.48,5.43,1.96,0.04,NaN,0,0.23,0,NaN,0,0,8,0,0,8,0,3390.39,2557.97,1740.48,2101.56,13.44,0,0,0,NaN,472.5,NaN,11.72,0.3,0.05,0,0,0,1860.42
09/27/2025,09,5GNR,Upstate New York,070,Buffalo,HNRT,0709002,CENTERPOINTE,2054,267,0.82,6,731,100,381,380,789.88,8.89,17.46,1.6,1.17,0.86,7.05,8.37,10.4,425.53,0.26,286.25,1446.17,22.64,9.94,0.34,NaN,0,0.22,0,NaN,0,0,7,0,0,7,0,3324.11,2051.18,1309.44,1641.58,15.35,0,0,0.01,NaN,1197.41,NaN,119.36,0.75,0.26,0,0,0,927.04
09/27/2025,09,5GNR,Upstate New York,070,Buffalo,HNRT,0709002,CENTERPOINTE,2054,268,6.48,69,1064,100,796,793,762.21,10.03,16.33,2.58,2.19,1.65,13.72,8.24,10.38,529.56,0.38,28.77,146.96,3.25,1.82,0.61,NaN,0,0.75,0,NaN,0,0,4,0,0,4,0,3177.47,2032,1506.8,2225.3,14.97,0,0,0,NaN,2296.93,NaN,23.53,0.24,0.05,0,0,0,893.59
09/27/2025,09,5GNR,Upstate New York,070,Buffalo,HNRT,0709002,CENTERPOINTE,3054,266,0.71,15,2121,100,1601,1598,13715.09,5.36,190.4,1.59,1.08,0.32,0.43,8.27,13.46,8981.86,0.19,475.95,1099.23,7.15,2.55,0.18,NaN,0,0.28,0,NaN,0,0,42,0,0,42,0,8434.37,757.78,891.13,1622.99,210.61,0,0,0.01,NaN,1242.13,NaN,20.38,18.06,1.66,0,0,0,13239.01
09/27/2025,09,5GNR,Upstate New York,070,Buffalo,HNRT,0709002,CENTERPOINTE,3054,267,1.25,23,1839,100,1480,1478,15459.77,5.33,255.93,1.19,0.81,0.22,0.47,7.67,13.5,10611.26,0.14,676.8,2333.1,12.39,4.49,0.53,NaN,0,0,0,NaN,0,0,5,0,0,5,0,8099.19,792.04,808.84,1941.43,191.79,0,0,0,NaN,0,NaN,33.37,0.78,0.24,0,0,0,15184.32
09/27/2025,09,5GNR,Upstate New York,070,Buffalo,HNRT,0709002,CENTERPOINTE,3054,268,1.63,39,2394,100,1875,1875,24257.71,7.64,191.49,0.84,0.81,0.75,0.51,8.08,12.53,18589.16,0,723.69,2132.93,19.55,2.98,0.34,NaN,0,0.16,0,NaN,0,0,14,0,0,14,0,8235.68,841.08,795.83,3216.24,70.58,0,0,0,NaN,69.73,NaN,573.71,0.81,0.44,0,0,0,23855.07
09/27/2025,09,5GNR,Upstate New York,070,Buffalo,HNRT,0709002,CHESTNUT_RIDGE,3570,404,0.86,4,467,100,352,352,2365.54,1.05,145.13,1.2,0.98,0.22,0.31,8,15.63,2506.46,0,156.14,206.74,0.84,5.49,0,NaN,0,0,0,NaN,0,NaN,0,0,NaN,0,0,NaN,NaN,NaN,NaN,NaN,0,NaN,0,NaN,NaN,NaN,NaN,0,0,0,0,0,2541.69
09/27/2025,09,5GNR,Upstate New York,070,Buffalo,HNRT,0709002,CHESTNUT_RIDGE,3570,405,6.02,5,83,100,80,79,184.07,0.11,209.6,0.01,0.01,0.02,0.88,7.83,15.19,183.08,1.25,7.97,10.71,0.11,1.02,0,NaN,0,0,NaN,NaN,NaN,NaN,0,0,NaN,0,0,NaN,NaN,NaN,NaN,NaN,0,NaN,0,NaN,NaN,NaN,NaN,0,0,0,0,0,183.34
09/27/2025,09,5GNR,Upstate New York,070,Buffalo,HNRT,0709002,CHESTNUT_RIDGE,3570,406,1.44,8,556,100,473,473,9784.82,3.17,256.7,2.58,1.64,0.05,0.27,7.77,12.35,9549.56,0,703.12,878.03,7.39,3.6,0,NaN,0,0.31,0,NaN,0,0,3,0,0,3,0,6500,583.33,583.33,0,NaN,0,0,0,NaN,0,NaN,0,0,0,0,0,0,9660.4
09/27/2025,09,5GNR,Upstate New York,070,Buffalo,HNRT,0709002,CHIPPEWA,2059,272,5.77,30,520,100,228,228,1269.86,19.06,15.69,3.34,2.75,1.73,4.46,7.9,12.37,1305.51,0,61.7,175.97,3.28,2.32,0.54,NaN,0,0.36,0,NaN,0,0,2,0,0,2,0,3343.08,2147.47,1365.71,2513.82,13.24,0,0,0.03,NaN,369.29,NaN,73.25,2.82,2.49,0,0,0,1700.66
09/27/2025,09,5GNR,Upstate New York,070,Buffalo,HNRT,0709002,CHIPPEWA,2059,273,1.31,10,766,100,406,406,3450.53,55.59,14.25,12.87,10.04,5.17,3.23,8.01,13.85,3501.64,0,227.52,826.7,11.18,9.54,0.32,100,0,0.47,0,NaN,0,0,11,0,0,11,0,3366.64,2492.99,1940.24,1192.8,15.59,0,0,0.01,NaN,1501.63,NaN,112.39,0.95,0.13,0,0,0,6597.93
09/27/2025,09,5GNR,Upstate New York,070,Buffalo,HNRT,0709002,CHIPPEWA,2059,274,3.31,35,1058,100,520,520,5419.25,51,19.2,11.07,7.95,4.99,0.95,7.98,10.95,3730.34,0,248.58,1353.47,30.64,5.74,0.06,100,0,0.11,0,NaN,0,0,22,0,0,22,0,3164.3,2610.78,1357.54,2491.45,6.25,0.16,0,1.28,NaN,57.99,NaN,131.47,230.11,109.7,0,0,0,10211.2
09/27/2025,09,5GNR,Upstate New York,070,Buffalo,HNRT,0709002,CHIPPEWA,3059,272,1.09,40,3686,100,2852,2850,36213.34,16.23,177.74,1.19,1.63,2.29,0.46,7.47,9.57,26577.17,0.07,4424.71,6069.1,64.09,3.05,0.86,100,0,0.25,0,NaN,0,0,22,0,0,22,0,8405.87,689.02,720.5,1699.56,85.44,0.01,0,0.05,NaN,13.96,NaN,215.87,194.28,196.5,0,0,0,35935.49
09/27/2025,09,5GNR,Upstate New York,070,Buffalo,HNRT,0709002,CHIPPEWA,3059,273,1.49,6,403,100,279,279,5262.21,3.23,133.21,0.31,0.28,0.21,3.65,7.84,8.03,1948.07,0,94.8,163.83,2.8,5.17,0.43,100,0,0,NaN,NaN,NaN,0,3,0,0,3,0,7773.62,748.66,740.16,1420.6,NaN,0,0,0,NaN,54.69,NaN,275.42,0.06,0.03,0,0,0,2047.88
09/27/2025,09,5GNR,Upstate New York,070,Buffalo,HNRT,0709002,CHIPPEWA,3059,274,0.65,5,766,100,450,450,34493.22,16.95,214.28,0.94,0.79,0.24,6.95,7.96,10.6,27851.12,0,311.03,566.15,6.91,9.59,0.53,100,0,0.32,0,NaN,0,0,1,0,0,1,0,8214.29,1166.67,1500,0,NaN,0,0,0,NaN,0,NaN,0,0,0,0,0,0,29478.14
09/27/2025,09,5GNR,Upstate New York,070,Buffalo,HNRT,0709002,CLARENCE_CENTER,2585,407,1.51,25,1656,100,955,953,2738.14,43.03,5.51,16.17,13.77,10.91,NaN,7.75,10.52,1363.09,0.21,554.58,982.96,15.92,2.78,1.13,NaN,0,0.15,0,NaN,0,0,13,0,0,13,0,3375.54,3145.25,1584.39,14720.16,6.88,0,0,0,NaN,0,NaN,31.25,0.06,0.06,0,0,0,2661.86
09/27/2025,09,5GNR,Upstate New York,070,Buffalo,HNRT,0709002,CLARENCE_CENTER,2585,408,0.63,16,2544,100,1594,1588,3825.56,47.99,6.22,13.85,17.74,21.22,NaN,7.2,4.49,1307.15,0.38,28.31,466.08,35.69,0.51,1.44,NaN,0,0.23,0,NaN,0,0,21,0,4.55,22,1,3422.1,2354.6,1836.98,2692.89,22.43,0,0,0.05,NaN,6497.56,NaN,339.44,9.88,3.29,0,0,0,3714.12
09/27/2025,09,5GNR,Upstate New York,070,Buffalo,HNRT,0709002,CLARENCE_CENTER,2585,409,0.79,9,1139,100,797,797,1175.53,16.86,10.72,3.69,2.76,1.31,NaN,7.83,11.41,590.82,0,7.48,184.11,3.66,2.33,0.17,NaN,0,0.16,0,NaN,0,0,3,0,0,3,0,3264.21,3652.17,2510.72,3241.57,3.77,0,0,0.01,NaN,11337.3,NaN,479.25,0.24,0.13,0,0,0,1136.83
09/27/2025,09,5GNR,Upstate New York,070,Buffalo,HNRT,0709002,CLARENCE_CENTER,3585,407,0.35,5,1431,100,740,740,14215.29,5.31,346.83,1.48,0.97,0.12,0.5,7.84,14.08,13078.19,0,742.18,1027.27,5.15,2.79,0,NaN,0,0.97,0,NaN,0,NaN,0,0,NaN,0,0,19500,1500,1500,0,NaN,0,0,0,NaN,NaN,NaN,NaN,0,0,0,0,0,15160.2
09/27/2025,09,5GNR,Upstate New York,070,Buffalo,HNRT,0709002,CLARENCE_CENTER,3585,408,0.66,16,2410,100,1232,1232,26914.33,9.44,192.87,1.79,1.16,0.17,0.4,7.56,10.8,16380.58,0,852.35,2301.32,19.16,5.01,0.37,NaN,0,0.54,0,NaN,0,0,7,0,0,7,0,7763.39,676.02,672.1,2759.87,25.49,0,0,0,NaN,21.91,NaN,19.77,1.12,1.21,0,0,0,27060.49
09/27/2025,09,5GNR,Upstate New York,070,Buffalo,HNRT,0709002,CLARENCE_CENTER,3585,409,2.5,50,2000,100,1386,1386,21854.5,7.8,190.74,1.71,1.18,0.41,0.92,7.43,8.4,17528.86,0,1601.21,2686.16,36.57,2.81,0.7,NaN,0,0,0,NaN,0,NaN,0,0,NaN,0,0,13000,60500,60500,0,NaN,0,0,0,NaN,NaN,NaN,0,0,0,0,0,0,21889.76
09/27/2025,09,5GNR,Upstate New York,070,Buffalo,HNRT,0709002,CLARENCE_HD,2259,335,0.88,30,3426,100,2729,2727,4354.09,45,19.32,7.04,6.47,5.79,1.09,8.21,10.56,6390.47,0.07,259.34,605.36,13.58,2.01,1.52,NaN,0,0.35,0,NaN,0,0,1,0,0,1,0,3583.33,39375,19687.5,0,NaN,0,0,0,NaN,0,NaN,0,0,0,0,0,0,7705.72
09/27/2025,09,5GNR,Upstate New York,070,Buffalo,HNRT,0709002,CLARENCE_HD,2259,336,0.6,13,2153,100,1212,1212,2169.85,25.77,24.71,5.3,4.04,2.43,3,8.46,12.93,2876.95,0,216.28,595.92,8.43,4.09,1.64,NaN,0,0.61,0,NaN,0,0,1,0,0,1,0,3000,9400,7000,0,NaN,0,0,0,NaN,0,NaN,0,0,0,0,0,0,3606.68
09/27/2025,09,5GNR,Upstate New York,070,Buffalo,HNRT,0709002,CLARENCE_HD,2259,337,6.32,46,728,100,376,376,236.72,7.38,5.83,3.61,2.61,1.39,18.91,8.07,11.66,205.53,0,147.29,246.63,3.66,3.8,9.19,NaN,0,0.7,0,NaN,0,0,1,0,0,1,0,3000,6333.33,3166.67,0,NaN,0,0,0,NaN,0,NaN,0,0,0,0,0,0,251.29
09/27/2025,09,5GNR,Upstate New York,070,Buffalo,HNRT,0709002,CLARENCE_HD,3259,335,0.9,19,2100,100,1589,1587,11913.34,7.96,216.68,0.6,0.52,0.34,0.66,7.42,8.6,9014.16,0.13,201.57,263.49,3.86,0.73,3.93,NaN,0,1.04,0,NaN,0,NaN,0,0,NaN,0,0,NaN,NaN,NaN,NaN,NaN,0,NaN,0,NaN,NaN,NaN,NaN,0,0,0,0,0,9071.74
09/27/2025,09,5GNR,Upstate New York,070,Buffalo,HNRT,0709002,CLARENCE_HD,3259,336,1.26,49,3875,100,2816,2815,11877.33,7.46,123.76,1.35,1.25,1.07,2.11,8.07,11.61,9979.73,0.04,333.22,501,4.84,1.1,8.99,NaN,0,0,0,NaN,0,NaN,0,0,NaN,0,0,14500,64000,64000,0,NaN,0,0,0,NaN,NaN,NaN,NaN,0,0,0,0,0,10402.75
09/27/2025,09,5GNR,Upstate New York,070,Buffalo,HNRT,0709002,CLARENCE_HD,3259,337,4.25,150,3529,100,2519,2518,10137.73,5.38,145.05,0.91,2.17,3.74,4.16,7.67,6.81,8926.48,0.04,188.41,332.07,10.06,0.3,15.27,NaN,0,0.53,0,NaN,0,100,1,1,100,1,1,NaN,NaN,NaN,NaN,NaN,0,NaN,0,NaN,NaN,NaN,NaN,0,0,0,0,0,10098.51
09/27/2025,09,5GNR,Upstate New York,070,Buffalo,HNRT,0709002,CREAM RIDGE,3645,470,0,0,97,100,83,83,314.92,0.13,216.88,0.02,0.02,0.04,0.28,8.26,11.32,300.83,0,24.01,31.07,0.24,1.58,0,NaN,0,0,NaN,NaN,NaN,NaN,0,0,NaN,0,0,NaN,NaN,NaN,NaN,NaN,0,NaN,0,NaN,NaN,NaN,NaN,0,0,0,0,0,310.45
09/27/2025,09,5GNR,Upstate New York,070,Buffalo,HNRT,0709002,CREAM RIDGE,3645,471,0,0,80,100,49,49,4109.45,1.66,339.77,0.14,0.13,0.09,0.26,7.4,8.23,4075.61,0,28.88,38.64,0.37,0.82,0,NaN,0,0,NaN,NaN,NaN,NaN,0,0,NaN,0,0,NaN,NaN,NaN,NaN,NaN,0,NaN,0,NaN,NaN,NaN,NaN,0,0,0,0,0,4075.63
09/27/2025,09,5GNR,Upstate New York,070,Buffalo,HNRT,0709002,CREAM RIDGE,3645,472,0,0,126,100,106,106,5412.38,1.85,318.67,0.28,0.22,0.06,0.29,7.4,10.26,5406.95,0,182.76,227.62,1.85,2.44,0,NaN,0,0,0,NaN,0,NaN,0,0,NaN,0,0,NaN,NaN,NaN,NaN,NaN,0,NaN,0,NaN,NaN,NaN,NaN,0,0,0,0,0,5407.83
09/27/2025,09,5GNR,Upstate New York,070,Buffalo,HNRT,0709002,DARIEN,3175,416,0.22,2,916,100,437,437,9781.58,3.21,303.8,2.19,1.4,0.08,1.83,8,13.04,8541.65,0,361.87,642.29,3.98,3.14,0.58,NaN,0,0.2,0,NaN,0,0,5,0,0,5,0,8727.55,690.82,848.75,1331.16,257.41,0,0,0.03,NaN,785.34,NaN,119.97,98.23,4.54,0,0,0,9694.1
09/27/2025,09,5GNR,Upstate New York,070,Buffalo,HNRT,0709002,DARIEN,3175,417,2.82,8,284,100,209,209,5585.46,1.91,311.63,0.43,0.35,0.12,0.93,7.41,10.29,4001.96,0,303.55,374.92,3.28,6.36,3.85,NaN,0,0,NaN,NaN,NaN,NaN,0,0,NaN,0,0,NaN,NaN,NaN,NaN,NaN,0,NaN,0,NaN,NaN,NaN,NaN,0,0,0,0,0,5584.84
09/27/2025,09,5GNR,Upstate New York,070,Buffalo,HNRT,0709002,DARIEN,3175,418,0.69,6,864,100,403,403,5464.03,2.03,271.99,0.51,0.39,0.14,0.54,7.94,10.43,5265.25,0,158.02,239.13,2.99,1.21,0.34,NaN,0,0.6,0,NaN,0,NaN,0,0,NaN,0,0,NaN,NaN,NaN,NaN,NaN,0,NaN,0,NaN,NaN,NaN,NaN,0,0,0,0,0,5426.58
09/27/2025,09,5GNR,Upstate New York,070,Buffalo,HNRT,0709002,DEWITTVILLE,3636,467,0,0,120,100,99,99,1009.07,0.39,295.75,0.79,0.62,0.02,0.14,7.4,12.64,991.8,0,73.93,97.97,0.48,1.93,0,NaN,0,33.33,NaN,NaN,NaN,NaN,0,0,NaN,0,0,NaN,NaN,NaN,NaN,NaN,0,NaN,0,NaN,NaN,NaN,NaN,0,0,0,0,0,991.8
09/27/2025,09,5GNR,Upstate New York,070,Buffalo,HNRT,0709002,DEWITTVILLE,3636,468,0.85,8,936,100,791,791,7314.25,3.76,165.18,0.67,0.51,0.16,0.31,8,12.15,6140.17,0,207.23,319.25,2.24,1.36,0.29,NaN,0,0,0,NaN,0,NaN,0,0,NaN,0,0,NaN,NaN,NaN,NaN,NaN,0,NaN,0,NaN,NaN,NaN,NaN,0,0,0,0,0,7248.23
09/27/2025,09,5GNR,Upstate New York,070,Buffalo,HNRT,0709002,DEWITTVILLE,3636,469,0.7,2,286,100,242,242,5513.3,1.66,170.56,0.31,0.26,0.11,0.28,7.82,15.14,1376.79,0,166.52,340.44,1.32,2.31,0,NaN,0,0,0,NaN,0,NaN,0,0,NaN,0,0,NaN,NaN,NaN,NaN,NaN,0,NaN,0,NaN,NaN,NaN,NaN,0,0,0,0,0,5487.69
09/27/2025,09,5GNR,Upstate New York,070,Buffalo,HNRT,0709002,DICK_URBAN,2125,293,13.62,317,2327,100,1845,1839,3208.24,44.38,6.63,11.49,10.66,9.69,7.84,8.2,10.57,1637.04,0.33,278.82,791.47,18.33,2.57,0.96,NaN,0,1.63,0,NaN,0,0,4,0,0,4,0,3681.82,1909.09,954.55,0,NaN,0,0,0,NaN,0,NaN,0,0,0,0,0,0,4510.68
09/27/2025,09,5GNR,Upstate New York,070,Buffalo,HNRT,0709002,DICK_URBAN,2125,294,3.79,34,897,100,499,494,1521.89,18.94,29.27,2.69,2.12,1.53,5.86,8.47,10.13,1635.77,1,170.51,401.94,9.15,2.82,0.9,NaN,0,0.54,0,NaN,0,NaN,0,0,NaN,0,0,3000,9000,4500,0,NaN,0,0,0,NaN,0,NaN,NaN,0,0,0,0,0,2986.82
09/27/2025,09,5GNR,Upstate New York,070,Buffalo,HNRT,0709002,DICK_URBAN,2125,295,8.28,85,1026,100,382,379,2206.95,23.36,17.14,3.53,3.02,2.53,6.86,8.22,9.51,1076.41,0.79,149.04,610.7,13.73,3.1,0.52,100,0,0.18,0,NaN,0,0,1,0,0,1,0,3793.9,3865.27,7373.56,422.46,5.13,0,0,0.26,NaN,656660.59,NaN,42.88,10.55,0.2,0,0,0,3537.1
09/27/2025,09,5GNR,Upstate New York,070,Buffalo,HNRT,0709002,DICK_URBAN,3125,293,3.24,86,2658,100,2226,2224,30416.72,9.76,198.46,1.46,1.05,0.47,1.16,7.68,10.77,13513.92,0.09,855.35,2437.18,36.38,2.01,0.38,100,0,0.39,0,NaN,0,0,3,0,0,3,0,10437.1,1546.89,2232.23,6278.89,135.75,0,0,0,NaN,23.2,NaN,1758.55,2.77,1.2,0,0,0,28851.37
09/27/2025,09,5GNR,Upstate New York,070,Buffalo,HNRT,0709002,DICK_URBAN,3125,294,0.56,19,3366,100,2923,2922,38284.87,13.71,220.95,0.92,1.15,1.54,3.96,7.91,13.07,35071.95,0.03,1392.05,2102.8,28.73,1.84,0.54,NaN,0,0.48,0,NaN,0,NaN,0,0,NaN,0,0,NaN,NaN,NaN,NaN,NaN,0,NaN,0,NaN,NaN,NaN,NaN,0,0,0,0,0,36927.59
09/27/2025,09,5GNR,Upstate New York,070,Buffalo,HNRT,0709002,DICK_URBAN,3125,295,1.14,33,2901,100,1962,1960,50107.4,16.03,216.42,0.75,1.36,2.32,0.68,7.66,8.44,38261.86,0.1,1776.43,2843.62,42.43,1.89,0.55,NaN,0,0.34,0,NaN,0,0,9,0,0,9,0,9573.69,689.19,987.02,3818.11,215.72,0,0,0,NaN,417.48,NaN,250.37,6.97,0.55,0,0,0,48659.95
09/27/2025,09,5GNR,Upstate New York,070,Buffalo,HNRT,0709002,DICK_WALDEN,2106,284,9.34,54,578,100,200,200,1216.84,13.11,31.64,1.67,1.26,0.93,6.42,8.73,11.44,1139.19,0,50.65,287.63,4.57,3.06,0.09,NaN,0,0.41,0,NaN,0,0,12,0,0,12,0,3593.61,2302.8,3491.83,809.56,79.05,0.01,0,1,NaN,10645.65,NaN,137.68,663.14,5.23,0,0,0,2869.04
09/27/2025,09,5GNR,Upstate New York,070,Buffalo,HNRT,0709002,DICK_WALDEN,2106,285,1.12,8,717,100,544,544,4521.54,36.02,17.6,2.54,2.19,1.51,0.57,8,12.83,4130.68,0,228.89,386.78,5,3.8,0.79,NaN,0,0.25,0,NaN,0,0,1,0,0,1,0,3000,32333.33,17375,7000,NaN,0,0,0,NaN,0,NaN,NaN,0,0,0,0,0,4670.6
09/27/2025,09,5GNR,Upstate New York,070,Buffalo,HNRT,0709002,DICK_WALDEN,2106,286,11.21,62,553,100,221,221,516.91,8.79,12.83,2.51,1.96,1.14,12.95,7.95,12.8,425.48,0,108.97,232.54,3.3,3.28,0.43,NaN,0,0.23,0,NaN,0,0,1,0,0,1,0,3696.98,2241.38,2033.17,1550.11,25.14,0,0,0.01,NaN,22051.25,NaN,1866.74,1.36,0.3,0,0,0,829.46
09/27/2025,09,5GNR,Upstate New York,070,Buffalo,HNRT,0709002,DICK_WALDEN,3106,284,1.36,23,1692,100,1103,1098,14221.94,5.51,240.35,2.23,1.51,0.33,2.05,7.73,13.11,8973.55,0.45,525.06,1028.66,12.77,1.85,0.8,NaN,0,0.66,0,NaN,0,0,3,0,0,3,0,9041.85,763.98,2033.76,1704.8,319.49,0.01,0,0.44,NaN,0,NaN,0,0.41,0.07,0,0,0,12471.02
09/27/2025,09,5GNR,Upstate New York,070,Buffalo,HNRT,0709002,DICK_WALDEN,3106,285,2.74,51,1859,100,1574,1574,17650.74,10.2,221.94,0.84,1.19,1.82,0.95,7.52,8.85,17410.26,0,797.36,1006.47,17.11,1.63,5.96,NaN,0,0.29,0,NaN,0,NaN,0,0,NaN,0,0,15666.67,1000,1000,0,NaN,0,0,0,NaN,0,NaN,NaN,0,0,0,0,0,17758.03
09/27/2025,09,5GNR,Upstate New York,070,Buffalo,HNRT,0709002,DICK_WALDEN,3106,286,9.61,206,2144,100,1542,1541,4569.68,3.11,114.31,0.64,1.61,2.84,5.94,6.3,5.11,3426.37,0.06,114.09,393.67,9.07,0.62,7.66,NaN,0,1.06,0,NaN,0,0,2,0,0,2,0,8897,1025.99,1549.84,23197.2,73.96,0,0,0.04,NaN,1168.62,NaN,6151.22,33.83,3.12,0,0,0,4224.61
09/27/2025,09,5GNR,Upstate New York,070,Buffalo,HNRT,0709002,DUNKIRK RACEWAY,3639,464,1.13,56,4948,100,2052,2046,27670.07,12.29,184.26,1.27,0.97,0.4,2.5,7.46,12.18,24353.65,0.29,667.29,1026.62,9.3,1.32,2.11,NaN,0,0.29,0,NaN,0,0,1,0,0,1,0,8492.29,750,714.76,2533.93,20.48,0,0,0,NaN,0,NaN,265.96,0.23,0.28,0,0,0,28156.01
09/27/2025,09,5GNR,Upstate New York,070,Buffalo,HNRT,0709002,DUNKIRK RACEWAY,3639,465,1.25,64,5128,100,2553,2543,17186.1,8.82,151.31,1.29,1.4,1.56,1.76,7.83,11.24,15188.08,0.39,837.31,1201.96,15.34,1.27,0.6,NaN,0,0.36,0,NaN,0,0,2,0,0,2,0,7764.71,806.45,823.53,1428.57,NaN,0,0,0,NaN,0,NaN,0,0,0.01,0,0,0,17076.75
09/27/2025,09,5GNR,Upstate New York,070,Buffalo,HNRT,0709002,DUNKIRK RACEWAY,3639,466,3.9,60,1537,100,1012,1012,15063.59,5.32,238.21,2.24,1.58,0.54,4.35,7.12,6.44,13390.07,0,386.22,720.43,14.17,1.56,0.24,NaN,0,0,0,NaN,0,NaN,0,0,NaN,0,0,NaN,NaN,NaN,NaN,NaN,0,NaN,0,NaN,NaN,NaN,NaN,0,0,0,0,0,14918.65
09/27/2025,09,5GNR,Upstate New York,070,Buffalo,HNRT,0709002,DUTTON_AVE,2092,281,5.82,42,722,100,297,297,2832.59,32.27,17.19,6.78,5.3,3.4,0.68,7.98,11.19,2866.14,0,436.94,745.62,11.75,6.03,0.5,NaN,0,1.25,0,NaN,0,0,5,0,0,5,0,3334.98,2178.27,1427.11,2139.63,18.57,0,0,0.01,NaN,2436.18,NaN,518.22,1.14,0.26,0,0,0,6993.96
09/27/2025,09,5GNR,Upstate New York,070,Buffalo,HNRT,0709002,DUTTON_AVE,2092,282,3.75,19,507,100,191,191,212.08,4.26,9.02,1.66,1.25,0.44,0.41,8.25,11.57,126.51,0,18.23,53.5,1.13,1.47,0.23,NaN,0,0.65,0,NaN,0,NaN,0,0,NaN,0,0,NaN,NaN,NaN,NaN,NaN,0,NaN,0,NaN,NaN,NaN,NaN,0,0,0,0,0,224.95
09/27/2025,09,5GNR,Upstate New York,070,Buffalo,HNRT,0709002,DUTTON_AVE,2092,283,2.11,10,473,100,254,254,1105.56,14.38,14.34,2.71,2,1.33,2.55,8.72,11.83,990.71,0,436.79,754.49,11.12,7.65,0.13,100,0,0.78,0,NaN,0,0,12,0,0,12,0,3409.5,2350.17,1295.36,1136.05,16.75,0,0,0,NaN,1410.66,NaN,65.86,0.78,0.31,0,0,0,1572.54
09/27/2025,09,5GNR,Upstate New York,070,Buffalo,HNRT,0709002,DUTTON_AVE,3092,281,0.19,3,1585,100,1199,1197,56339.44,20.57,255.08,1.23,0.89,0.26,0.41,7.47,10.74,48921.2,0.17,3324.42,4220.25,36.7,4.02,0.31,NaN,0,0.4,0,NaN,0,0,3,0,0,3,0,7886.31,707.82,712.71,1970.06,0,0,0,0,NaN,158.81,NaN,24.32,0.23,0.09,0,0,0,53646.64
09/27/2025,09,5GNR,Upstate New York,070,Buffalo,HNRT,0709002,DUTTON_AVE,3092,282,1.15,34,2954,100,2413,2409,57439.27,22.16,218.52,1.28,1.47,1.85,0.52,7.33,10.39,52723.79,0.17,2324.55,3441,30.08,2.72,0,100,0,0,0,NaN,0,NaN,0,0,NaN,0,0,NaN,NaN,NaN,NaN,NaN,0,NaN,0,NaN,NaN,NaN,NaN,0,0,0,0,0,57311.27
09/27/2025,09,5GNR,Upstate New York,070,Buffalo,HNRT,0709002,DUTTON_AVE,3092,283,1.17,15,1279,100,878,878,5370.2,5.31,113.15,0.45,0.47,0.52,0.85,7.43,4.26,4835.32,0,208.3,505.76,8.28,1.39,6.29,NaN,0,0,0,NaN,0,NaN,0,0,NaN,0,0,9828.01,1250,2351.69,1083.33,NaN,0,0,0,NaN,0,NaN,0,0,0,0,0,0,4924.17
09/27/2025,09,5GNR,Upstate New York,070,Buffalo,HNRT,0709002,EAST NIAGAEA-HNRT,3172,314,1.64,110,6720,100,4534,4532,86133.11,40.87,135.48,0.7,1.63,3.3,0.75,7.71,11.33,69643.71,0.04,2555.3,4286.15,35.37,1.66,0.52,100,0,0.13,0,NaN,0,0,38,0,0,38,0,8760.51,836.04,1363.4,1642.78,132.54,0,0,0,NaN,2396.08,NaN,165.31,6.79,5.92,0,0,0,84402.95
09/27/2025,09,5GNR,Upstate New York,070,Buffalo,HNRT,0709002,EAST NIAGAEA-HNRT,3172,315,9.07,404,4452,100,3021,3017,64997.82,27.23,161.46,1.92,3.39,6.42,1,7.62,11.98,54789.28,0.13,1778.28,3291.52,27.27,1.89,3.03,100,0,0.38,0,NaN,0,0,12,0,0,12,0,9088.2,969.68,2009.94,2266.54,238.64,0,0,0.01,NaN,28.29,NaN,26.13,9.44,0.26,0,0,0,64637.15
09/27/2025,09,5GNR,Upstate New York,070,Buffalo,HNRT,0709002,EAST NIAGAEA-HNRT,3172,316,2.55,118,4623,100,2818,2808,41659.27,20.25,131.69,1.4,3.41,6.86,1.21,7.43,8.19,38846.27,0.35,1302.13,2087.47,28.24,1.6,1.46,100,0,0.42,0,NaN,0,0,8,0,0,8,0,8484.99,1086.01,1042.67,9056.4,36.41,0,0,0,NaN,88.24,NaN,68.03,0.52,0.14,0,0,0,41303.95
09/27/2025,09,5GNR,Upstate New York,070,Buffalo,HNRT,0709002,EAST NIAGARA,2172,314,1.01,14,1385,100,640,640,2828.11,23.31,20.64,2.41,1.96,1.39,3.95,8.35,11.49,1813.14,0,99.22,424.59,8.69,3.29,0.63,100,0,0.09,0,NaN,0,0,4,0,0,4,0,3333.33,3233.33,1675,1722.22,0,0,0,0,NaN,0,NaN,0,0,0,0,0,0,4104.77
09/27/2025,09,5GNR,Upstate New York,070,Buffalo,HNRT,0709002,EAST NIAGARA,2172,315,4.46,5,112,100,57,57,555.59,4.73,25.29,0.39,0.3,0.12,4.25,9.73,14.37,248.47,0,17.29,68.89,0.76,5.17,1.03,NaN,0,0,0,NaN,0,0,4,0,0,4,0,3994.69,2573.2,2262.8,584.23,8.19,0,0,0.04,NaN,6701.33,NaN,31.51,4.65,0.21,0,0,0,651.16
09/27/2025,09,5GNR,Upstate New York,070,Buffalo,HNRT,0709002,EAST NIAGARA,2172,316,4.08,23,564,100,332,332,677.06,10.2,12.41,1.62,1.14,0.44,3.54,8.04,9.04,623.7,0,33.3,101.62,2.55,1.63,2.52,100,0,0.75,0,NaN,0,0,1,0,0,1,0,3626.3,2212.94,1673.17,946.3,0,0,0,0.04,NaN,4677.81,NaN,111.93,3.38,0.17,0,0,0,780.63
09/27/2025,09,5GNR,Upstate New York,070,Buffalo,HNRT,0709002,EDEN_EVAN_CTR_RD,2605,509,1.2,9,751,100,303,303,345.7,3.44,24.69,0.24,0.22,0.16,3.54,9.78,11.55,389.13,0,13.64,31.56,0.6,1.39,0.43,NaN,0,0.37,0,NaN,0,NaN,0,0,NaN,0,0,NaN,NaN,NaN,NaN,NaN,0,NaN,0,NaN,NaN,NaN,NaN,0,0,0,0,0,404.7
09/27/2025,09,5GNR,Upstate New York,070,Buffalo,HNRT,0709002,EDEN_EVAN_CTR_RD,2605,510,2.66,23,865,100,288,288,238.54,4,20.91,1.11,0.76,0.35,5.59,7.85,18.81,360.27,0,453.63,711.83,5.39,12.85,5.56,NaN,0,0.41,NaN,NaN,NaN,0,1,0,0,1,0,3100,19750,11600,0,NaN,0,0,0,NaN,0,NaN,0,0,0,0,0,0,374.6
09/27/2025,09,5GNR,Upstate New York,070,Buffalo,HNRT,0709002,EDEN_EVAN_CTR_RD,2605,511,2.04,14,687,100,248,248,254.56,3.81,17.26,0.79,0.7,0.46,10.46,8.63,10.03,293.42,0,10.36,25.59,0.64,1.15,1.53,NaN,0,1.29,0,NaN,0,NaN,0,0,NaN,0,0,NaN,NaN,NaN,NaN,NaN,0,NaN,0,NaN,NaN,NaN,NaN,0,0,0,0,0,344.43
09/27/2025,09,5GNR,Upstate New York,070,Buffalo,HNRT,0709002,EDEN_EVAN_CTR_RD,3605,509,1.35,3,222,100,112,112,573.52,0.35,249.87,0.02,0.03,0.09,4.5,7.23,7.31,503.59,0,7.15,11.63,0.25,0.27,0,NaN,0,0,NaN,NaN,NaN,NaN,0,0,NaN,0,0,NaN,NaN,NaN,NaN,NaN,0,NaN,0,NaN,NaN,NaN,NaN,0,0,0,0,0,504.82
09/27/2025,09,5GNR,Upstate New York,070,Buffalo,HNRT,0709002,EDEN_EVAN_CTR_RD,3605,510,5.79,11,190,100,100,100,574.39,0.31,114.22,0.09,0.11,0.23,2.04,7.65,9.79,202.84,0,46.1,88.17,1.03,3.1,0,NaN,0,0.76,0,NaN,0,NaN,0,0,NaN,0,0,NaN,NaN,NaN,NaN,NaN,0,NaN,0,NaN,NaN,NaN,NaN,0,0,0,0,0,422.4
09/27/2025,09,5GNR,Upstate New York,070,Buffalo,HNRT,0709002,EDEN_EVAN_CTR_RD,3605,511,18.42,56,304,100,203,203,371.18,0.22,136.78,0.06,0.21,0.95,19.19,4.82,4.18,269.86,0,5.28,8.16,0.31,0.18,17.24,NaN,0,8.11,NaN,NaN,NaN,NaN,0,0,NaN,0,0,NaN,NaN,NaN,NaN,NaN,0,NaN,0,NaN,NaN,NaN,NaN,0,0,0,0,0,282
09/27/2025,09,5GNR,Upstate New York,070,Buffalo,HNRT,0709002,ERIE BASIN,2256,329,8.79,51,580,100,410,409,2214.92,27.23,5.72,7.37,5.94,3.94,2.16,7.72,11.8,713.23,0.24,214.16,457.71,8.08,4.12,1.46,100,0,1.04,0,NaN,0,0,2,0,0,2,0,3062.5,8111.11,4055.56,0,NaN,0,0,0,NaN,0,NaN,0,0,0,0,0,0,2303.31
09/27/2025,09,5GNR,Upstate New York,070,Buffalo,HNRT,0709002,ERIE BASIN,2256,331,5.39,9,167,100,138,138,1109.43,9.25,23.19,0.43,0.38,0.28,5.29,8.26,17.34,967.21,0,319.97,597.36,4.84,16.57,2.21,100,0,1.65,0,NaN,0,NaN,0,0,NaN,0,0,NaN,NaN,NaN,NaN,NaN,0,NaN,0,NaN,NaN,NaN,NaN,0,0,0,0,0,1026.49
09/27/2025,09,5GNR,Upstate New York,070,Buffalo,HNRT,0709002,ERIE BASIN,3256,329,0.9,5,556,100,488,488,1320.44,1.04,123.15,0.17,0.15,0.09,0.92,7.51,14,1202.43,0,280.3,346.23,2.67,18.5,4.76,NaN,0,4,NaN,NaN,NaN,NaN,0,0,NaN,0,0,NaN,NaN,NaN,NaN,NaN,0,NaN,0,NaN,NaN,NaN,NaN,0,0,0,0,0,1237.05
09/27/2025,09,5GNR,Upstate New York,070,Buffalo,HNRT,0709002,ERIE BASIN,3256,330,0.97,28,2891,100,2468,2467,36016.94,15.91,215.91,1.47,1.25,0.82,0.54,7.58,8.68,34769.33,0.04,1039.36,1737.68,26.96,2.77,1.45,100,0,0.54,0,NaN,0,0,2,0,0,2,0,7990.47,647.54,721.73,1274.96,123.79,0,0,0,NaN,51.02,NaN,5.72,0.58,0.2,0,0,0,36980.45
09/27/2025,09,5GNR,Upstate New York,070,Buffalo,HNRT,0709002,ERIE BASIN,3256,331,0.72,3,419,100,327,327,19798.03,12.34,208.7,0.37,0.51,0.88,1.28,7.59,6.44,17200.58,0,1492.39,1968.48,14.34,15.8,1.78,100,0,0,NaN,NaN,NaN,NaN,0,0,NaN,0,0,NaN,NaN,NaN,NaN,NaN,0,NaN,0,NaN,NaN,NaN,NaN,0,0,0,0,0,19801.16
09/27/2025,09,5GNR,Upstate New York,070,Buffalo,HNRT,0709002,EVANS_HD,2280,353,0.88,11,1246,100,878,878,2884.86,26.2,18.93,3.19,2.68,1.87,0.62,8.65,12.44,2892.21,0,117.78,285.67,5,2.99,5.33,NaN,0,0.12,0,NaN,0,0,2,0,0,2,0,3496.43,3130.43,1450.7,1613.9,13.43,0,0,0,NaN,241.13,NaN,157.69,0.07,0.22,0,0,0,3644.54
09/27/2025,09,5GNR,Upstate New York,070,Buffalo,HNRT,0709002,EVANS_HD,2280,354,2.37,4,169,100,70,70,474.31,4.07,22.46,0.22,0.22,0.23,1.06,9.27,12.22,500.31,0,23.78,41.03,0.58,3.01,5.36,NaN,0,0,0,NaN,0,NaN,0,0,NaN,0,0,NaN,NaN,NaN,NaN,NaN,0,NaN,0,NaN,NaN,NaN,NaN,0,0,0,0,0,517.23
09/27/2025,09,5GNR,Upstate New York,070,Buffalo,HNRT,0709002,EVANS_HD,2280,355,1.03,21,2033,100,1015,1015,1800.03,17.98,21.39,2.02,1.66,1.11,5.85,9.06,11.79,2132.07,0,95.3,211.83,4.32,2.28,5.38,NaN,0,0.38,0,NaN,0,NaN,0,0,NaN,0,0,NaN,NaN,NaN,NaN,NaN,0,NaN,0,NaN,NaN,NaN,NaN,0,0,0,0,0,2751.26
09/27/2025,09,5GNR,Upstate New York,070,Buffalo,HNRT,0709002,EVANS_HD,3280,353,10,19,190,100,139,139,1081.98,1.24,140.35,0.06,0.08,0.35,1.46,7.71,8.7,300.41,0,13.17,17.93,0.38,0.98,5.88,NaN,0,0,NaN,NaN,NaN,NaN,0,0,NaN,0,0,NaN,NaN,NaN,NaN,NaN,0,NaN,0,NaN,NaN,NaN,NaN,0,0,0,0,0,303.05
09/27/2025,09,5GNR,Upstate New York,070,Buffalo,HNRT,0709002,EVANS_HD,3280,354,2.5,3,120,100,91,91,338.52,0.17,332.05,0.02,0.06,0.5,0.4,8.13,11.65,270.47,0,10.25,15.5,0.13,1.13,0,NaN,0,0,NaN,NaN,NaN,NaN,0,0,NaN,0,0,NaN,NaN,NaN,NaN,NaN,0,NaN,0,NaN,NaN,NaN,NaN,0,0,0,0,0,287.02
09/27/2025,09,5GNR,Upstate New York,070,Buffalo,HNRT,0709002,EVANS_HD,3280,355,28.97,310,1070,100,463,463,2463.28,1.74,90.31,0.37,0.87,1.68,14.86,5.77,4.86,1468.96,0,16.95,36.26,1.85,0.14,17.89,NaN,0,7.27,NaN,NaN,NaN,NaN,0,0,NaN,0,0,NaN,NaN,NaN,NaN,NaN,0,NaN,0,NaN,NaN,NaN,NaN,0,0,0,0,0,1541.34
09/27/2025,09,5GNR,Upstate New York,070,Buffalo,HNRT,0709002,FIRST_WARD,2003,233,0.97,2,206,100,40,40,254.01,4.52,10.98,0.38,0.35,0.16,3.49,8.8,10.57,242.07,0,4.9,16.03,0.28,1.93,0,NaN,0,1.3,NaN,NaN,NaN,NaN,0,0,NaN,0,0,NaN,NaN,NaN,NaN,NaN,0,NaN,0,NaN,NaN,NaN,NaN,0,0,0,0,0,258.52
09/27/2025,09,5GNR,Upstate New York,070,Buffalo,HNRT,0709002,FIRST_WARD,2003,234,7.09,18,254,100,187,187,914.62,8.5,23.07,0.25,0.25,0.25,4.08,8.89,12.26,977.17,0,21.63,107.38,1.42,6.59,2.5,NaN,0,0.31,0,NaN,0,0,1,0,0,1,0,NaN,NaN,NaN,NaN,NaN,0,NaN,0,NaN,6630,NaN,14.44,0.22,0.08,0,0,0,1087.84
09/27/2025,09,5GNR,Upstate New York,070,Buffalo,HNRT,0709002,FIRST_WARD,2003,235,4.36,20,459,100,252,250,1725.76,16.64,18.82,1.66,1.42,1.03,3,8.1,11.53,1603.6,0.79,130.43,249.79,4.23,4.25,0.55,NaN,0,0.69,0,NaN,0,0,2,0,0,2,0,4578.77,2161.76,1544.52,1112.9,10.62,0,0,0,NaN,3869.86,NaN,80,0.09,0.02,0,0,0,2096.8
09/27/2025,09,5GNR,Upstate New York,070,Buffalo,HNRT,0709002,FIRST_WARD,3003,233,0.86,3,348,100,193,192,2947.45,1.22,220.98,0.28,0.26,0.19,0.2,7.4,6.15,2852.77,0.52,110.3,165.65,3.14,1.87,3.16,NaN,0,3.12,NaN,NaN,NaN,NaN,0,0,NaN,0,0,NaN,NaN,NaN,NaN,NaN,0,NaN,0,NaN,NaN,NaN,NaN,0,0,0,0,0,2910.99
09/27/2025,09,5GNR,Upstate New York,070,Buffalo,HNRT,0709002,FIRST_WARD,3003,234,9.55,127,1330,100,1043,1041,6018.08,3.23,179.45,0.62,0.74,0.93,3.28,7.01,6.25,5495.31,0.19,92.15,231.84,5.03,0.87,2.2,100,0,0.48,0,NaN,0,0,4,0,0,4,0,11214.58,1608.33,1294.48,2926.44,16.38,0,0,0,NaN,805.94,NaN,3364.09,0.24,0.2,0,0,0,5824.02
09/27/2025,09,5GNR,Upstate New York,070,Buffalo,HNRT,0709002,FIRST_WARD,3003,235,3.38,111,3281,100,2735,2733,49984.28,30,108.35,2.27,4.12,8,0.99,6.99,5.12,45785.07,0.07,1150.68,1978.42,34.53,1.86,3.4,NaN,0,0.14,0,NaN,0,0,1,0,0,1,0,8654.79,753.87,955.25,13426.05,89.29,0,0,0,NaN,6.63,NaN,2093.52,3.04,0.26,0,0,0,50036.67
09/27/2025,09,5GNR,Upstate New York,070,Buffalo,HNRT,0709002,FREEMAN_ROAD,2341,383,1.45,25,1728,100,901,899,3400.6,30.88,17.63,5.77,4.81,3.74,3.77,8.21,10.62,2168.6,0.22,241.72,749.94,14.28,3.11,0.21,NaN,0,0.03,0,NaN,0,0,5,0,0,5,0,3007.94,3591.84,1953.12,2271.19,0.82,0,0,0,NaN,174.6,NaN,0,0.01,0.01,0,0,0,4722.42
09/27/2025,09,5GNR,Upstate New York,070,Buffalo,HNRT,0709002,FREEMAN_ROAD,2341,384,2.22,25,1125,100,333,332,671.27,10.12,14.21,1.78,1.41,1.09,4.75,8.58,11.23,421.69,0.3,27.18,182,3.38,1.87,0.18,NaN,0,0.32,0,NaN,0,0,8,0,0,8,0,3372.19,2690.02,1675.48,2139.62,10.11,0,0,0.01,NaN,909,NaN,113.72,0.44,0.48,0,0,0,942.97
09/27/2025,09,5GNR,Upstate New York,070,Buffalo,HNRT,0709002,FREEMAN_ROAD,2341,385,1.22,24,1967,100,685,685,3778.09,34.44,18.35,4.41,3.63,2.68,4.58,8.55,12.73,3075.41,0,242.68,581.18,9.43,4.54,0.36,NaN,0,0.67,0,NaN,0,0,35,0,0,35,0,3577.29,2744.18,2240.87,1119.05,22.97,0,0,0.08,NaN,11846.78,NaN,93.94,11.3,1.92,0,0,0,4050.93
09/27/2025,09,5GNR,Upstate New York,070,Buffalo,HNRT,0709002,FREEMAN_ROAD,3341,383,0.67,13,1936,100,1054,1052,15023.67,5.25,231.64,2.01,1.34,0.26,0.47,8.21,15.11,9637.88,0.19,1204.93,2142.61,12.77,4.97,0.06,NaN,0,0.29,0,NaN,0,0,4,0,0,4,0,6452.38,5261.9,5261.9,0,NaN,0,0,0,NaN,0,NaN,0,0,0,0,0,0,13508.23
09/27/2025,09,5GNR,Upstate New York,070,Buffalo,HNRT,0709002,FREEMAN_ROAD,3341,384,0.94,12,1273,100,533,533,6981.53,2.34,191.78,1.22,0.91,0.23,0.66,8.42,18.12,4239.57,0,277.4,763.63,3.18,7.32,0.31,NaN,0.07,0.49,0,NaN,0,0,1,0,0,1,0,8212.77,698.11,817.46,766.36,NaN,0,0,0,NaN,0,NaN,0,0.08,0.07,0,0,0,6648.14
09/27/2025,09,5GNR,Upstate New York,070,Buffalo,HNRT,0709002,FREEMAN_ROAD,3341,385,0.89,9,1006,100,766,766,11987.62,3.05,158.63,3.16,2.04,0.23,0.55,8.74,15.34,8334.88,0,761.77,2077.44,12.72,10.7,0.09,NaN,0,0.61,0,NaN,0,0,22,0,0,22,0,8207.7,678.33,1219.75,1331.4,86.1,0,0,0,NaN,5.45,NaN,233.56,4.56,3.85,0,0,0,11505.96
09/27/2025,09,5GNR,Upstate New York,070,Buffalo,HNRT,0709002,GALVESTON,2176,317,0.9,12,1331,100,811,811,4820.87,48.97,18.01,12.27,9.68,5.91,0.95,8.13,11.78,4808.63,0,430.03,918.73,15.22,4.41,0,NaN,0,0.26,0,NaN,0,0,1,0,0,1,0,3000,2000,1000,NaN,NaN,0,0,0,NaN,0,NaN,NaN,0,0,0,0,0,6414.36
09/27/2025,09,5GNR,Upstate New York,070,Buffalo,HNRT,0709002,GALVESTON,2176,318,2.53,4,158,100,85,85,575.93,5.9,26.94,0.36,0.32,0.19,2.77,8.17,11.74,310.91,0,9.95,50.44,0.81,3.56,0,NaN,0,0.13,0,NaN,0,0,1,0,0,1,0,10000,2000,1000,NaN,NaN,0,0,0,NaN,0,NaN,NaN,0,0,0,0,0,910.94
09/27/2025,09,5GNR,Upstate New York,070,Buffalo,HNRT,0709002,GALVESTON,2176,319,1.79,1,56,100,11,11,81.91,0.71,32.87,0.07,0.07,0.04,0.18,9.04,15.61,68.32,0,5.94,14.15,0.15,4.34,0,NaN,0,2.15,0,NaN,0,NaN,0,0,NaN,0,0,NaN,NaN,NaN,NaN,NaN,0,NaN,0,NaN,NaN,NaN,NaN,0,0,0,0,0,77.32
09/27/2025,09,5GNR,Upstate New York,070,Buffalo,HNRT,0709002,GALVESTON,3176,317,0.6,17,2844,100,2120,2120,102387.52,32.2,284.26,1.43,1.24,0.77,1.32,7.36,13.34,100539.27,0,2419,4377.06,27.38,4.43,1.31,NaN,0,0.46,0,NaN,0,NaN,0,0,NaN,0,0,7500,NaN,4000,NaN,NaN,0,NaN,0,NaN,NaN,NaN,NaN,0,0,0,0,0,102322.32
09/27/2025,09,5GNR,Upstate New York,070,Buffalo,HNRT,0709002,GALVESTON,3176,318,1.27,28,2209,100,1914,1913,35584.54,15.81,202.93,1.29,1.41,1.64,1.1,7.36,9.38,28524.89,0.05,1555.48,2687.71,28.26,3.31,4.72,NaN,0,0,0,NaN,0,NaN,0,0,NaN,0,0,NaN,NaN,NaN,NaN,NaN,0,NaN,0,NaN,NaN,NaN,NaN,0,0,0,0,0,36082.55
09/27/2025,09,5GNR,Upstate New York,070,Buffalo,HNRT,0709002,GALVESTON,3176,319,1.39,26,1876,100,1467,1465,39557.41,14.82,165.31,0.81,1.02,1.3,0.63,7.44,9.96,26754.01,0.14,1151.62,4910.5,43.34,4.8,0,NaN,0,0.23,0,NaN,0,0,1,0,0,1,0,8829.55,697.92,670.45,1789.47,32.77,0,0,0,NaN,0,NaN,31.58,0.04,0.02,0,0,0,39531.04
09/27/2025,09,5GNR,Upstate New York,070,Buffalo,HNRT,0709002,GRAND_ISLAND,2316,371,0.79,4,505,100,89,89,370.12,8.72,7.2,2.98,2.26,0.46,7.01,8.47,12.37,314.19,0,15.88,106.69,1.67,5.71,0.54,NaN,0,1.12,NaN,NaN,NaN,0,3,0,0,3,0,5360.76,2580.95,5055.06,1860.17,27.21,0,0,0.01,NaN,363.07,NaN,118.13,11.1,11.13,0,0,0,550.48
09/27/2025,09,5GNR,Upstate New York,070,Buffalo,HNRT,0709002,GRAND_ISLAND,2316,372,2.59,36,1392,100,834,834,1378.81,18.7,13.26,4.17,3.06,1.53,8.09,8.42,11.55,1436.94,0,156.21,317.93,5.56,4.32,0.76,NaN,0,0.53,0,NaN,0,0,3,0,0,3,0,4150.94,2085.71,1027.27,1500,0,0,0,0,NaN,0,NaN,444.44,0.01,0.01,0,0,0,2095.12
09/27/2025,09,5GNR,Upstate New York,070,Buffalo,HNRT,0709002,GRAND_ISLAND,2316,373,3.29,26,791,100,518,517,3396.42,30.53,46.05,2.43,2.12,1.78,1.01,8.12,11.28,7442.71,0.19,336.98,1127.64,20.03,5.07,1.13,NaN,0,1.02,0,NaN,0,0,1,0,0,1,0,3347.49,2280.98,1452.32,2017.77,21.39,0,0,0.04,NaN,103.94,NaN,163.13,11.94,12.35,0,0,0,8261.05
09/27/2025,09,5GNR,Upstate New York,070,Buffalo,HNRT,0709002,GRAND_ISLAND,3316,371,0.71,17,2389,100,1187,1186,16444.05,6.08,277.73,1.61,1.05,0.3,0.64,7.97,10.41,13872.69,0.08,896.68,3054.83,23.8,5.35,0.89,NaN,0,0.75,0,NaN,0,0,1,0,0,1,0,9622.18,1850,1810.42,1745.1,NaN,0,0,0.01,NaN,0,NaN,0,0.04,0.03,0,0,0,16441.28
09/27/2025,09,5GNR,Upstate New York,070,Buffalo,HNRT,0709002,GRAND_ISLAND,3316,372,1.27,60,4715,100,3534,3533,29809.96,13.42,186.14,1.11,1.7,2.69,1.21,7.89,10.63,26162.22,0.03,1114.92,2037.44,19.43,1.95,0.35,NaN,0,0.42,0,NaN,0,0,4,0,0,4,0,9495.87,2355.7,2055.1,2315.79,NaN,0,0,0,NaN,0,NaN,79.37,0.13,0.06,0,0,0,29167.8
09/27/2025,09,5GNR,Upstate New York,070,Buffalo,HNRT,0709002,GRAND_ISLAND,3316,373,9.44,39,413,100,263,263,13064.92,5.82,308.85,1.3,0.91,0.24,0.99,7.51,9.13,7762.06,0,606.98,1074.28,17.03,3.17,0.86,NaN,0,0.26,NaN,NaN,NaN,NaN,0,0,NaN,0,0,10487.6,NaN,1813.56,NaN,NaN,0,NaN,0,NaN,NaN,NaN,NaN,0,0,0,0,0,8078.07
09/27/2025,09,5GNR,Upstate New York,070,Buffalo,HNRT,0709002,GRAND_ISLAND_2,2053,263,5.41,2,37,100,13,13,127.57,0.81,17.56,0.07,0.07,0.02,12.54,8.7,17.81,3.55,0,0.7,7.65,0.11,1.89,6.67,100,0,1.56,NaN,NaN,NaN,NaN,0,0,NaN,0,0,3000,7000,3500,0,NaN,0,0,0,NaN,NaN,NaN,NaN,0,0,0,0,0,126.26
09/27/2025,09,5GNR,Upstate New York,070,Buffalo,HNRT,0709002,GRAND_ISLAND_2,2053,264,2.87,18,627,100,304,304,8149.35,47.25,21.36,3.74,3.14,2.1,1.02,7.89,12.6,6969.4,0,318.06,577.62,8.24,3.29,0.44,NaN,0,0.16,0,NaN,0,0,2,0,0,2,0,3051.02,2851.85,1428.22,987.23,7.48,0,0,0,NaN,262.63,NaN,30.04,0.08,0.07,0,0,0,8039.44
09/27/2025,09,5GNR,Upstate New York,070,Buffalo,HNRT,0709002,GRAND_ISLAND_2,2053,265,2.04,4,196,100,68,68,314.65,3.54,10.14,0.59,0.47,0.17,5.16,8.24,13.14,57.49,0,5.24,59.85,0.84,5.57,1.45,NaN,0,0.14,0,NaN,0,0,2,0,0,2,0,3806.45,2588.24,1291.67,968.75,NaN,0,0,0,NaN,0,NaN,0,0,0,0,0,0,308.39
09/27/2025,09,5GNR,Upstate New York,070,Buffalo,HNRT,0709002,GRAND_ISLAND_2,3053,263,5.08,91,1793,100,1064,1056,3775.75,1.47,266.62,0.75,0.93,1.28,1.45,8.95,16.83,3114.28,0.75,229.86,639.57,3.31,5.48,0.58,100,0,0.16,0,NaN,0,0,9,0,0,9,0,9153.5,1313.06,1384.95,1625.44,325.57,0,0,0,NaN,0,NaN,0,4.93,0.03,0,0,0,3738.15
09/27/2025,09,5GNR,Upstate New York,070,Buffalo,HNRT,0709002,GRAND_ISLAND_2,3053,264,4.47,136,3042,100,1417,1415,18349.1,5.73,273.01,1.64,1.69,1.78,1.18,8.28,14.36,16221.73,0.14,825.47,1763.8,11.16,3.05,0.36,NaN,0,0.52,0,NaN,0,0,3,0,0,3,0,9218.75,4555.56,4112.9,593.75,NaN,0,0,0,NaN,0,NaN,0,0,0.01,0,0,0,18151.65
09/27/2025,09,5GNR,Upstate New York,070,Buffalo,HNRT,0709002,GRAND_ISLAND_2,3053,265,0.24,1,418,100,163,163,4647,1.44,191.88,0.6,0.52,0.3,0.69,8.21,16.68,3063.13,0,144.99,341.64,1.58,8.13,0.32,NaN,0,0,0,NaN,0,0,13,0,0,13,0,7628.46,716.1,707.24,1101.45,71.68,0,0,0,NaN,0,NaN,0,0.29,0.06,0,0,0,4587.53
09/27/2025,09,5GNR,Upstate New York,070,Buffalo,HNRT,0709002,HACKER,2293,425,0.41,4,976,100,697,697,3237.52,21.4,27.81,1.58,1.5,1.41,0.64,7.94,15.36,3027.57,0,357.82,681.7,7.25,8.4,0,NaN,0,0.21,0,NaN,0,NaN,0,0,NaN,0,0,NaN,NaN,NaN,NaN,NaN,0,NaN,0,NaN,NaN,NaN,NaN,0,0,0,0,0,3805.55
09/27/2025,09,5GNR,Upstate New York,070,Buffalo,HNRT,0709002,HACKER,2293,426,1.38,4,290,100,75,75,1563.79,10.97,28.11,0.58,0.49,0.28,0.28,8.16,13.43,1431.81,0,71.68,289.82,3.36,11.82,0,NaN,0,0,0,NaN,0,NaN,0,0,NaN,0,0,NaN,NaN,NaN,NaN,NaN,0,NaN,0,NaN,NaN,NaN,NaN,0,0,0,0,0,1615.82
09/27/2025,09,5GNR,Upstate New York,070,Buffalo,HNRT,0709002,HACKER,2293,427,2.89,8,277,100,201,200,1052.6,7.08,35.98,0.41,0.38,0.32,0.97,8.41,14.57,989.18,0.5,80.8,176.72,1.88,8.27,0.42,NaN,0,0.92,0,NaN,0,0,2,0,0,2,0,3000,3000,1500,0,NaN,0,0,0,NaN,0,NaN,0,0,0,0,0,0,1454.05
09/27/2025,09,5GNR,Upstate New York,070,Buffalo,HNRT,0709002,HACKER-HNRT,3293,425,0.7,5,712,100,508,508,7052.49,3.23,286.29,0.57,0.4,0.03,0.18,7.84,12.74,6839.01,0,407.99,543.05,2.65,4.71,0,NaN,0,0,0,NaN,0,NaN,0,0,NaN,0,0,NaN,NaN,NaN,NaN,NaN,0,NaN,0,NaN,NaN,NaN,NaN,0,0,0,0,0,6924.85
09/27/2025,09,5GNR,Upstate New York,070,Buffalo,HNRT,0709002,HACKER-HNRT,3293,426,0.34,1,291,100,209,209,5931.86,1.71,378.63,0.08,0.09,0.1,0.12,7.41,10.99,5849.33,0,217.84,270.96,1.33,6.2,0,NaN,0,0,NaN,NaN,NaN,NaN,0,0,NaN,0,0,NaN,NaN,NaN,NaN,NaN,0,NaN,0,NaN,NaN,NaN,NaN,0,0,0,0,0,5866.44
09/27/2025,09,5GNR,Upstate New York,070,Buffalo,HNRT,0709002,HACKER-HNRT,3293,427,0,0,333,100,258,258,6444.75,2.54,302.89,0.42,0.33,0.02,0.19,7.76,10.01,6073.33,0,93.81,126.7,1.01,2,0,NaN,0,0,NaN,NaN,NaN,NaN,0,0,NaN,0,0,NaN,NaN,NaN,NaN,NaN,0,NaN,0,NaN,NaN,NaN,NaN,0,0,0,0,0,6153.91
09/27/2025,09,5GNR,Upstate New York,070,Buffalo,HNRT,0709002,HAMBURG,2312,497,0.56,10,1770,100,1241,1238,2143.32,26.16,12.49,4.33,3.84,3.13,7.62,8.28,12.01,1124.56,0.24,44.94,287.62,5.36,2.35,0.42,NaN,0,0.24,0,NaN,0,0,2,0,0,2,0,3000,6000,3000,0,NaN,0,0,0,NaN,0,NaN,0,0,0,0,0,0,2571.93
09/27/2025,09,5GNR,Upstate New York,070,Buffalo,HNRT,0709002,HAMBURG,2312,498,1.04,7,673,100,277,275,234.26,4.16,15.61,1.08,0.8,0.22,6.06,8.8,11.91,254.95,0.72,11.84,48.87,0.97,1.98,0.15,NaN,0,0.39,0,NaN,0,NaN,0,0,NaN,0,0,NaN,4500,2250,3500,NaN,0,0,0,NaN,NaN,NaN,NaN,0,0,0,0,0,464.35
09/27/2025,09,5GNR,Upstate New York,070,Buffalo,HNRT,0709002,HAMBURG,2312,499,0.28,4,1422,100,997,997,2375.25,22.32,18.92,3.02,2.46,1.76,6.63,8.61,12.08,1620.21,0,85.84,361.17,6.18,2.57,1.01,NaN,0,0.18,0,NaN,0,0,2,0,0,2,0,3000,2000,1000,0,NaN,0,0,0,NaN,0,NaN,0,0,0,0,0,0,3263.29
09/27/2025,09,5GNR,Upstate New York,070,Buffalo,HNRT,0709002,HAMBURG,3312,497,1.58,8,506,100,340,340,7602.46,2.35,482.42,2.04,1.49,0.11,0.49,8.23,15.81,6355.96,0,104.15,204.69,1.42,0.98,0,NaN,0,0,0,NaN,0,NaN,0,0,NaN,0,0,6625,722.22,770.83,1000,NaN,0,0,0,NaN,0,NaN,0,0,0,0,0,0,7052.37
09/27/2025,09,5GNR,Upstate New York,070,Buffalo,HNRT,0709002,HAMBURG,3312,498,2.28,19,832,100,329,329,2395.25,1.34,210.5,0.37,0.4,0.47,5.25,6.63,7.12,1917.79,0,44.21,72.89,1.75,0.52,4.31,NaN,0,1.02,0,NaN,0,NaN,0,0,NaN,0,0,7750,625,625,0,NaN,0,0,0,NaN,0,NaN,NaN,0,0,0,0,0,2166.36
09/27/2025,09,5GNR,Upstate New York,070,Buffalo,HNRT,0709002,HAMBURG,3312,499,15.99,301,1883,100,1148,1148,8320.55,4.21,133.38,1.07,1.28,1.6,8.12,5.9,6.96,6749.25,0,121.71,233.72,5.57,0.41,5.21,NaN,0,1.51,0,NaN,0,0,1,0,0,1,0,8464.91,701.92,754.39,1087.72,NaN,0,0,0,NaN,0,NaN,0,0.12,0.01,0,0,0,7412.03
09/27/2025,09,5GNR,Upstate New York,070,Buffalo,HNRT,0709002,INDIAN_CHURCH_RD,3573,503,0.63,30,4777,100,4293,4293,20772.77,10.64,137.43,1.26,1.34,1.48,1.75,7.87,13.33,17166.2,0,533.28,947.35,12.25,1.24,0.75,NaN,0,0.64,0,NaN,0,0,1,0,0,1,0,9724.08,1056.31,2467.05,1188.58,217.27,0,0,0,NaN,1366.4,NaN,72.57,4.83,0.3,0,0,0,20662.74
09/27/2025,09,5GNR,Upstate New York,070,Buffalo,HNRT,0709002,INDIAN_CHURCH_RD,3573,504,3.05,94,3086,100,2689,2684,8629.37,4.48,180.4,0.93,0.94,0.97,4.35,8.32,12.96,7082.28,0.19,254.18,509.42,5.73,0.89,1,NaN,0,0.37,0,NaN,0,0,1,0,0,1,0,NaN,NaN,NaN,NaN,NaN,0,NaN,0,NaN,NaN,NaN,NaN,0,0,0,0,0,8552.6
09/27/2025,09,5GNR,Upstate New York,070,Buffalo,HNRT,0709002,INDIAN_CHURCH_RD,3573,505,9.42,647,6865,100,6071,6070,13180.38,7.84,104.02,1.46,3.97,7.5,12.08,5.71,11.03,12116.42,0.02,295.96,513.19,11.37,0.42,4.09,NaN,0,3.69,0,NaN,0,0,3,0,0,3,0,8546.42,760.63,1610.47,4916.83,62.63,0,0,0,NaN,8.68,NaN,2359.8,8.81,2.9,0,0,0,13265.74
09/27/2025,09,5GNR,Upstate New York,070,Buffalo,HNRT,0709002,J_AND_T_AUTO,2294,359,1.04,4,383,100,275,275,973.45,10.77,18.97,0.78,0.68,0.45,1.08,8.48,10.45,940.21,0,24.62,74.74,1.73,2.84,0.31,NaN,0,0,0,NaN,0,NaN,0,0,NaN,0,0,NaN,NaN,NaN,NaN,NaN,0,NaN,0,NaN,NaN,NaN,NaN,0,0,0,0,0,1297.31
09/27/2025,09,5GNR,Upstate New York,070,Buffalo,HNRT,0709002,J_AND_T_AUTO,2294,360,4.64,20,431,100,362,361,1406.4,14.03,18.14,1.17,1.02,0.64,1.8,7.96,13.2,1383.76,0.28,82.27,128.21,1.72,3.03,8.01,NaN,0,1.19,0,NaN,0,NaN,0,0,NaN,0,0,NaN,NaN,NaN,NaN,NaN,0,NaN,0,NaN,NaN,NaN,NaN,0,0,0,0,0,1454.84
09/27/2025,09,5GNR,Upstate New York,070,Buffalo,HNRT,0709002,J_AND_T_AUTO,2294,361,0.45,1,224,100,164,164,780.56,6.29,30.34,0.27,0.25,0.19,0.22,8.04,12.08,945.94,0,39.75,75.25,1.04,3.72,2.29,NaN,0,0.7,NaN,NaN,NaN,NaN,0,0,NaN,0,0,NaN,NaN,NaN,NaN,NaN,0,NaN,0,NaN,NaN,NaN,NaN,0,0,0,0,0,957.43
09/27/2025,09,5GNR,Upstate New York,070,Buffalo,HNRT,0709002,J_AND_T_AUTO,3294,359,1.17,3,256,100,168,168,9183.61,5.21,396.34,0.73,0.55,0.07,0.28,7.47,8.72,9688.69,0,227.89,311.55,2.99,2.48,2.5,NaN,0,0,NaN,NaN,NaN,NaN,0,0,NaN,0,0,NaN,NaN,NaN,NaN,NaN,0,NaN,0,NaN,NaN,NaN,NaN,0,0,0,0,0,10028.8
09/27/2025,09,5GNR,Upstate New York,070,Buffalo,HNRT,0709002,J_AND_T_AUTO,3294,360,6.39,14,219,100,153,153,3209.77,1.08,561.56,0.16,0.14,0.05,0.29,7.49,13.56,3103.87,0,126.11,163.21,0.77,2.22,0,NaN,0,0,0,NaN,0,NaN,0,0,NaN,0,0,NaN,NaN,NaN,NaN,NaN,0,NaN,0,NaN,NaN,NaN,NaN,0,0,0,0,0,3115.77
09/27/2025,09,5GNR,Upstate New York,070,Buffalo,HNRT,0709002,J_AND_T_AUTO,3294,361,0.25,1,408,100,414,414,11318.09,3.27,307.99,2.93,1.98,0.02,0.18,7.45,10.86,7897.79,0,353.67,473.11,5.51,2.81,0,NaN,0,0,0,NaN,0,NaN,0,0,NaN,0,0,NaN,NaN,NaN,NaN,NaN,0,NaN,0,NaN,NaN,NaN,NaN,0,0,0,0,0,11016.93
09/27/2025,09,5GNR,Upstate New York,070,Buffalo,HNRT,0709002,KENILWORTH,2048,257,5.52,87,1575,100,1010,1008,2061.7,29.07,10.86,6.29,5.88,5.38,8.39,8.16,10.45,1520.58,0.2,147.2,446.86,9.77,2.59,0.31,NaN,0,0.83,0,NaN,0,0,2,0,0,2,0,3796.3,2920,1524.39,1298.7,1.64,0,0,0,NaN,925.93,NaN,0,0.02,0.01,0,0,0,3217.31
09/27/2025,09,5GNR,Upstate New York,070,Buffalo,HNRT,0709002,KENILWORTH,2048,258,22.87,129,564,100,279,278,302.2,3.82,17.08,0.85,0.8,0.71,19.14,8.04,11.36,384.29,0.36,19.77,42.41,0.96,1.12,3.37,NaN,0,1.13,0,NaN,0,0,2,0,0,2,0,4615.38,9307.69,6066.67,5545.45,0,0,0,0,NaN,0,NaN,0,0,0.01,0,0,0,419.83
09/27/2025,09,5GNR,Upstate New York,070,Buffalo,HNRT,0709002,KENILWORTH,2048,259,3.26,56,1717,100,1374,1371,2823.41,35.95,10.94,6.39,5.15,3.43,5.04,8.27,10.36,2364.59,0.22,214.71,521.13,10.7,3.31,1.25,NaN,0,0.34,0,NaN,0,0,6,0,0,6,0,3681.96,3797.87,2272.01,780.35,19.57,0,0,0,NaN,11240.51,NaN,0,0.29,0.02,0,0,0,3904.92
09/27/2025,09,5GNR,Upstate New York,070,Buffalo,HNRT,0709002,KENILWORTH,3048,257,0.74,11,1490,100,1049,1049,11046.09,4.38,279.28,1.74,1.26,0.35,0.66,8.33,16.46,8139.65,0,505.94,834.01,4.15,4.39,0.51,100,0,0.17,0,NaN,0,0,6,0,0,6,0,8611.96,1188.3,1870.62,646.55,531.78,0,0,0.04,NaN,0,NaN,0,0.02,0.04,0,0,0,9730.51
09/27/2025,09,5GNR,Upstate New York,070,Buffalo,HNRT,0709002,KENILWORTH,3048,258,1.95,11,564,100,319,319,3508.57,1.16,200.11,1.2,0.82,0.08,0.69,8.15,17.68,1833.5,0,168.62,439.68,1.93,3.74,0,100,0,0.22,0,NaN,0,0,13,0,0,13,0,7464.29,669.35,650,5023.26,NaN,0,0,0,NaN,0,NaN,2777.78,0.01,0.01,0,0,0,3346.51
09/27/2025,09,5GNR,Upstate New York,070,Buffalo,HNRT,0709002,KENILWORTH,3048,259,0.75,7,933,100,664,664,4103.16,2.5,171.21,0.54,0.44,0.21,1.46,8.19,11.3,2387.68,0,130.76,272.8,2.56,1.75,0,100,0,0.4,0,NaN,0,0,1,0,0,1,0,11416.67,32400,27500,0,NaN,0,0,0,NaN,0,NaN,0,0,0,0,0,0,2959.53
09/27/2025,09,5GNR,Upstate New York,070,Buffalo,HNRT,0709002,KENMORE,3162,302,0.46,34,7315,100,5704,5704,36977.87,16.21,149.36,1.43,1.5,1.62,0.86,8.02,13.5,31239.68,0,1371.79,2417.15,18.12,1.76,0.13,NaN,0,0.28,0,NaN,0,0,10,0,0,10,0,8325.44,818.46,773.69,1613.23,92.35,0,0,0,NaN,3.04,NaN,0,2.68,0.23,0,0,0,37852.95
09/27/2025,09,5GNR,Upstate New York,070,Buffalo,HNRT,0709002,KENMORE,3162,303,0.58,17,2954,100,1857,1855,17681.59,7.52,167.61,1.5,1.01,0.25,0.73,8.03,12.39,15503.52,0.11,1233.54,1878.91,13.75,3.43,0,NaN,0,0.07,0,NaN,0,0,1,0,0,1,0,6500,900,900,0,NaN,0,0,0,NaN,0,NaN,0,0,0,0,0,0,17502.87
09/27/2025,09,5GNR,Upstate New York,070,Buffalo,HNRT,0709002,KENMORE,3162,304,0.8,14,1745,100,1138,1137,6065.4,2.66,194.89,2.07,1.33,0.2,0.47,8.01,6.97,5428.3,0.09,442.42,636.14,11.08,1.59,0.13,NaN,0,0.14,0,NaN,0,0,2,0,0,2,0,7997.94,1070.91,1112.53,879.05,451.2,0,0,0,NaN,5.87,NaN,11.87,6.07,0.49,0,0,0,6020.29
09/27/2025,09,5GNR,Upstate New York,070,Buffalo,HNRT,0709002,LAKEVIEW_RD_AND_RTE_20,2028,239,0.53,4,760,100,173,173,919.96,7.19,13.66,0.84,0.65,0.39,5.07,8.48,15.59,194.98,0,7.6,242.85,2.92,7.48,1.55,NaN,0,0.61,0,NaN,0,0,7,0,0,7,0,3340.98,2363.64,1503.12,1527.3,16.19,0,0,0.01,NaN,984.39,NaN,135.8,0.68,0.26,0,0,0,813.89
09/27/2025,09,5GNR,Upstate New York,070,Buffalo,HNRT,0709002,LAKEVIEW_RD_AND_RTE_20,2028,240,11.67,37,317,100,166,166,107.95,2.41,6.74,0.81,0.69,0.21,13.35,8.82,14.25,52.88,0,1.81,17.55,0.32,1.14,2.4,NaN,0,1.39,0,NaN,0,NaN,0,0,NaN,0,0,NaN,NaN,NaN,NaN,NaN,0,NaN,0,NaN,NaN,NaN,NaN,0,0,0,0,0,105.23
09/27/2025,09,5GNR,Upstate New York,070,Buffalo,HNRT,0709002,LAKEVIEW_RD_AND_RTE_20,2028,241,0.67,16,2379,100,1484,1484,3002.26,37.85,8.89,4.89,4.01,2.49,3.96,8.43,10.77,1762.62,0,11.94,201.21,4.58,1.31,0.32,NaN,0,0.24,0,NaN,0,0,3,0,0,3,0,3000,2714.29,1357.14,1400,NaN,0,0,0,NaN,0,NaN,0,0,0,0,0,0,2949.15
09/27/2025,09,5GNR,Upstate New York,070,Buffalo,HNRT,0709002,LAKEVIEW_RD_AND_RTE_20,3028,239,0.61,10,1646,100,758,757,16259.43,5.35,219.33,1.99,1.35,0.3,0.72,7.88,20.61,10958.47,0.13,1488.99,4791.68,12.48,24.08,0.19,NaN,0,0.04,0,NaN,0,14.29,7,1,14.29,7,1,7866.51,644.05,657.12,1328.2,135.48,0,0,0,NaN,15.99,NaN,446.77,1.15,0.35,0,0,0,16174.37
09/27/2025,09,5GNR,Upstate New York,070,Buffalo,HNRT,0709002,LAKEVIEW_RD_AND_RTE_20,3028,240,2.39,11,460,100,191,190,8958.91,5.69,168.14,0.44,0.41,0.33,1.91,5.75,11.22,8828.4,0.52,71.6,121.86,2.56,1.48,0.65,NaN,0,0.67,0,NaN,0,NaN,0,0,NaN,0,0,NaN,NaN,NaN,NaN,NaN,0,NaN,0,NaN,NaN,NaN,NaN,0,0,0,0,0,9064.64
09/27/2025,09,5GNR,Upstate New York,070,Buffalo,HNRT,0709002,LAKEVIEW_RD_AND_RTE_20,3028,241,13.97,217,1553,100,445,445,4972.29,1.69,186.89,0.7,0.99,1.46,10.12,7.23,6.81,4782.07,0,93.45,144.81,3.26,0.56,6.87,NaN,0,1.3,0,NaN,0,0,1,0,0,1,0,7666.67,666.67,666.67,NaN,NaN,0,0,0,NaN,0,NaN,NaN,0,0,0,0,0,4987.03
09/27/2025,09,5GNR,Upstate New York,070,Buffalo,HNRT,0709002,LANDERS,3296,362,1.05,34,3232,100,2385,2385,22412.49,7.63,239.09,1.93,1.37,0.56,0.55,7.96,14.08,18320.12,0,1280.88,2232.52,14.49,3.5,0.25,100,0,0.49,0,NaN,0,0,16,0,0,16,0,10586.84,804.24,841.14,1965.71,95.23,0,0,0,NaN,105.94,NaN,0.92,3.44,0.22,0,0,0,22287.03
09/27/2025,09,5GNR,Upstate New York,070,Buffalo,HNRT,0709002,LANDERS,3296,363,1.07,30,2791,100,1712,1712,11547.49,6.06,172.43,1.07,0.86,0.52,0.98,8.12,11.69,8944.07,0,324.01,726.1,7.05,1.7,0.87,100,0,0.54,0,NaN,0,0,3,0,0,3,0,8699.78,765.9,1356.31,2330.06,192.81,0,0,0.07,NaN,1426.07,NaN,41.91,103.09,0.79,0,0,0,11125.73
09/27/2025,09,5GNR,Upstate New York,070,Buffalo,HNRT,0709002,LANDERS,3296,364,3.2,182,5696,100,3403,3399,25764.24,13.67,133.64,1.62,3.53,6.52,1.75,6.62,9.67,23166.46,0.12,478.68,960.22,19.19,0.62,0.56,100,0,0.55,0,NaN,0,0,4,0,0,4,0,9165.02,874,1217.49,1602.96,256.79,0,0,0.01,NaN,769.98,NaN,33.2,19.66,1.03,0,0,0,25583.44
09/27/2025,09,5GNR,Upstate New York,070,Buffalo,HNRT,0709002,LEWISTON_AND_MEADVILLE,3357,485,0.43,1,231,100,154,154,809.65,0.3,400,0.05,0.04,0.01,1.42,6.55,14.02,783.03,0,61.05,81.08,0.33,5.17,0,NaN,0,0,NaN,NaN,NaN,NaN,0,0,NaN,0,0,NaN,NaN,NaN,NaN,NaN,0,NaN,0,NaN,NaN,NaN,NaN,0,0,0,0,0,801.59
09/27/2025,09,5GNR,Upstate New York,070,Buffalo,HNRT,0709002,LEWISTON_AND_MEADVILLE,3357,486,0.43,1,233,100,179,179,2397.18,0.84,322.57,0.12,0.12,0.13,0.22,7.68,17.65,2344.64,0,251.85,313.96,1.15,5.97,1.48,NaN,0,0,NaN,NaN,NaN,NaN,0,0,NaN,0,0,NaN,NaN,NaN,NaN,NaN,0,NaN,0,NaN,NaN,NaN,NaN,0,0,0,0,0,2371.06
09/27/2025,09,5GNR,Upstate New York,070,Buffalo,HNRT,0709002,LEWISTON_AND_MEADVILLE,3357,487,2.77,8,289,100,176,176,3660.13,1.63,236.06,0.23,0.24,0.3,0.44,7.52,15.03,3370.55,0,152.98,194.48,1.14,4.35,1.39,NaN,0,0,NaN,NaN,NaN,NaN,0,0,NaN,0,0,NaN,NaN,NaN,NaN,NaN,0,NaN,0,NaN,NaN,NaN,NaN,0,0,0,0,0,3684.47
09/27/2025,09,5GNR,Upstate New York,070,Buffalo,HNRT,0709002,LEWISTON_FIREHALL,2248,449,0.49,4,816,100,308,308,6190.43,35.44,24.89,1.18,1.25,1.39,0.6,7.8,11.26,6759.26,0,111.45,322.36,6.81,2.27,0.37,NaN,0,4.06,0,NaN,0,0,4,0,0,4,0,3493.59,2000,1198.72,1176.47,0,0,0,0,NaN,0,NaN,29.41,0.01,0,0,0,0,7379.73
09/27/2025,09,5GNR,Upstate New York,070,Buffalo,HNRT,0709002,LEWISTON_FIREHALL,2248,450,0.45,8,1776,100,933,933,4131.27,37.2,21.45,5.4,4.33,3.12,0.51,8.2,11.55,4973.08,0,435.91,934.68,19.21,4.37,0,NaN,0,0.18,0,NaN,0,0,4,0,0,4,0,3007.14,5387.76,2788.73,967.74,0.82,0,0,0,NaN,0,NaN,117.65,0.01,0.01,0,0,0,7457.76
09/27/2025,09,5GNR,Upstate New York,070,Buffalo,HNRT,0709002,LEWISTON_FIREHALL,2248,451,6.17,65,1053,100,459,458,4087.97,23.3,25.72,2.71,2.39,1.96,1.11,7.66,11.5,4646.36,0.22,248.98,443.3,7.95,2.27,0.61,NaN,0,2.53,0,NaN,0,0,7,0,0,7,0,3166.67,12761.9,6669.81,1482.76,0,0,0,0,NaN,0,NaN,137.93,0,0,0,0,0,5325.48
09/27/2025,09,5GNR,Upstate New York,070,Buffalo,HNRT,0709002,LEWISTON_FIREHALL,3248,449,0.28,7,2495,100,1630,1630,86654.73,28.54,230.42,1.89,1.52,0.71,0.21,7.66,12.22,69190.21,0,2089.57,3229.54,21.53,2.54,0.16,NaN,0,0.21,0,NaN,0,0,14,0,0,14,0,8737.83,708.4,1007.77,1110.66,164.78,0,0,0.01,NaN,37.95,NaN,18.33,27.76,2.35,0,0,0,85520.25
09/27/2025,09,5GNR,Upstate New York,070,Buffalo,HNRT,0709002,LEWISTON_FIREHALL,3248,450,0.35,14,3988,100,2517,2516,44110.26,18.8,207.5,0.98,0.94,0.86,0.47,8.06,13.77,33443.25,0.04,1928.26,3645.62,20.26,5.02,0.06,NaN,0,0.46,0,NaN,0,0,4,0,0,4,0,7966.5,710.32,781.98,1036.6,112.64,0,0,0,NaN,81.38,NaN,0.69,1.82,0.36,0,0,0,40976.73
09/27/2025,09,5GNR,Upstate New York,070,Buffalo,HNRT,0709002,LEWISTON_FIREHALL,3248,451,0.54,13,2412,100,1712,1712,23664.89,6.81,248.22,2.15,1.48,0.33,0.55,8.11,18.01,18584.31,0,1504.18,3621.64,12.07,8.06,0.1,NaN,0,0.24,0,NaN,0,0,2,0,0,2,0,7721.28,754.49,765.2,1365.85,53.83,0,0,0,NaN,0,NaN,0,0.15,0.07,0,0,0,22783.41
09/27/2025,09,5GNR,Upstate New York,070,Buffalo,HNRT,0709002,LOCKPORT_ROAD,2111,491,0.31,2,644,100,148,148,523.77,5.92,18.8,0.63,0.54,0.37,0.92,8.75,12.42,493.28,0,47.45,95.35,1.68,2.81,0,NaN,0,0.79,0,NaN,0,NaN,0,0,NaN,0,0,NaN,NaN,NaN,NaN,NaN,0,NaN,0,NaN,NaN,NaN,NaN,0,0,0,0,0,576.02
09/27/2025,09,5GNR,Upstate New York,070,Buffalo,HNRT,0709002,LOCKPORT_ROAD,2111,492,6.51,22,338,100,123,123,133.69,2.5,13.8,0.92,0.77,0.23,0,8.05,12.69,173.5,0,8.44,23.02,0.42,1.15,0.93,NaN,0,0,NaN,NaN,NaN,NaN,0,0,NaN,0,0,NaN,3000,1500,0,NaN,0,0,0,NaN,NaN,NaN,NaN,0,0,0,0,0,220.16
09/27/2025,09,5GNR,Upstate New York,070,Buffalo,HNRT,0709002,LOCKPORT_ROAD,2111,493,0.64,4,624,100,326,326,3410.38,24.01,30.33,2.56,1.99,1.26,0.78,7.86,14,3983.53,0,550.94,817.95,12.14,7.6,0.32,66.67,0,0,0,NaN,0,0,1,0,0,1,0,3000,7900,3950,1750,NaN,0,0,0,NaN,0,NaN,0,0,0,0,0,0,4499.55
09/27/2025,09,5GNR,Upstate New York,070,Buffalo,HNRT,0709002,LOCKPORT_ROAD-HNRT,3111,491,0.48,6,1260,100,742,742,15353.54,6.02,265.27,1.28,0.97,0.29,0.33,8.11,12.06,14659.17,0,413.1,571.46,3.94,3,0.48,NaN,0,0.22,0,NaN,0,NaN,0,0,NaN,0,0,6000,1500,1500,0,NaN,0,0,0,NaN,NaN,NaN,NaN,0,0,0,0,0,15791.8
09/27/2025,09,5GNR,Upstate New York,070,Buffalo,HNRT,0709002,LOCKPORT_ROAD-HNRT,3111,492,1.48,41,2775,100,1488,1484,15651.31,8.53,150.25,1.36,1.38,1.43,0.98,7.78,8.55,13920.55,0.27,406.81,668.7,12.83,1.22,3.95,100,0,0.55,0,NaN,0,0,4,0,0,4,0,9225,19944.44,21000,1066.67,NaN,0,0,0,NaN,0,NaN,0,0,0,0,0,0,15603.24
09/27/2025,09,5GNR,Upstate New York,070,Buffalo,HNRT,0709002,LOCKPORT_ROAD-HNRT,3111,493,1.24,26,2101,100,1451,1450,27823.23,11.23,189.43,0.78,1.05,1.5,0.63,7.62,6.12,24559.04,0.07,873.87,1413.58,30.25,1.19,0.57,100,0,0,0,NaN,0,0,7,0,0,7,0,8835.7,1072.78,953.02,23521.31,26.62,0,0,0,NaN,0,NaN,213.11,0.38,0.23,0,0,0,26943.52
09/27/2025,09,5GNR,Upstate New York,070,Buffalo,HNRT,0709002,MAPLE_ROAD,2027,236,2.9,39,1343,100,1114,1109,1415.6,26.65,11.93,7.46,6.5,5.7,14.47,8.21,9.42,1022.29,0.45,405.51,931.4,21.53,3.23,3.12,NaN,0.02,0.87,0,NaN,0,0,46,0,0,46,0,4336.72,3437.16,5949.17,2632.23,5.71,0,0,0.12,NaN,26631.86,NaN,1336.28,4.27,1.74,0,0,0,2501.28
09/27/2025,09,5GNR,Upstate New York,070,Buffalo,HNRT,0709002,MAPLE_ROAD,2027,237,5.86,16,273,100,176,176,1183.23,11.34,18.74,1.28,0.92,0.49,4.29,8.46,12.22,497.86,0,46.18,228.23,3.99,4.23,0.41,NaN,0,0,0,NaN,0,0,10,0,0,10,0,3205.45,2005.34,1270.67,1738.53,18.04,0,0,0.01,NaN,5371.18,NaN,76.14,1.52,0.63,0,0,0,1930.32
09/27/2025,09,5GNR,Upstate New York,070,Buffalo,HNRT,0709002,MAPLE_ROAD,2027,238,1.56,2,128,100,86,86,370.05,6.86,18.19,1.54,1.12,0.36,6.2,8.38,10.37,193.12,0,22.27,98.84,1.82,2.78,0,NaN,0,0.3,0,NaN,0,0,4,0,0,4,0,3178.9,3224.72,1948.89,1381.72,2.73,0,0,0,NaN,3625.51,NaN,125,0.17,0.04,0,0,0,832.57
09/27/2025,09,5GNR,Upstate New York,070,Buffalo,HNRT,0709002,MAPLE_ROAD,3027,236,0.94,31,3295,100,2696,2695,10678.13,7.23,145.92,1.04,1.11,1.21,0.96,8.33,16.21,7328.73,0.04,522.15,948.67,6.74,1.53,1.19,NaN,0,0.34,0,NaN,0,0,14,0,0,14,0,11761.72,3309.11,4129.31,5434.5,47.1,0,0,0,NaN,250.46,NaN,262.91,0.29,0.12,0,0,0,9522.4
09/27/2025,09,5GNR,Upstate New York,070,Buffalo,HNRT,0709002,MAPLE_ROAD,3027,237,0.91,28,3078,100,2157,2157,15566.15,7.09,165.53,1.45,1.1,0.5,0.88,8.59,16.18,9576.69,0,1393.48,2327.3,10.72,11.44,0.16,NaN,0,0.63,0,NaN,0,0,6,0,0,6,0,8578.05,734.12,920.52,1257.58,324.85,0.01,0,0.03,NaN,573.88,NaN,17.93,92.78,18.78,0,0,0,14753.82
09/27/2025,09,5GNR,Upstate New York,070,Buffalo,HNRT,0709002,MAPLE_ROAD,3027,238,0.24,3,1255,100,961,960,7230.73,3.83,147.74,1.04,0.83,0.38,0.68,8.31,15.44,5164.3,0.1,317.37,655.21,3.3,4.82,1.73,NaN,0,0.18,0,NaN,0,0,3,0,0,3,0,8014.79,1245.27,1211.7,2741.05,123.86,0,0,0,NaN,90.3,NaN,2.29,1.33,0.6,0,0,0,6723.52
09/27/2025,09,5GNR,Upstate New York,070,Buffalo,HNRT,0709002,MILLERSPORT,3289,356,0.45,7,1571,100,772,772,10217.64,4.77,193.09,1.15,0.79,0.16,0.35,8,11.54,10350.16,0,628.34,814.7,5.46,2.37,0.6,NaN,0,0.91,0,NaN,0,0,1,0,0,1,0,NaN,NaN,NaN,NaN,NaN,0,NaN,0,NaN,NaN,NaN,NaN,0,0,0,0,0,10448.71
09/27/2025,09,5GNR,Upstate New York,070,Buffalo,HNRT,0709002,MILLERSPORT,3289,357,0.51,2,394,100,349,349,11829.75,4.66,318,1.25,0.76,0.03,0.08,7.53,9.33,11766.52,0,715.5,875.91,7.18,2.21,3.7,NaN,0,3.85,NaN,NaN,NaN,NaN,0,0,NaN,0,0,NaN,NaN,NaN,NaN,NaN,0,NaN,0,NaN,NaN,NaN,NaN,0,0,0,0,0,11769.78
09/27/2025,09,5GNR,Upstate New York,070,Buffalo,HNRT,0709002,MILLERSPORT,3289,358,1.01,10,988,100,520,520,2081.18,1.34,156.47,0.38,0.32,0.2,0.78,8.18,9.45,1988.51,0,72.77,105.55,1.47,0.51,0,NaN,0,0.48,NaN,NaN,NaN,NaN,0,0,NaN,0,0,NaN,NaN,NaN,NaN,NaN,0,NaN,0,NaN,NaN,NaN,NaN,0,0,0,0,0,2057.47
09/27/2025,09,5GNR,Upstate New York,070,Buffalo,HNRT,0709002,MT_VIEW,3314,431,1.67,26,1560,100,1099,1099,9530.39,4.06,225.91,0.87,0.68,0.38,1.19,7.31,14.75,9147.49,0,1046.58,1477.35,10.81,2.65,0.55,NaN,0,0.75,NaN,NaN,NaN,0,1,0,0,1,0,6830.28,702.53,701.83,1245.28,NaN,0,0,0,NaN,0,NaN,0,0.03,0.03,0,0,0,9439.07
09/27/2025,09,5GNR,Upstate New York,070,Buffalo,HNRT,0709002,MT_VIEW,3314,432,1.02,24,2363,100,1389,1388,14330.23,5.59,227.1,1.06,0.77,0.24,1.12,7.89,16.37,8820.83,0.07,376.15,720.18,3.07,1.66,1.27,NaN,0,0,0,NaN,0,NaN,0,0,NaN,0,0,7000,1500,1500,0,NaN,0,0,0,NaN,NaN,NaN,NaN,0,0,0,0,0,14229.12
09/27/2025,09,5GNR,Upstate New York,070,Buffalo,HNRT,0709002,MT_VIEW,3314,433,1.82,85,4664,100,3550,3549,78465.11,28.98,180.16,1.32,3.31,7.16,1.7,7.23,11.31,68724.12,0.03,1952.2,2916.98,30.02,1.62,0.9,NaN,0,0,0,NaN,0,NaN,0,0,NaN,0,0,NaN,NaN,NaN,NaN,NaN,0,NaN,0,NaN,NaN,NaN,NaN,0,0,0,0,0,78214.51
09/27/2025,09,5GNR,Upstate New York,070,Buffalo,HNRT,0709002,NIAGARA_AIRPORT,2337,428,1.39,42,3016,100,1811,1810,2089.66,42.43,6.83,15.76,13.24,9.38,0,7.72,11,1904.32,0.06,231.16,425.6,8.8,2.16,0.44,100,0,0.29,0,NaN,0,0,1,0,0,1,0,3291.67,2777.78,1520,9051.28,0,0,0,0,NaN,0,NaN,0,0,0,0,0,0,2507.56
09/27/2025,09,5GNR,Upstate New York,070,Buffalo,HNRT,0709002,NIAGARA_AIRPORT,2337,429,0.61,9,1467,100,674,674,4645.51,40.62,25.1,5.32,5.26,5.21,2.11,8.05,17.36,7127.46,0,1792.49,2707.97,36.48,5.83,0.14,100,0,0.07,0,NaN,0,0,4,0,0,4,0,3179.49,2500,1256.1,2142.86,10.92,0,0,0,NaN,767.44,NaN,0,0.01,0.01,0,0,0,7876.1
09/27/2025,09,5GNR,Upstate New York,070,Buffalo,HNRT,0709002,NIAGARA_AIRPORT,2337,430,1.26,32,2532,100,1049,1048,6506.89,55.23,16.23,9.34,9.16,8.96,0.88,7.93,9.99,8383.1,0.1,741.07,1334.44,30.28,2.66,0.34,100,0,0.17,0,NaN,0,0,7,0,0,7,0,3267.85,2922.2,1769.58,1289.84,17.21,0,0,0.01,NaN,74.07,NaN,482.76,0.02,0.01,0,0,0,9475.31
09/27/2025,09,5GNR,Upstate New York,070,Buffalo,HNRT,0709002,NIAGARA_AIRPORT,3337,428,1.56,15,964,100,659,658,33515.44,11.52,354.91,1.62,1.02,0.06,0.28,7.65,14.92,24618.6,0.15,2058.5,2929.37,13.74,3.93,0.21,100,0,0,0,NaN,0,NaN,0,0,NaN,0,0,NaN,NaN,NaN,NaN,NaN,0,NaN,0,NaN,NaN,NaN,NaN,0,0,0,0,0,33453.54
09/27/2025,09,5GNR,Upstate New York,070,Buffalo,HNRT,0709002,NIAGARA_AIRPORT,3337,429,1.61,37,2298,100,1626,1626,57404,19.74,248.89,1.51,1.24,0.65,0.45,7.78,14.04,41091.15,0,1637.24,3115.84,17.34,5.23,0.05,100,0,0.21,0,NaN,0,0,8,0,0,8,0,8564.6,687.09,692.22,1405.69,65.57,0.01,0,0.02,NaN,3,NaN,94.62,43.94,41.41,0,0,0,54135.79
09/27/2025,09,5GNR,Upstate New York,070,Buffalo,HNRT,0709002,NIAGARA_AIRPORT,3337,430,1.44,41,2843,100,1949,1949,62975.09,25.09,200.46,1.08,1.78,3.17,0.48,7.48,11.83,51011.79,0,3778.95,5351.46,43.21,2.74,0.29,100,0,0.15,0,NaN,0,0,1,0,0,1,0,7724.55,580.29,958.58,6942.48,0,0,0,0,NaN,0,NaN,35.56,0.02,0.21,0,0,0,59854.86
09/27/2025,09,5GNR,Upstate New York,070,Buffalo,HNRT,0709002,NIAGARA_UNIVERSITY,2304,452,3.2,102,3192,100,1702,1701,2341.5,53.41,4.49,16.06,14.48,11.8,8.76,7.97,10.39,2067.99,0.06,102.98,363.84,8.98,1.7,0.54,NaN,0,0.54,0,NaN,0,0,3,0,0,3,0,4735.1,3367.92,1836.6,5273.33,2.1,0,0,0,NaN,0,NaN,2674.6,0.04,0.02,0,0,0,3247.84
09/27/2025,09,5GNR,Upstate New York,070,Buffalo,HNRT,0709002,NIAGARA_UNIVERSITY,2304,453,1.82,50,2744,100,1103,1101,1941.5,30.26,10.41,6.93,5.44,3.63,8.89,8.26,12.47,1255.91,0.18,165.7,456.41,9.07,2.58,1.28,NaN,0,0.41,0,NaN,0,0,9,0,0,9,0,3450.43,2424.67,2240.55,1437.31,31.46,0,0,0.2,NaN,50230.87,NaN,90.22,31.76,1.12,0,0,0,2516.89
09/27/2025,09,5GNR,Upstate New York,070,Buffalo,HNRT,0709002,NIAGARA_UNIVERSITY,2304,454,1.86,25,1345,100,674,674,3279.45,32.27,20.12,4.45,3.58,2.34,3.98,8.33,14.56,1939.96,0,253.85,721.32,9.03,6.56,0.46,NaN,0,0.1,0,NaN,0,0,3,0,0,3,0,3595.42,3334.34,2670.76,2176.85,8.76,0,0,0.01,NaN,18792.97,NaN,105.94,0.62,0.16,0,0,0,5817.26
09/27/2025,09,5GNR,Upstate New York,070,Buffalo,HNRT,0709002,NIAGARA_UNIVERSITY,3304,452,3.18,12,377,100,289,289,3546.4,1.85,260.71,1.1,0.84,0.1,0.44,8.4,20.01,2055.67,0,666.89,983.24,2.57,41.19,0,NaN,0,0.36,0,NaN,0,NaN,0,0,NaN,0,0,NaN,NaN,NaN,NaN,NaN,0,NaN,0,NaN,NaN,NaN,NaN,0,0,0,0,0,2579.45
09/27/2025,09,5GNR,Upstate New York,070,Buffalo,HNRT,0709002,NIAGARA_UNIVERSITY,3304,453,1.76,12,680,100,462,462,5807.27,2.46,316.07,0.79,0.69,0.44,1.41,8.33,18.71,2646.77,0,140.04,327.45,1.25,12.27,0.11,NaN,0,0.66,0,NaN,0,0,19,0,0,19,0,8337.75,753.07,1448.59,929.81,291.64,0,0,0.02,NaN,440.39,NaN,57.54,45.41,1.77,0,0,0,5184.57
09/27/2025,09,5GNR,Upstate New York,070,Buffalo,HNRT,0709002,NIAGARA_UNIVERSITY,3304,454,1.64,7,426,100,268,268,5789.75,3.1,164.22,0.71,0.56,0.12,0.56,8.07,13.35,2402.87,0,366.9,575.49,3.5,15.09,0,NaN,0,1.33,0,NaN,0,0,1,0,0,1,0,6896.97,700.3,783.05,1329.08,111.41,0,0,0,NaN,130.94,NaN,0,1.43,0.09,0,0,0,3192.36
09/27/2025,09,5GNR,Upstate New York,070,Buffalo,HNRT,0709002,NORTHTOWN_PLAZA,3163,305,1.44,56,3892,100,3557,3556,21758.97,9.57,181.55,1.42,1.07,0.54,0.87,8.13,13.38,18208.05,0.03,1428.69,2567.25,17.15,3.58,0.25,NaN,0,0.29,0,NaN,0,0,5,0,0,5,0,8297.18,1577.61,1082.9,873.42,69.18,0,0,0,NaN,127.75,NaN,42.68,0.68,0.4,0,0,0,21489.71
09/27/2025,09,5GNR,Upstate New York,070,Buffalo,HNRT,0709002,NORTHTOWN_PLAZA,3163,306,0.32,17,5254,100,3408,3408,40281.3,15.98,183.95,1.34,1.32,1.29,0.61,8.12,15.24,35961.95,0,1918.44,4395.72,25.46,3.77,0.15,NaN,0.07,0.29,0,NaN,0,0,43,0,0,43,0,8693.28,726.1,808.01,1182.04,152.33,0,0,0.01,NaN,143,NaN,1.57,14.85,1.76,0,0,0,41264.51
09/27/2025,09,5GNR,Upstate New York,070,Buffalo,HNRT,0709002,NORTHTOWN_PLAZA,3163,307,0.1,1,1000,100,816,816,7041.14,2.17,233.1,2.13,1.42,0.15,0.45,8.05,15.52,4971.04,0,407.05,759.82,5.49,4.14,0,NaN,0,0.38,0,NaN,0,0,7,0,0,7,0,7775.1,628.79,1336.9,683.7,413.7,0,0,0,NaN,1.14,NaN,0,2.44,0.06,0,0,0,6950.53
09/27/2025,09,5GNR,Upstate New York,070,Buffalo,HNRT,0709002,NORTH_BOSTON,2385,389,2.78,5,180,100,131,129,182.17,3.03,20.65,0.69,0.63,0.47,9.86,8.69,12.02,280.96,1.53,23.88,44.09,0.68,1.92,4.56,NaN,0,0.54,0,NaN,0,NaN,0,0,NaN,0,0,NaN,NaN,NaN,NaN,NaN,0,NaN,0,NaN,NaN,NaN,NaN,0,0,0,0,0,296.29
09/27/2025,09,5GNR,Upstate New York,070,Buffalo,HNRT,0709002,NORTH_BOSTON,2385,390,1.14,8,700,100,311,311,1663.9,23.46,20.31,3.92,2.8,1.21,0.96,8.46,11.67,2584.87,0,361.49,671.51,9.09,8.31,6.18,NaN,0,0.27,0,NaN,0,NaN,0,0,NaN,0,0,NaN,NaN,NaN,NaN,NaN,0,NaN,0,NaN,NaN,NaN,NaN,0,0,0,0,0,2876.56
09/27/2025,09,5GNR,Upstate New York,070,Buffalo,HNRT,0709002,NORTH_BOSTON,2385,391,1.51,23,1521,100,712,712,2704.98,23.48,17.92,4.03,3.16,2.12,6.54,8.64,11.14,1726.92,0,138.8,448.82,8.61,3.51,5.17,NaN,0,0.67,0,NaN,0,0,7,0,0,7,0,3258.13,2420.29,1326.38,2022.12,17.39,0,0,0,NaN,2426.67,NaN,112.09,0.36,0.12,0,0,0,3378.71
09/27/2025,09,5GNR,Upstate New York,070,Buffalo,HNRT,0709002,NORTH_BOSTON,3385,389,2.2,4,182,100,127,126,208.09,0.13,233.96,0.03,0.07,0.66,2.17,9.09,12.89,90.58,0.79,2.18,4.29,0.07,0.28,0,NaN,0,0,NaN,NaN,NaN,NaN,0,0,NaN,0,0,NaN,NaN,NaN,NaN,NaN,0,NaN,0,NaN,NaN,NaN,NaN,0,0,0,0,0,92.21
09/27/2025,09,5GNR,Upstate New York,070,Buffalo,HNRT,0709002,NORTH_BOSTON,3385,390,1.35,13,964,100,752,751,7162.4,2.51,401.36,0.48,0.37,0.14,0.51,7.37,10.1,5142.34,0.13,249.26,310.72,3.09,2.21,0.25,NaN,0,0,0,NaN,0,NaN,0,0,NaN,0,0,NaN,NaN,NaN,NaN,NaN,0,NaN,0,NaN,NaN,NaN,NaN,0,0,0,0,0,5880.84
09/27/2025,09,5GNR,Upstate New York,070,Buffalo,HNRT,0709002,NORTH_BOSTON,3385,391,3.49,124,3555,100,2505,2501,12259.59,6.67,133.05,1.07,1.57,2.24,1.97,7.43,6.78,8788.6,0.16,260.35,622.94,11.56,0.65,1.42,NaN,0,0.68,0,NaN,0,0,11,0,0,11,0,7720.61,683.45,700.13,2327.25,147.46,0,0,0,NaN,0,NaN,374.68,0.4,0.33,0,0,0,11463.15
09/27/2025,09,5GNR,Upstate New York,070,Buffalo,HNRT,0709002,ORCHARD_PARK_EAST,2317,374,1.53,13,852,100,573,573,1460.64,17.64,13.96,2.42,2.14,1.7,5.63,8.73,12.69,1097.87,0,98.98,309.58,4.68,4.25,0.42,NaN,0,0.16,0,NaN,0,0,2,0,0,2,0,3000,17700,12318.18,0,NaN,0,0,0,NaN,0,NaN,0,0,0,0,0,0,1904.79
09/27/2025,09,5GNR,Upstate New York,070,Buffalo,HNRT,0709002,ORCHARD_PARK_EAST,2317,375,0.93,13,1403,100,875,873,1896.79,17,22.87,2.02,1.83,1.58,4.14,8.85,11.93,1633.57,0.23,103.53,274.63,4.98,2.55,0.28,NaN,0,0.11,0,NaN,0,0,1,0,0,1,0,3239.25,2287.88,1202.13,1365.48,7.98,0,0,0,NaN,0,NaN,0,0.08,0.03,0,0,0,2278.56
09/27/2025,09,5GNR,Upstate New York,070,Buffalo,HNRT,0709002,ORCHARD_PARK_EAST,2317,376,3.33,28,841,100,365,365,969.25,10.73,21.01,1.39,1.18,0.77,3.56,8.49,11.17,459.51,0,40.98,130.58,2.25,3.2,0.81,NaN,0,0.78,0,NaN,0,0,1,0,0,1,0,3000,3000,1500,3500,NaN,0,0,0,NaN,0,NaN,0,0,0,0,0,0,1148.17
09/27/2025,09,5GNR,Upstate New York,070,Buffalo,HNRT,0709002,ORCHARD_PARK_EAST,3317,374,2.9,8,276,100,109,108,2297.11,1.06,94.34,0.22,0.19,0.08,1.46,8.74,11.71,1544.78,0.92,68.77,165.87,1.64,2.93,0.32,NaN,0,0.66,0,NaN,0,NaN,0,0,NaN,0,0,8500,2000,2000,0,NaN,0,0,0,NaN,NaN,NaN,NaN,0,0,0,0,0,1798.53
09/27/2025,09,5GNR,Upstate New York,070,Buffalo,HNRT,0709002,ORCHARD_PARK_EAST,3317,375,5.04,21,417,100,283,282,2560.97,1.07,215.15,0.32,0.27,0.11,0.46,8.66,13.02,1763.33,0.35,67.24,220.43,1.4,4.14,0,NaN,0,0.39,0,NaN,0,0,6,0,0,6,0,7425.05,726.73,776.62,1107.9,182.71,0,0,0,NaN,6.52,NaN,0,0.73,0.07,0,0,0,2126.64
09/27/2025,09,5GNR,Upstate New York,070,Buffalo,HNRT,0709002,ORCHARD_PARK_EAST,3317,376,6.71,23,343,100,137,137,1150.89,0.59,149.2,0.22,0.21,0.18,1.91,7.78,7.31,743.18,0,48.9,78.38,1.45,1.07,0,NaN,0,0,0,NaN,0,NaN,0,0,NaN,0,0,8750,25500,25500,0,NaN,0,0,0,NaN,0,NaN,NaN,0,0,0,0,0,950.18
09/27/2025,09,5GNR,Upstate New York,070,Buffalo,HNRT,0709002,PEMBROKE_DB,3331,419,2.43,13,536,100,347,347,377.61,0.39,96.14,0.11,0.17,0.53,12.31,8.15,13.22,365.96,0,27.58,34.48,0.4,1.45,0,NaN,0,0,NaN,NaN,NaN,NaN,0,0,NaN,0,0,NaN,NaN,NaN,NaN,NaN,0,NaN,0,NaN,NaN,NaN,NaN,0,0,0,0,0,378.51
09/27/2025,09,5GNR,Upstate New York,070,Buffalo,HNRT,0709002,PEMBROKE_DB,3331,420,2.78,2,72,100,43,43,95.28,0.08,174.53,0.01,0.02,0.22,1.55,8.37,12.97,94.3,0,6.96,9.07,0.06,1.94,NaN,NaN,0,0,NaN,NaN,NaN,NaN,0,0,NaN,0,0,NaN,NaN,NaN,NaN,NaN,0,NaN,0,NaN,NaN,NaN,NaN,0,0,0,0,0,94.3
09/27/2025,09,5GNR,Upstate New York,070,Buffalo,HNRT,0709002,PEMBROKE_DB,3331,421,12.54,438,3492,100,2330,2330,17919.85,13.22,83.33,3.23,4.52,6.65,7.68,5.95,5.55,17209.92,0,989.88,1231.29,26.66,1.2,1.03,NaN,0,0.12,0,NaN,0,NaN,0,0,NaN,0,0,NaN,NaN,NaN,NaN,NaN,0,NaN,0,NaN,NaN,NaN,NaN,0,0,0,0,0,17872.44
09/27/2025,09,5GNR,Upstate New York,070,Buffalo,HNRT,0709002,PENDLETON_HD,2266,443,0.99,7,705,100,245,245,457.06,5.75,23.83,0.87,0.71,0.44,0.51,8.73,10.93,545.15,0,38.22,85.97,1.77,1.93,0.37,NaN,0,0,0,NaN,0,NaN,0,0,NaN,0,0,NaN,NaN,NaN,NaN,NaN,0,NaN,0,NaN,NaN,NaN,NaN,0,0,0,0,0,678.56
09/27/2025,09,5GNR,Upstate New York,070,Buffalo,HNRT,0709002,PENDLETON_HD,2266,444,1.67,34,2030,100,987,986,2392.57,29.61,14.49,5.14,4.08,2.72,1.5,8.07,11.78,2066.95,0.1,136.12,397.12,7.64,1.98,0.05,NaN,0,0.09,0,NaN,0,0,1,0,0,1,0,3000,2750,1375,3500,NaN,0,0,0,NaN,0,NaN,0,0,0,0,0,0,2946.83
09/27/2025,09,5GNR,Upstate New York,070,Buffalo,HNRT,0709002,PENDLETON_HD,2266,455,0.95,36,3779,100,1261,1259,3206.24,40.85,11.45,9.12,7.39,5.13,2.05,8.28,10.03,2959.17,0.16,211.56,480.68,11.27,2.16,0.24,NaN,0,0.49,0,NaN,0,NaN,0,0,NaN,0,0,NaN,NaN,NaN,NaN,NaN,0,NaN,0,NaN,NaN,NaN,NaN,0,0,0,0,0,4068.8
09/27/2025,09,5GNR,Upstate New York,070,Buffalo,HNRT,0709002,PENDLETON_HD,3266,443,0.7,2,287,100,177,177,2273.23,1.1,298.22,0.05,0.05,0.06,0.75,8.16,10.68,2002.95,0,34.74,46,0.43,1.5,0,NaN,0,0,0,NaN,0,NaN,0,0,NaN,0,0,NaN,NaN,NaN,NaN,NaN,0,NaN,0,NaN,NaN,NaN,NaN,0,0,0,0,0,2033.81
09/27/2025,09,5GNR,Upstate New York,070,Buffalo,HNRT,0709002,PENDLETON_HD,3266,444,1.59,20,1259,100,945,945,4119.75,2.35,180.86,1.18,0.82,0.17,0.47,7.69,9.18,3471.67,0,190.04,255.64,3.39,0.69,0,NaN,0,0,0,NaN,0,NaN,0,0,NaN,0,0,9000,2000,2000,0,NaN,0,0,0,NaN,NaN,NaN,NaN,0,0,0,0,0,3596.91
09/27/2025,09,5GNR,Upstate New York,070,Buffalo,HNRT,0709002,PENDLETON_HD,3266,455,2.41,11,457,100,254,254,3146.15,2.2,178.6,0.35,0.3,0.16,0.41,7.49,5.38,2183.05,0,187.84,255.39,4.14,2.35,0.98,NaN,0,0,0,NaN,0,NaN,0,0,NaN,0,0,NaN,NaN,NaN,NaN,NaN,0,NaN,0,NaN,NaN,NaN,NaN,0,0,0,0,0,2297.11
09/27/2025,09,5GNR,Upstate New York,070,Buffalo,HNRT,0709002,PLEASANTVIEW,2558,476,0.63,3,479,100,373,373,284.38,3.5,21.4,0.4,0.29,0.14,6.1,8.67,10.07,213.9,0,26.96,65.45,1.27,1.46,0,NaN,0,0.51,0,NaN,0,NaN,0,0,NaN,0,0,NaN,NaN,NaN,NaN,NaN,0,NaN,0,NaN,NaN,NaN,NaN,0,0,0,0,0,360.79
09/27/2025,09,5GNR,Upstate New York,070,Buffalo,HNRT,0709002,PLEASANTVIEW,2558,477,4.49,12,267,100,205,205,345.63,3.76,13.61,0.92,0.8,0.53,14.93,7.61,12.62,104.47,0,3.15,35.71,0.69,1.38,0.44,NaN,0,0.13,0,NaN,0,NaN,0,0,NaN,0,0,NaN,NaN,NaN,NaN,NaN,0,NaN,0,NaN,NaN,NaN,NaN,0,0,0,0,0,509.19
09/27/2025,09,5GNR,Upstate New York,070,Buffalo,HNRT,0709002,PLEASANTVIEW,2558,478,3.98,84,2113,100,1179,1178,1085.93,16.18,14.93,3.63,2.7,1.37,13.06,8.01,10.05,850.32,0.08,4.9,180.26,3.69,1.56,0.61,NaN,0.05,0.47,0,NaN,0,0,2,0,0,2,0,3330.08,1996.58,1281.22,1054.47,9.04,0,0,0,NaN,6672.1,NaN,118.71,0.71,0.42,0,0,0,1729.79
09/27/2025,09,5GNR,Upstate New York,070,Buffalo,HNRT,0709002,PLEASANTVIEW,3558,476,0.54,5,928,100,755,754,9622.79,3.15,313.37,1.73,1.1,0.07,0.54,7.67,11.52,8278.17,0.13,554.97,1515.24,10.28,4.03,0,NaN,0,0.58,0,NaN,0,NaN,0,0,NaN,0,0,9000,1500,1500,0,NaN,0,0,0,NaN,NaN,NaN,NaN,0,0,0,0,0,9431
09/27/2025,09,5GNR,Upstate New York,070,Buffalo,HNRT,0709002,PLEASANTVIEW,3558,477,2.44,26,1064,100,901,901,12577.23,10.26,98.36,1.46,1.16,0.61,3.36,6.98,6.94,11045.67,0,457.12,750.29,12.19,1.9,2.28,NaN,0,0.54,0,NaN,0,0,4,0,0,4,0,7918.52,681.23,747.68,1127.91,222.21,0,0,0,NaN,1341.04,NaN,58.43,1.2,1.34,0,0,0,12728.48
09/27/2025,09,5GNR,Upstate New York,070,Buffalo,HNRT,0709002,PLEASANTVIEW,3558,478,3.59,51,1420,100,999,997,29900.01,8.75,286.97,0.3,0.52,0.85,0.91,7.24,5.97,25593.26,0.2,2133.15,2933.97,43.21,2.48,0.67,NaN,0,1.62,0,NaN,0,0,6,0,0,6,0,8068.8,777.17,733.16,3498.78,76.8,0,0,0,NaN,39.86,NaN,434.15,1.33,0.39,0,0,0,30073.34
09/27/2025,09,5GNR,Upstate New York,070,Buffalo,HNRT,0709002,POTOMAC,3049,260,0.51,15,2967,100,2020,2020,27259.49,9.96,146.77,0.98,0.71,0.29,0.5,7.87,14.21,19363.08,0,1314.38,2318.4,11.4,3.3,0.3,100,0,0.08,0,NaN,0,0,3,0,0,3,0,9599.24,768.18,748.09,1060.4,NaN,0,0,0,NaN,0,NaN,0,0.03,0.02,0,0,0,27020.81
09/27/2025,09,5GNR,Upstate New York,070,Buffalo,HNRT,0709002,POTOMAC,3049,261,0.36,14,3892,100,2545,2544,53975,20.24,235.69,1.49,1.31,0.97,0.84,7.93,16.87,42069.08,0.04,2720.81,5000.06,22.75,3.97,0.12,100,0,0.14,0,NaN,0,0,17,0,0,17,0,8648.56,749.63,890.03,1375,231.69,0,0,0.01,NaN,583.94,NaN,20.59,14.47,1.15,0,0,0,53804.45
09/27/2025,09,5GNR,Upstate New York,070,Buffalo,HNRT,0709002,POTOMAC,3049,262,0.74,12,1624,100,1129,1129,29296.02,11.27,266.61,1.2,0.85,0.2,0.3,7.8,10.93,26437.69,0,654.77,1562.64,15.44,3.82,0,100,0,0.32,0,NaN,0,0,11,0,0,11,0,7879.73,650.91,723.33,1532.78,53.62,0,0,0,NaN,3.83,NaN,37.61,1.09,0.66,0,0,0,29078.55
09/27/2025,09,5GNR,Upstate New York,070,Buffalo,HNRT,0709002,POWERS_RD,2033,248,3.15,23,731,100,331,330,813.75,9.18,19.27,1.16,0.85,0.49,6.88,8.41,9.84,467.58,0.3,133,305.52,6.03,4.58,0.49,NaN,0,0.14,0,NaN,0,NaN,0,0,NaN,0,0,3000,3000,1500,0,NaN,0,0,0,NaN,0,NaN,NaN,0,0,0,0,0,1441.28
09/27/2025,09,5GNR,Upstate New York,070,Buffalo,HNRT,0709002,POWERS_RD,2033,249,6.64,17,256,100,152,152,270.01,2.89,19.77,0.57,0.48,0.19,13.6,8.8,11.99,158.77,0,6.56,28.37,0.51,1.8,4.41,NaN,0,0,0,NaN,0,NaN,0,0,NaN,0,0,NaN,NaN,NaN,NaN,NaN,0,NaN,0,NaN,NaN,NaN,NaN,0,0,0,0,0,317.68
09/27/2025,09,5GNR,Upstate New York,070,Buffalo,HNRT,0709002,POWERS_RD,2033,250,1.96,65,3318,100,1524,1522,2780.44,34.85,18.47,6.02,5.5,4.94,7.2,7.87,7.93,3274.96,0.13,141.54,411.87,13.32,1.34,3.18,NaN,0,0.41,0,NaN,0,0,2,0,0,2,0,3560.54,3293.01,2457.25,6701.66,7.43,0.01,0,0.18,NaN,306.82,NaN,132.85,8.21,5.97,0,0,0,4708.08
09/27/2025,09,5GNR,Upstate New York,070,Buffalo,HNRT,0709002,POWERS_RD,3033,248,3.55,12,338,100,183,183,1725.61,1.16,134.06,0.12,0.13,0.13,0.71,7.98,11.84,1006.7,0,40.95,63.14,0.49,1,3.89,NaN,0,1,0,NaN,0,0,1,0,0,1,0,5875,500,500,0,NaN,0,0,0,NaN,0,NaN,0,0,0,0,0,0,1084.08
09/27/2025,09,5GNR,Upstate New York,070,Buffalo,HNRT,0709002,POWERS_RD,3033,249,3.03,4,132,100,109,109,4563.22,1.52,328.37,0.05,0.06,0.08,0.58,7.2,4.69,4454.79,0,180.44,201.27,3.38,3.15,0,NaN,0,0,0,NaN,0,NaN,0,0,NaN,0,0,NaN,NaN,NaN,NaN,NaN,0,NaN,0,NaN,NaN,NaN,NaN,0,0,0,0,0,4464.38
09/27/2025,09,5GNR,Upstate New York,070,Buffalo,HNRT,0709002,POWERS_RD,3033,250,5.51,97,1762,100,1160,1159,7293.69,4.74,153.11,0.64,0.82,1.17,2.79,6.8,8.6,5049.75,0.09,77.93,137.6,3.07,0.36,1.45,NaN,0,0.4,0,NaN,0,NaN,0,0,NaN,0,0,NaN,NaN,NaN,NaN,NaN,0,NaN,0,NaN,NaN,NaN,NaN,0,0,0,0,0,5313.91
09/27/2025,09,5GNR,Upstate New York,070,Buffalo,HNRT,0709002,RAYMOND,3318,377,1.26,73,5793,100,4016,4013,77232.47,28.45,168.47,0.67,1.08,1.72,0.71,7.53,11.26,61995.79,0.07,3768.3,5879.7,44.5,2.64,1.02,NaN,0,0.52,0,NaN,0,0,3,0,0,3,0,8493.77,596.15,649.91,5459.79,40.96,0,0,0,NaN,332.13,NaN,161.55,0.19,0.08,0,0,0,75006.17
09/27/2025,09,5GNR,Upstate New York,070,Buffalo,HNRT,0709002,RAYMOND,3318,378,1.85,23,1245,100,996,996,18700.77,6.19,234.2,2.92,1.95,0.13,0.2,7.59,12.95,15910.07,0,741.54,1189.58,7.17,3.36,0.37,NaN,0,0,0,NaN,0,NaN,0,0,NaN,0,0,NaN,NaN,NaN,NaN,NaN,0,NaN,0,NaN,NaN,NaN,NaN,0,0,0,0,0,17997.71
09/27/2025,09,5GNR,Upstate New York,070,Buffalo,HNRT,0709002,RAYMOND,3318,379,3.91,101,2583,100,1419,1418,53475.9,17.04,251.21,0.84,1.59,2.89,0.97,7.36,5.98,49553.77,0.07,1400.05,2318.1,39.15,1.99,1.85,NaN,0,0.24,0,NaN,0,0,1,0,0,1,0,9221.85,1142.86,2946.92,4500,NaN,0,0,0,NaN,0,NaN,0,0,0,0,0,0,52504.89
09/27/2025,09,5GNR,Upstate New York,070,Buffalo,HNRT,0709002,RAYMOND ROAD,2318,377,1.78,87,4896,100,1427,1424,3841.49,42.45,14.86,7.78,6.41,4.83,3.72,8.54,10.92,3847.5,0.21,344.31,792.75,16.58,2.83,1.1,NaN,0,0.23,0,NaN,0,0,2,0,0,2,0,3320.65,2761.9,1422.68,1553.57,0,0,0,0,NaN,786.52,NaN,0,0.02,0,0,0,0,6141.54
09/27/2025,09,5GNR,Upstate New York,070,Buffalo,HNRT,0709002,RAYMOND ROAD,2318,378,5.41,56,1036,100,749,749,7875.75,36.41,36.52,2.25,2.06,1.75,0.65,7.98,12.61,7841.91,0,335.99,544.14,8.17,4.66,0.74,NaN,0,0.42,0,NaN,0,NaN,0,0,NaN,0,0,NaN,NaN,NaN,NaN,NaN,0,NaN,0,NaN,NaN,NaN,NaN,0,0,0,0,0,8538.37
09/27/2025,09,5GNR,Upstate New York,070,Buffalo,HNRT,0709002,RAYMOND ROAD,2318,379,6.49,78,1202,100,454,454,1881.29,29.76,11.63,4.5,3.62,2.44,6.65,8.19,10.19,859.52,0,154.26,351.29,7.48,2.62,2.58,NaN,0,1.33,0,NaN,0,0,5,0,0,5,0,3658.18,3355.87,2301.71,902.38,50.95,0,0,0.01,NaN,22524.62,NaN,219.33,2.68,0.35,0,0,0,2648.19
09/27/2025,09,5GNR,Upstate New York,070,Buffalo,HNRT,0709002,RAY_RD,2634,410,16.84,319,1894,100,923,922,1372.12,28.5,8.84,9.5,7.81,5.73,4.99,8.45,10.78,1149.03,0.11,131.31,450.49,10.19,2.92,2.6,NaN,0,0.73,0,NaN,0,0,4,0,0,4,0,3123.76,3781.25,2154.21,3850.57,6.14,0,0,0,NaN,979.8,NaN,24.1,0.04,0.01,0,0,0,2779.1
09/27/2025,09,5GNR,Upstate New York,070,Buffalo,HNRT,0709002,RAY_RD,2634,411,4.46,87,1949,100,1766,1766,1696.17,29.57,12.18,5.77,5.16,4.3,12.19,8.69,9.46,1914.35,0,74.23,224.65,6.59,1.3,1.15,NaN,0,0.61,0,NaN,0,0,6,0,0,6,0,3687.59,3091.76,6154.36,1787.44,4.83,0,0,0.08,NaN,164555.56,NaN,210.5,3.49,0.65,0,0,0,2489.69
09/27/2025,09,5GNR,Upstate New York,070,Buffalo,HNRT,0709002,RAY_RD,2634,412,6.92,96,1388,100,772,772,1856.1,25.61,16.98,4.05,3.01,1.87,8.31,8.4,10.47,1845.25,0,123.25,553.76,11.44,4.13,0.19,NaN,0,1.23,0,NaN,0,0,5,0,0,5,0,3669.68,2092.25,1286.98,1532.29,6.63,0,0,0,NaN,813.58,NaN,598.3,0.44,0.47,0,0,0,3722.72
09/27/2025,09,5GNR,Upstate New York,070,Buffalo,HNRT,0709002,RAY_RD,3634,410,1.41,82,5819,100,4192,4190,26531.62,11.62,178.94,1.18,1.78,2.76,2.33,8.27,13.95,19535.01,0.05,1109.43,2068.29,34.88,0.79,0.78,100,0,0.55,0,NaN,0,0,11,0,0,11,0,8762.42,673,788.63,5967.23,167.24,0,0,0.01,NaN,290.63,NaN,1009.75,32.1,2.33,0,0,0,24900.92
09/27/2025,09,5GNR,Upstate New York,070,Buffalo,HNRT,0709002,RAY_RD,3634,411,1.33,47,3547,100,2945,2939,13177.34,5.49,205.51,1.11,0.96,0.69,2.16,8.29,14.02,11395.77,0.2,454.17,736.4,8.21,2.21,1.82,NaN,0,0.76,0,NaN,0,0,4,0,0,4,0,7431.82,1404.76,1386.36,76.92,NaN,0,0,0,NaN,0,NaN,0,0,0,0,0,0,12321.5
09/27/2025,09,5GNR,Upstate New York,070,Buffalo,HNRT,0709002,RAY_RD,3634,412,1.55,56,3615,100,2641,2636,28388.16,12.81,154.63,0.81,1.24,1.91,1.15,7.46,6.44,22322.18,0.19,830.41,1467.11,29.37,1.16,0.53,100,0,0.05,0,NaN,0,0,19,0,0,19,0,8971.54,961.52,1213,1885.45,128.36,0,0,0,NaN,44.08,NaN,951.07,11.05,5.02,0,0,0,26352.7
09/27/2025,09,5GNR,Upstate New York,070,Buffalo,HNRT,0709002,REVERE_AVE,2067,437,1.4,14,1000,100,366,363,926.18,13.44,26.37,2.28,1.75,0.95,4.24,8.46,11.6,1332.67,0.82,75.61,183.6,3.36,1.88,0.46,NaN,0,0.45,0,NaN,0,NaN,0,0,NaN,0,0,NaN,NaN,NaN,NaN,NaN,0,NaN,0,NaN,NaN,NaN,NaN,0,0,0,0,0,1663.27
09/27/2025,09,5GNR,Upstate New York,070,Buffalo,HNRT,0709002,REVERE_AVE,2067,438,1.28,27,2105,100,1578,1572,4731.66,40.44,22.38,6.12,5.27,4.3,0.81,8.05,11.28,5734.55,0.38,338.58,957.07,16.99,2.39,0.04,NaN,0,0.21,0,NaN,0,NaN,0,0,NaN,0,0,NaN,2000,1000,0,NaN,0,0,0,NaN,NaN,NaN,NaN,0,0,0,0,0,6820.86
09/27/2025,09,5GNR,Upstate New York,070,Buffalo,HNRT,0709002,REVERE_AVE,2067,439,0.65,14,2143,100,1632,1632,4663.37,48.86,12.71,12.24,11.58,10.84,4.22,8.18,12.65,3232.62,0,414.08,1493.17,26.3,3.92,0.33,NaN,0.02,0.21,0,NaN,0,0,11,0,0,11,0,3427.22,2429.91,1176.47,1113.33,5.81,0,0,0,NaN,0,NaN,0,0.05,0.03,0,0,0,6128.34
09/27/2025,09,5GNR,Upstate New York,070,Buffalo,HNRT,0709002,REVERE_AVE,3067,437,1.7,16,941,100,739,739,10449.19,3.85,383.58,1.16,0.82,0.13,0.28,7.87,13.61,9365.17,0,427.55,568.63,2.97,3.37,0.44,NaN,0,0.27,0,NaN,0,NaN,0,0,NaN,0,0,NaN,NaN,NaN,NaN,NaN,0,NaN,0,NaN,NaN,NaN,NaN,0,0,0,0,0,9688.38
09/27/2025,09,5GNR,Upstate New York,070,Buffalo,HNRT,0709002,REVERE_AVE,3067,438,0.62,17,2752,100,2386,2385,49820.44,21.94,150.04,1.1,0.97,0.67,0.23,7.75,12.58,45933.77,0.04,1594.42,2308.52,15.58,2.84,0.17,NaN,0.08,0.24,0,NaN,0,0,2,0,0,2,0,7911.39,687.5,727.85,1062.5,131.07,0,0,0,NaN,0,NaN,0,0.05,0.01,0,0,0,47970.53
09/27/2025,09,5GNR,Upstate New York,070,Buffalo,HNRT,0709002,REVERE_AVE,3067,439,0.69,5,729,100,622,622,5292.59,2.91,218.39,0.85,0.64,0.07,0.79,7.75,12.39,2642.39,0,325.3,444.16,4.29,6.52,0,NaN,0,0,NaN,NaN,NaN,NaN,0,0,NaN,0,0,19500,2500,2500,0,NaN,0,0,0,NaN,NaN,NaN,NaN,0,0,0,0,0,3754.58
09/27/2025,09,5GNR,Upstate New York,070,Buffalo,HNRT,0709002,ROYALTON,3274,347,25.58,33,129,100,70,70,440.21,0.5,85.73,0.53,0.51,0.39,2.86,7.6,15.65,449.39,0,39.54,61.43,0.3,1.61,0,NaN,0,0,NaN,NaN,NaN,NaN,0,0,NaN,0,0,NaN,NaN,NaN,NaN,NaN,0,NaN,0,NaN,NaN,NaN,NaN,0,0,0,0,0,449.57
09/27/2025,09,5GNR,Upstate New York,070,Buffalo,HNRT,0709002,ROYALTON,3274,348,0.53,1,189,100,163,163,2914.85,1,296.41,0.17,0.13,0.01,0.06,7.14,14.82,2858.38,0,201.8,266.81,1.21,9.57,0,NaN,0,0,0,NaN,0,NaN,0,0,NaN,0,0,NaN,NaN,NaN,NaN,NaN,0,NaN,0,NaN,NaN,NaN,NaN,0,0,0,0,0,2879.8
09/27/2025,09,5GNR,Upstate New York,070,Buffalo,HNRT,0709002,ROYALTON,3274,349,0.87,4,458,100,422,422,4579.03,1.62,261.49,0.57,0.44,0.03,0.24,7.4,14.38,4517.86,0,149.55,194.29,1.12,4.01,0,NaN,0,0,NaN,NaN,NaN,NaN,0,0,NaN,0,0,NaN,NaN,NaN,NaN,NaN,0,NaN,0,NaN,NaN,NaN,NaN,0,0,0,0,0,4525.55
09/27/2025,09,5GNR,Upstate New York,070,Buffalo,HNRT,0709002,SANBORN,2058,269,1.75,21,1197,100,687,687,3165.42,27.5,25.48,1.76,1.61,1.39,0.97,8.47,12.54,3575.14,0,111.79,520.79,7.73,6.01,2.59,NaN,0,0.04,0,NaN,0,0,4,0,0,4,0,3119.34,2154.85,1088.61,2549.76,6.64,0,0,0.01,NaN,14.83,NaN,100.95,1.36,0.99,0,0,0,4653.2
09/27/2025,09,5GNR,Upstate New York,070,Buffalo,HNRT,0709002,SANBORN,2058,270,1.13,13,1149,100,538,537,1317.86,16.78,19.27,3.69,2.78,1.94,1.77,8.16,10.08,1292.07,0.19,95.86,379.54,8.81,2.15,4.81,NaN,0,0.35,0,NaN,0,0,2,0,0,2,0,3000,2000,1000,NaN,NaN,0,0,0,NaN,0,NaN,NaN,0,0,0,0,0,1867.78
09/27/2025,09,5GNR,Upstate New York,070,Buffalo,HNRT,0709002,SANBORN,2058,271,1.8,9,500,100,139,139,1983.57,23.42,15.24,0.58,0.5,0.42,1.56,8.1,6.67,1957.77,0,51.06,134.08,4.09,0.49,0,NaN,0,0,0,NaN,0,NaN,0,0,NaN,0,0,9621.62,2142.86,2729.73,2685.71,10.92,0,0,0,NaN,1278.63,NaN,0,0.63,0.04,0,0,0,2440.95
09/27/2025,09,5GNR,Upstate New York,070,Buffalo,HNRT,0709002,SANBORN,3058,269,1.04,22,2106,100,1618,1618,29120.29,10.79,271.16,1.45,0.99,0.22,0.41,7.85,13.42,19875.83,0,725.63,1416.55,8.98,1.92,0.06,NaN,0,0,0,NaN,0,0,5,0,0,5,0,8301.87,708.2,711.63,3818.4,23.67,0,0,0.01,NaN,23.71,NaN,142.45,19.24,18.44,0,0,0,27544.33
09/27/2025,09,5GNR,Upstate New York,070,Buffalo,HNRT,0709002,SANBORN,3058,270,1.41,33,2338,100,1729,1728,15276.17,6.8,240.02,1.53,1.26,0.84,0.65,7.56,7.53,13934.76,0.06,1385.53,1902.63,37.03,1.99,1.22,NaN,0,0.75,0,NaN,0,0,5,0,0,5,0,7522.73,691.18,727.27,1676.47,NaN,0,0,0,NaN,0,NaN,0,0.01,0.01,0,0,0,14773.08
09/27/2025,09,5GNR,Upstate New York,070,Buffalo,HNRT,0709002,SANBORN,3058,271,0.94,9,961,100,590,590,4444.79,1.95,162.71,0.7,0.55,0.3,0.99,8.02,7.6,2639.43,0,176.74,331.52,5.88,1.32,0.58,NaN,0,0.37,0,NaN,0,0,3,0,0,3,0,8072.92,896.55,2695.84,1312.5,NaN,0,0,0,NaN,0,NaN,90.91,0.01,0,0,0,0,3925.88
09/27/2025,09,5GNR,Upstate New York,070,Buffalo,HNRT,0709002,SENECA_INDUSTRIAL,2165,311,1.85,7,378,100,216,213,2785.76,19.47,25.95,2.59,1.83,1.19,1.85,8.06,10.28,2388.3,1.39,671.39,1094.27,17.87,3.16,0.34,100,0,0.24,0,NaN,0,0,4,0,0,4,0,3388.89,2000,958.33,1437.5,0,0,0,0,NaN,0,NaN,0,0.01,0,0,0,0,3075.57
09/27/2025,09,5GNR,Upstate New York,070,Buffalo,HNRT,0709002,SENECA_INDUSTRIAL,2165,312,1.32,8,606,100,272,272,1667.24,14.37,17.64,1.2,1.03,0.79,0.54,8.29,9.52,880.36,0,117.46,242.82,4.91,3.46,0.24,NaN,0,0.09,0,NaN,0,0,1,0,0,1,0,3535.14,2059.7,1343.59,954.95,18.17,0,0,0,NaN,2181.35,NaN,8.85,0.18,0.02,0,0,0,2809.52
09/27/2025,09,5GNR,Upstate New York,070,Buffalo,HNRT,0709002,SENECA_INDUSTRIAL,2165,313,1.75,3,171,100,59,59,137.08,3.06,12.88,0.74,0.63,0.37,17.05,8.84,10.75,106.79,0,10.28,27.5,0.61,1.41,5.77,NaN,0,0.68,0,NaN,0,0,1,0,0,1,0,3560,2000,1000,1000,0,0,0,0,NaN,0,NaN,0,0,0,0,0,0,171.12
09/27/2025,09,5GNR,Upstate New York,070,Buffalo,HNRT,0709002,SENECA_INDUSTRIAL,3165,311,4.49,189,4207,100,3439,3434,74616.84,25.32,209.2,2.01,1.86,1.59,0.83,7.4,8.29,68742.55,0.15,2854,4114.44,57.23,1.59,0.17,100,0,0.11,0,NaN,0,0,8,0,0,8,0,8566.67,874.05,783.61,3319.33,42.6,0,0,0,NaN,0,NaN,570.47,0.79,0.23,0,0,0,75333.64
09/27/2025,09,5GNR,Upstate New York,070,Buffalo,HNRT,0709002,SENECA_INDUSTRIAL,3165,312,0.95,37,3901,100,2495,2493,77469.96,26.83,217.86,1.71,1.97,2.46,0.7,7.47,9.64,66641.28,0.08,3308.38,4961.1,55.58,1.51,0.92,100,0,0.37,5,NaN,5,NaN,0,0,NaN,0,0,11250,2000,2000,0,NaN,0,0,0,NaN,NaN,NaN,NaN,0,0,0,0,0,78553.76
09/27/2025,09,5GNR,Upstate New York,070,Buffalo,HNRT,0709002,SENECA_INDUSTRIAL,3165,313,4.16,122,2931,100,2150,2147,27494.83,17.22,137.39,1.28,3.67,7.71,1.56,7.31,5.6,20860.67,0.14,504.01,916.31,18.31,0.96,14.37,100,0,0.8,0,NaN,0,0,4,0,0,4,0,9604.95,662.94,658.24,24698.98,NaN,0,0,0,NaN,211.5,NaN,1402.04,0.24,0.06,0,0,0,27541.52
09/27/2025,09,5GNR,Upstate New York,070,Buffalo,HNRT,0709002,SHERIDAN_AND_MILLERSPORT,3566,401,0.78,25,3192,100,1776,1775,20819.03,8.09,180.37,1.39,1.04,0.53,0.47,7.9,11.95,16845.19,0.06,1214.71,1994.24,21.94,1.77,0.2,NaN,0,0.53,0,NaN,0,0,7,0,0,7,0,8057.23,1126.58,951.51,1191.26,42.6,0,0,0,NaN,0,NaN,146.78,0.27,0.31,0,0,0,20579.86
09/27/2025,09,5GNR,Upstate New York,070,Buffalo,HNRT,0709002,SHERIDAN_AND_MILLERSPORT,3566,402,1.04,47,4502,100,3114,3112,20669.28,8.94,143.43,1.36,1.07,0.6,0.97,8.25,15.04,15894.23,0.06,840.17,1579.66,9.6,2.86,0.78,NaN,0,0.17,0,NaN,0,0,27,0,0,27,0,8553.79,798.74,1136.98,1389.54,286.04,0,0,0.01,NaN,465.67,NaN,182,16.68,2.58,0,0,0,20526.11
09/27/2025,09,5GNR,Upstate New York,070,Buffalo,HNRT,0709002,SHERIDAN_AND_MILLERSPORT,3566,403,0.85,7,828,100,564,564,2954.59,1.54,132.7,0.36,0.28,0.1,0.24,8,8.22,2812.64,0,93.64,132.28,1.99,0.85,0,NaN,0,0,0,NaN,0,NaN,0,0,NaN,0,0,NaN,NaN,NaN,NaN,NaN,0,NaN,0,NaN,NaN,NaN,NaN,0,0,0,0,0,2933.12
09/27/2025,09,5GNR,Upstate New York,070,Buffalo,HNRT,0709002,SHOSHONE,3297,365,0.51,7,1375,100,1032,1031,10690.81,3.66,248.87,1.38,0.87,0.07,0.65,7.82,12.74,9402.74,0.1,552.98,961.17,6.28,2.71,1.11,100,0,0.18,0,NaN,0,0,1,0,0,1,0,7094.44,662.79,736.26,1375,NaN,0,0,0,NaN,0,NaN,0,0.07,0.02,0,0,0,10562.32
09/27/2025,09,5GNR,Upstate New York,070,Buffalo,HNRT,0709002,SHOSHONE,3297,366,5.57,111,1994,100,1430,1430,18566.43,8.33,211.01,2.39,1.7,0.53,0.45,7.7,10.16,16136.2,0,710.35,1731.12,17.66,2.29,1.38,100,0,0.09,0,NaN,0,0,1,0,0,1,0,6875,500,500,0,NaN,0,0,0,NaN,0,NaN,0,0,0,0,0,0,18533.92
09/27/2025,09,5GNR,Upstate New York,070,Buffalo,HNRT,0709002,SHOSHONE,3297,367,0.57,10,1746,100,1548,1548,21875.64,7.03,248.5,2.06,1.42,0.46,0.38,7.78,9.35,18241.53,0,950.41,1737.62,17.73,3.41,0.45,100,0.09,0.35,0,NaN,0,0,2,0,0,2,0,8687.5,812.5,812.5,0,NaN,0,0,0,NaN,0,NaN,0,0,0,0,0,0,21688.7
09/27/2025,09,5GNR,Upstate New York,070,Buffalo,HNRT,0709002,SISTERS_HOSPITAL,2161,300,10.63,141,1327,100,685,685,1572.94,24.99,7.91,6.12,4.84,3.44,1.99,7.96,9.78,1177.37,0,372.85,605.82,10.33,2.83,0.69,NaN,0,1,0,NaN,0,NaN,0,0,NaN,0,0,NaN,NaN,NaN,NaN,NaN,0,NaN,0,NaN,NaN,NaN,NaN,0,0,0,0,0,1581.16
09/27/2025,09,5GNR,Upstate New York,070,Buffalo,HNRT,0709002,SISTERS_HOSPITAL,2161,301,7.52,41,545,100,191,191,2441.16,24.9,16.82,1.5,1.43,1.25,2.17,8.21,11.62,2020.86,0,61.71,148.03,2.77,2.87,1.29,NaN,0,0.5,0,NaN,0,NaN,0,0,NaN,0,0,NaN,NaN,NaN,NaN,NaN,0,NaN,0,NaN,NaN,NaN,NaN,0,0,0,0,0,2404.66
09/27/2025,09,5GNR,Upstate New York,070,Buffalo,HNRT,0709002,SISTERS_HOSPITAL,3161,299,1.76,89,5066,100,3437,3434,79646.17,37.09,135.75,1.98,2.98,5.35,1.12,7.18,9.42,76539.76,0.09,1765.43,4406.67,42.03,2.11,0.95,100,0,0,0,NaN,0,0,3,0,0,3,0,8853.76,826.86,792.47,1554.64,NaN,0,0,0,NaN,0,NaN,10.9,0.23,0.06,0,0,0,79631.14
09/27/2025,09,5GNR,Upstate New York,070,Buffalo,HNRT,0709002,SISTERS_HOSPITAL,3161,300,3.36,200,5952,100,3952,3950,66178.3,30.03,122.46,1.38,3.46,7.59,2.18,7.03,9.73,64746.35,0.05,1767.91,2986.93,36.91,1.2,2.36,NaN,0,0.28,0,NaN,0,0,2,0,0,2,0,8401.9,1045.54,1516.9,2253.2,68.81,0,0,0,NaN,0,NaN,124.3,0.34,3.98,0,0,0,66953.87
09/27/2025,09,5GNR,Upstate New York,070,Buffalo,HNRT,0709002,SISTERS_HOSPITAL,3161,301,9.72,1068,10992,100,8464,8456,67070.98,42.84,60.06,8.78,16.3,30.06,8.37,5.43,5.28,62123.74,0.09,1971.83,3078.5,57.67,0.38,5.11,75,0,1.01,0,NaN,0,0,4,0,0,4,0,10647.06,73071.43,88884.62,1357.14,NaN,0,0,0,NaN,0,NaN,0,0,0,0,0,0,67409.15
09/27/2025,09,5GNR,Upstate New York,070,Buffalo,HNRT,0709002,SNYDER,2158,296,5.72,101,1765,100,940,938,2060.54,37.83,6.94,11.48,12.75,13.81,6.25,7.54,8.03,1453.68,0.21,198.74,514.37,16.8,0.82,0.34,NaN,0.06,0.52,0,NaN,0,0,14,0,0,14,0,3261.77,2256.69,1635.44,1769.62,13.97,0,0,0.02,NaN,2553.79,NaN,110.53,1.73,0.96,0,0,0,2717.49
09/27/2025,09,5GNR,Upstate New York,070,Buffalo,HNRT,0709002,SNYDER,2158,297,7.05,68,965,100,468,466,429.3,10.92,8.98,4.47,3.58,2.68,0,7.39,7.36,321.89,0.43,24.73,132.71,4.4,1.01,0.28,NaN,0,0.2,0,NaN,0,0,7,0,0,7,0,3700.63,2471.2,3113.21,1152.67,1.86,0,0,0.01,NaN,58671.72,NaN,98.48,0.23,0.08,0,0,0,1016.23
09/27/2025,09,5GNR,Upstate New York,070,Buffalo,HNRT,0709002,SNYDER,2158,298,5.12,87,1698,100,1150,1148,884.32,23.41,6.88,9.14,7.68,6.23,0,7.65,7.32,900.25,0.17,59.29,227.42,7.73,1.01,0.04,NaN,0,0.41,0,NaN,0,0,2,0,0,2,0,3000,2166.67,1083.33,0,NaN,0,0,0,NaN,0,NaN,0,0,0,0,0,0,1672.04
09/27/2025,09,5GNR,Upstate New York,070,Buffalo,HNRT,0709002,SNYDER,3158,296,1.61,11,682,100,365,365,6775.53,2.86,179.85,0.75,0.54,0.11,0.43,7.92,12.91,4191.66,0,207.59,380.43,4.33,1.84,0.36,NaN,0,0.25,0,NaN,0,0,5,0,0,5,0,7996.87,717.64,789.8,1206.88,263.29,0,0,0,NaN,29.76,NaN,69.42,7.9,1.21,0,0,0,6092.76
09/27/2025,09,5GNR,Upstate New York,070,Buffalo,HNRT,0709002,SNYDER,3158,297,2.21,64,2892,100,2366,2360,16468.64,6.4,118.24,1.28,1,0.6,0.89,8.14,11.59,12229.36,0.25,740.37,1398.52,15.38,1.91,0.18,NaN,0,0.39,0,NaN,0,0,27,0,0,27,0,9437.14,741.03,1169.71,1398.3,270,0,0,0.01,NaN,1354.9,NaN,77.39,36.95,4.1,0,0,0,15842.11
09/27/2025,09,5GNR,Upstate New York,070,Buffalo,HNRT,0709002,SNYDER,3158,298,2.91,58,1996,100,1492,1490,8928.71,4.68,142.07,1.47,1.28,0.98,1.99,7.44,8.69,5615.77,0.13,217.85,675.18,9.45,1.44,0.18,NaN,0,0.22,0,NaN,0,NaN,0,0,NaN,0,0,7500,3000,3000,0,NaN,0,0,0,NaN,NaN,NaN,NaN,0,0,0,0,0,8072
09/27/2025,09,5GNR,Upstate New York,070,Buffalo,HNRT,0709002,SOMERSET,3270,445,1.1,6,543,100,450,450,11971.28,3.79,357.77,1.57,0.94,0.04,0.11,7.38,11.54,11818.96,0,1407.3,1665.08,12.79,4.64,0,NaN,0,0.8,0,NaN,0,NaN,0,0,NaN,0,0,NaN,NaN,NaN,NaN,NaN,0,NaN,0,NaN,NaN,NaN,NaN,0,0,0,0,0,11881.08
09/27/2025,09,5GNR,Upstate New York,070,Buffalo,HNRT,0709002,SOMERSET,3270,456,0.45,1,224,100,174,174,2881.81,1.24,242.97,0.18,0.2,0.24,0.33,7.59,12.31,2808.74,0,38.78,64.2,0.46,0.83,0,NaN,0,0.65,NaN,NaN,NaN,NaN,0,0,NaN,0,0,NaN,NaN,NaN,NaN,NaN,0,NaN,0,NaN,NaN,NaN,NaN,0,0,0,0,0,2875
09/27/2025,09,5GNR,Upstate New York,070,Buffalo,HNRT,0709002,SOMERSET,3270,457,2.13,2,94,100,88,88,2974.46,0.78,415.43,0.28,0.23,0.04,0.36,7.17,12.96,2909.5,0,76.73,103.98,0.6,3.14,0,NaN,0,0,NaN,NaN,NaN,NaN,0,0,NaN,0,0,NaN,NaN,NaN,NaN,NaN,0,NaN,0,NaN,NaN,NaN,NaN,0,0,0,0,0,2943.42
09/27/2025,09,5GNR,Upstate New York,070,Buffalo,HNRT,0709002,SOUTH LOCKPORT,2081,279,0.75,27,3619,100,1063,1063,5141.03,54.87,11.06,13.24,11.1,8.54,1.65,8.19,13.77,4704.17,0,1285.41,2159.57,26.15,8.19,1.27,NaN,0,0.21,0,NaN,0,0,18,0,0,18,0,3275.28,2553.07,1406.02,1277.04,3.87,0,0,0,NaN,29.68,NaN,13.31,0.18,0.14,0,0,0,7101.46
09/27/2025,09,5GNR,Upstate New York,070,Buffalo,HNRT,0709002,SOUTH LOCKPORT,2081,280,5.13,67,1305,100,630,630,2598.91,32.14,23.85,6.89,4.88,2.61,4.13,8.27,12.26,3997.66,0,225.35,560.24,8.53,6.29,1.5,NaN,0,0,0,NaN,0,0,8,0,0,8,0,3589.03,2831.84,4218.2,1322.41,14.5,0.02,0,0.87,NaN,98119.61,NaN,87.74,92.15,2.42,0,0,0,6325.96
09/27/2025,09,5GNR,Upstate New York,070,Buffalo,HNRT,0709002,SOUTH LOCKPORT,2081,78,1.8,49,2725,100,880,880,5234.45,52.06,11.05,6.79,5.91,4.64,3.13,8.21,11.67,2786.97,0,191.03,736.91,15.32,4.18,0.22,NaN,0,0.15,0,NaN,0,0,6,0,0,6,0,3620.64,3208.09,1625.68,1607.45,7.33,0,0,0,NaN,1658.26,NaN,206.9,0.13,0.1,0,0,0,5135.67
09/27/2025,09,5GNR,Upstate New York,070,Buffalo,HNRT,0709002,SOUTH LOCKPORT,3081,278,0.54,22,4037,100,3120,3120,61640.09,18.35,204.4,1.75,1.54,1.16,0.76,8.15,17.59,37607.6,0,2153.75,4574.92,16.51,5.85,0.09,NaN,0,0.24,0,NaN,0,0,5,0,0,5,0,7846.81,695.23,1072.33,1566.67,211.19,0,0,0,NaN,1608.09,NaN,32.78,4.19,0.94,0,0,0,61345.51
09/27/2025,09,5GNR,Upstate New York,070,Buffalo,HNRT,0709002,SOUTH LOCKPORT,3081,279,0.65,11,1688,100,972,972,38686.08,11.42,190.78,2.4,1.69,0.16,0.48,7.69,16.74,26273.63,0,1019.37,1843.27,7.77,3.91,0,NaN,0,0.33,0,NaN,0,0,1,0,0,1,0,7562.5,1111.11,1111.11,0,NaN,0,0,0,NaN,0,NaN,0,0,0,0,0,0,36505.1
09/27/2025,09,5GNR,Upstate New York,070,Buffalo,HNRT,0709002,SOUTH LOCKPORT,3081,280,2.12,13,614,100,360,360,5824.68,2.67,192.69,0.17,0.18,0.25,0.37,8.53,18.2,1195.58,0,48.83,149.01,0.63,2.74,0.9,NaN,0,0,0,NaN,0,NaN,0,0,NaN,0,0,11903.57,NaN,2599.47,NaN,NaN,0,NaN,0,NaN,NaN,NaN,NaN,0,0,0,0,0,2018.16
09/27/2025,09,5GNR,Upstate New York,070,Buffalo,HNRT,0709002,SPRINGBROOK,2283,506,2.13,9,423,100,212,212,356.28,4.27,18.92,1.17,0.96,0.46,6.17,8.76,13.93,412.63,0,25.53,60.55,0.9,2.85,0.82,NaN,0,0,0,NaN,0,NaN,0,0,NaN,0,0,NaN,NaN,NaN,NaN,NaN,0,NaN,0,NaN,NaN,NaN,NaN,0,0,0,0,0,453.05
09/27/2025,09,5GNR,Upstate New York,070,Buffalo,HNRT,0709002,SPRINGBROOK,2283,507,1.58,13,824,100,478,475,1514.11,15.1,22.51,2.37,2.21,2,2.43,8.45,11.25,1294.99,0.63,76.74,223.79,4.32,1.92,3.01,NaN,0,0.2,0,NaN,0,0,12,0,0,12,0,3843.24,4657.66,2462.77,5380.95,3.28,0,0,0,NaN,99.45,NaN,109.59,0.06,0.04,0,0,0,1957.49
09/27/2025,09,5GNR,Upstate New York,070,Buffalo,HNRT,0709002,SPRINGBROOK,2283,508,1.69,20,1186,100,867,866,1235.38,14.14,19.79,2,1.56,1.02,4.98,8.79,11.4,974.08,0.12,53.37,211.76,4.44,2.4,4.21,NaN,0.04,0.43,0,NaN,0,NaN,0,0,NaN,0,0,3000,2500,1250,0,NaN,0,0,0,NaN,0,NaN,NaN,0,0,0,0,0,1639.17
09/27/2025,09,5GNR,Upstate New York,070,Buffalo,HNRT,0709002,SPRINGBROOK,3283,506,0.23,2,879,100,758,758,6000.22,1.95,218.2,1.54,1.02,0.09,0.53,7.73,16.72,5884.47,0,266.94,414.86,1.86,2.15,0,NaN,0,0,NaN,NaN,NaN,NaN,0,0,NaN,0,0,NaN,NaN,NaN,NaN,NaN,0,NaN,0,NaN,NaN,NaN,NaN,0,0,0,0,0,6031.54
09/27/2025,09,5GNR,Upstate New York,070,Buffalo,HNRT,0709002,SPRINGBROOK,3283,507,2.46,38,1543,100,1086,1085,9467.32,4.71,185.25,1.95,1.4,0.47,2.11,7.19,8.33,8779.69,0.09,786.49,1030.84,10.42,1.72,1.01,NaN,0,0,0,NaN,0,NaN,0,0,NaN,0,0,NaN,NaN,NaN,NaN,NaN,0,NaN,0,NaN,NaN,NaN,NaN,0,0,0,0,0,8941.53
09/27/2025,09,5GNR,Upstate New York,070,Buffalo,HNRT,0709002,SPRINGBROOK,3283,508,12.18,363,2981,100,2038,2035,5865.56,3.78,104.06,1.32,3.32,5.67,9.47,5.71,6.74,4891.74,0.15,102.6,197.7,6.71,0.19,12.08,NaN,0.16,0.97,0,NaN,0,0,1,0,0,1,0,14948.28,38661.29,39046.88,0,NaN,0,0,0,NaN,0,NaN,0,0,0,0,0,0,5465.41
09/27/2025,09,5GNR,Upstate New York,070,Buffalo,HNRT,0709002,SUMMIT_PARK,2347,458,2.09,8,383,100,128,128,1926.5,20.48,14.97,1.74,1.5,0.78,0.86,7.79,11.91,1987.09,0,156.37,218.55,3.06,6.8,0,NaN,0,0.36,0,NaN,0,NaN,0,0,NaN,0,0,NaN,3000,1500,0,NaN,0,0,0,NaN,0,NaN,0,0,0,0,0,0,2003.52
09/27/2025,09,5GNR,Upstate New York,070,Buffalo,HNRT,0709002,SUMMIT_PARK,2347,459,2.21,9,408,100,251,251,624.87,8.98,9.85,1.06,0.84,0.43,10.19,9.33,12.79,316.65,0,30.11,70.95,1.56,1.18,0.96,NaN,0,0.49,0,NaN,0,NaN,0,0,NaN,0,0,NaN,NaN,NaN,NaN,NaN,0,NaN,0,NaN,NaN,NaN,NaN,0,0,0,0,0,641
09/27/2025,09,5GNR,Upstate New York,070,Buffalo,HNRT,0709002,SUMMIT_PARK,2347,460,4.07,42,1033,100,550,550,1519.93,32.37,4.2,12.45,9.27,4.86,3.7,8.29,9.33,754.44,0,123.86,586.83,14.73,4.2,1.65,100,0,0.93,0,NaN,0,0,1,0,0,1,0,4108.7,2416.67,1106.38,1267.86,NaN,0,0,0,NaN,0,NaN,0,0.01,0.01,0,0,0,1598.09
09/27/2025,09,5GNR,Upstate New York,070,Buffalo,HNRT,0709002,SUMMIT_PARK,3347,458,2.17,3,138,100,66,66,1452.91,0.59,303.86,0.08,0.08,0.1,1.29,7.57,15.56,1317.15,0,85.11,114.36,0.46,3.68,3.92,NaN,0,5.88,NaN,NaN,NaN,NaN,0,0,NaN,0,0,8000,NaN,3000,NaN,NaN,0,NaN,0,NaN,NaN,NaN,NaN,0,0,0,0,0,1329.12
09/27/2025,09,5GNR,Upstate New York,070,Buffalo,HNRT,0709002,SUMMIT_PARK,3347,459,0,0,322,100,297,296,1164.04,0.65,280.28,0.14,0.13,0.08,0.23,7.9,13.54,997.15,0.34,56.06,94.88,0.62,10.21,0,NaN,0,0,0,NaN,0,NaN,0,0,NaN,0,0,NaN,NaN,NaN,NaN,NaN,0,NaN,0,NaN,NaN,NaN,NaN,0,0,0,0,0,1179.55
09/27/2025,09,5GNR,Upstate New York,070,Buffalo,HNRT,0709002,SUMMIT_PARK,3347,460,9.21,28,304,100,215,215,2247.01,1.65,153.2,0.32,0.35,0.52,0.69,7.68,12.62,1953.29,0,31.35,100.51,1.26,3.04,6.14,NaN,0,0,0,NaN,0,NaN,0,0,NaN,0,0,NaN,NaN,NaN,NaN,NaN,0,NaN,0,NaN,NaN,NaN,NaN,0,0,0,0,0,2173.63
09/27/2025,09,5GNR,Upstate New York,070,Buffalo,HNRT,0709002,TOISUL,3315,368,0.49,2,410,100,194,194,1633.01,0.65,156.78,0.26,0.24,0.17,1.06,8.21,16.53,1203.71,0,264.97,341.05,1.21,12.96,0,100,0,0.27,0,NaN,0,NaN,0,0,NaN,0,0,5500,1500,1500,0,NaN,0,0,0,NaN,NaN,NaN,NaN,0,0,0,0,0,1607.92
09/27/2025,09,5GNR,Upstate New York,070,Buffalo,HNRT,0709002,TOISUL,3315,369,0.46,7,1537,100,1014,1012,4982.56,2.8,185.82,0.83,0.62,0.18,1.23,7.93,8.78,4642.6,0.2,250.78,337.89,5.17,2.06,0,NaN,0,0.41,0,NaN,0,NaN,0,0,NaN,0,0,NaN,NaN,NaN,NaN,NaN,0,NaN,0,NaN,NaN,NaN,NaN,0,0,0,0,0,4930.1
09/27/2025,09,5GNR,Upstate New York,070,Buffalo,HNRT,0709002,TOISUL,3315,370,1.27,4,316,100,268,268,4706.07,2.06,177.08,0.56,0.4,0.05,2.91,7.64,3.97,4533.69,0,757.51,858.41,13.33,7.03,0,NaN,0,0,NaN,NaN,NaN,NaN,0,0,NaN,0,0,5000,47000,47000,0,NaN,0,0,0,NaN,NaN,NaN,NaN,0,0,0,0,0,4647.45
09/27/2025,09,5GNR,Upstate New York,070,Buffalo,HNRT,0709002,TONAWANDA_CREEK_ROAD,2641,482,1.44,3,209,100,83,83,5733.81,20.48,50.9,0.47,0.47,0.48,0.39,8.09,14.44,5167.4,0,114.17,381.16,4.42,8.96,1.82,NaN,0,0.27,0,NaN,0,NaN,0,0,NaN,0,0,NaN,NaN,NaN,NaN,NaN,0,NaN,0,NaN,NaN,NaN,NaN,0,0,0,0,0,5864.77
09/27/2025,09,5GNR,Upstate New York,070,Buffalo,HNRT,0709002,TONAWANDA_CREEK_ROAD,2641,483,6.86,14,204,100,83,83,104.96,1.94,8.17,0.67,0.59,0.23,18.07,9.02,11.62,92.32,0,3.62,12.89,0.32,1.29,0.78,NaN,0,0.91,0,NaN,0,NaN,0,0,NaN,0,0,NaN,NaN,NaN,NaN,NaN,0,NaN,0,NaN,NaN,NaN,NaN,0,0,0,0,0,120.54
09/27/2025,09,5GNR,Upstate New York,070,Buffalo,HNRT,0709002,TONAWANDA_CREEK_ROAD,2641,484,6.54,31,474,100,121,121,719.87,7.27,27.39,1.37,1.08,0.59,1.11,8.39,11.16,604.95,0,37.55,104.08,2.09,2.16,1.14,NaN,0,0.44,0,NaN,0,NaN,0,0,NaN,0,0,NaN,NaN,NaN,NaN,NaN,0,NaN,0,NaN,NaN,NaN,NaN,0,0,0,0,0,931.52
09/27/2025,09,5GNR,Upstate New York,070,Buffalo,HNRT,0709002,TONAWANDA_CREEK_ROAD,3641,482,0.75,7,929,100,646,643,14504,5.91,157.4,5.08,3.48,0.38,0.37,7.57,13.55,13910.3,0.46,524.41,1539.11,7.96,5.28,0,NaN,0,0,0,NaN,0,NaN,0,0,NaN,0,0,NaN,NaN,NaN,NaN,NaN,0,NaN,0,NaN,NaN,NaN,NaN,0,0,0,0,0,14239.2
09/27/2025,09,5GNR,Upstate New York,070,Buffalo,HNRT,0709002,TONAWANDA_CREEK_ROAD,3641,483,2.11,12,568,100,440,440,5717.1,1.78,243.77,1.54,1.19,0.54,5.22,7.67,12.82,5439.24,0,332.85,482.89,4.97,2,1.33,NaN,0,0.52,0,NaN,0,NaN,0,0,NaN,0,0,NaN,NaN,NaN,NaN,NaN,0,NaN,0,NaN,NaN,NaN,NaN,0,0,0,0,0,5607.42
09/27/2025,09,5GNR,Upstate New York,070,Buffalo,HNRT,0709002,TONAWANDA_CREEK_ROAD,3641,484,3.02,31,1028,100,710,708,10573.51,5.6,205.8,0.84,0.71,0.46,0.99,7.08,5.49,10202.79,0.28,179.67,228.33,4.77,0.66,0,NaN,0,0,0,NaN,0,NaN,0,0,NaN,0,0,NaN,NaN,NaN,NaN,NaN,0,NaN,0,NaN,NaN,NaN,NaN,0,0,0,0,0,10236.64
09/27/2025,09,5GNR,Upstate New York,070,Buffalo,HNRT,0709002,WALES CENTER,3560,398,0.44,1,229,100,195,195,360.92,0.11,327.75,0.01,0.02,0.14,0.66,9.53,16.8,357.56,0,13.41,18.29,0.1,3.11,0,NaN,0,0,NaN,NaN,NaN,NaN,0,0,NaN,0,0,NaN,NaN,NaN,NaN,NaN,0,NaN,0,NaN,NaN,NaN,NaN,0,0,0,0,0,358.03
09/27/2025,09,5GNR,Upstate New York,070,Buffalo,HNRT,0709002,WALES CENTER,3560,399,2.67,7,262,100,220,220,1722.62,0.51,525.62,0.13,0.12,0.08,0.26,7.83,15.36,1662.21,0,102.01,145.77,0.67,2.58,0,NaN,0,0,0,NaN,0,NaN,0,0,NaN,0,0,NaN,NaN,NaN,NaN,NaN,0,NaN,0,NaN,NaN,NaN,NaN,0,0,0,0,0,1700.17
09/27/2025,09,5GNR,Upstate New York,070,Buffalo,HNRT,0709002,WALES CENTER,3560,400,0.23,1,438,100,392,392,1194.06,0.43,289.7,0.1,0.12,0.2,0.8,8.23,14.08,1159.15,0,65.54,86.56,0.68,1.28,0,NaN,0,0.85,NaN,NaN,NaN,NaN,0,0,NaN,0,0,NaN,NaN,NaN,NaN,NaN,0,NaN,0,NaN,NaN,NaN,NaN,0,0,0,0,0,1183.88
09/27/2025,09,5GNR,Upstate New York,070,Buffalo,HNRT,0709002,WEBSTER_RD_AND_RTE_62,3124,290,7.89,12,152,100,58,58,237.33,0.17,146.5,0.04,0.15,1.97,4.74,4.91,6.6,240.62,0,1.74,2.49,0.08,0.22,0,NaN,0,0,NaN,NaN,NaN,NaN,0,0,NaN,0,0,NaN,NaN,NaN,NaN,NaN,0,NaN,0,NaN,NaN,NaN,NaN,0,0,0,0,0,240.65
09/27/2025,09,5GNR,Upstate New York,070,Buffalo,HNRT,0709002,WEBSTER_RD_AND_RTE_62,3124,291,0.57,12,2112,100,1814,1813,6777.21,6.91,146.91,1.19,0.9,0.32,0.43,8.14,12.22,6969.39,0.06,217.98,320.22,2.63,0.75,0.74,NaN,0,0,0,NaN,0,NaN,0,0,NaN,0,0,NaN,NaN,NaN,NaN,NaN,0,NaN,0,NaN,NaN,NaN,NaN,0,0,0,0,0,7178.92
09/27/2025,09,5GNR,Upstate New York,070,Buffalo,HNRT,0709002,WEBSTER_RD_AND_RTE_62,3124,292,6.06,80,1320,100,983,979,15349.03,6.31,214.05,1.93,1.59,0.96,3.71,6.91,5.53,15084.27,0.41,181.65,353.37,6.75,0.97,1.61,NaN,0,0.23,0,NaN,0,0,1,0,0,1,0,6000,5375,5375,0,NaN,0,0,0,NaN,0,NaN,0,0,0,0,0,0,15273.33
09/27/2025,09,5GNR,Upstate New York,070,Buffalo,HNRT,0709002,WEST NIAGARA,2164,308,3.64,59,1620,100,971,969,3214.09,33.96,7.11,7.76,5.73,3.27,6.64,7.97,9.65,1050.13,0.21,125.18,555.44,16.51,3.12,1.04,100,0,0.46,0,NaN,0,0,12,0,0,12,0,3384.81,2815.03,1939.64,2177.21,3.31,0,0,0.02,NaN,5685.24,NaN,171.95,0.73,0.57,0,0,0,3153.63
09/27/2025,09,5GNR,Upstate New York,070,Buffalo,HNRT,0709002,WEST NIAGARA,2164,309,18.49,167,903,100,483,481,2100.54,32.28,6.38,7.42,6.18,4.07,19.87,8.21,10.66,691.57,0.41,81.56,313.9,9.19,4.46,5.89,100,0.06,1.01,0,NaN,0,0,4,0,0,4,0,7113.04,6132.08,3056.67,639.05,0,0,0,0,NaN,0,NaN,43.1,0.02,0.01,0,0,0,2058.27
09/27/2025,09,5GNR,Upstate New York,070,Buffalo,HNRT,0709002,WEST NIAGARA,2164,310,34.07,46,135,100,39,39,204.06,4.82,1.98,2.53,2.29,0.73,20.09,8.2,14.37,37.98,0,3.46,19.71,0.32,2.97,14.07,100,0,2.82,0,NaN,0,NaN,0,0,NaN,0,0,NaN,NaN,NaN,NaN,NaN,0,NaN,0,NaN,NaN,NaN,NaN,0,0,0,0,0,202.39
09/27/2025,09,5GNR,Upstate New York,070,Buffalo,HNRT,0709002,WEST NIAGARA,3164,308,6.68,451,6754,100,5298,5282,53835.58,27.44,125.35,3.1,6.33,11.35,1.1,7.56,12.8,44120.49,0.3,2732.51,5744.03,45.54,1.93,2.73,100,0,0.24,0,NaN,0,0,39,0,0,39,0,8321.08,722.83,991.38,2368.32,141.73,0,0,0,NaN,14.55,NaN,248.66,9.3,1.5,0,0,0,53969.5
09/27/2025,09,5GNR,Upstate New York,070,Buffalo,HNRT,0709002,WEST NIAGARA,3164,309,5.15,393,7634,100,5573,5533,38112.56,13.98,158.58,1.61,4,7.15,1.23,8.04,14.97,28846.38,0.72,4681.67,11535.58,63.64,4.29,0.65,100,0,0.13,0,NaN,0,0,45,0,0,45,0,8905.91,839.29,1431.81,2133.96,501.26,0,0,0.01,NaN,404.7,NaN,230,26.58,0.77,0,0,0,37590.44
09/27/2025,09,5GNR,Upstate New York,070,Buffalo,HNRT,0709002,WEST NIAGARA,3164,310,3.82,124,3246,100,2054,2035,7598.11,4.77,137.47,0.87,1.5,2.36,2.79,7.84,12.65,6712.47,0.93,858.26,1348.83,13.47,2.65,1.59,100,0.38,0.68,0,NaN,0,0,3,0,0,3,0,8485.19,676.57,658.39,1074.19,90.11,0,0,0,NaN,340.38,NaN,0,1.02,0.04,0,0,0,7542.75
09/27/2025,09,5GNR,Upstate New York,070,Buffalo,HNRT,0709002,WILLIAM_STREET,2032,245,14.03,31,221,100,135,135,487.18,13.24,6.7,4.46,3.24,1.01,2.3,8.56,9.29,481.35,0,89.38,141.55,3.72,2.51,1.35,NaN,0,1.56,0,NaN,0,NaN,0,0,NaN,0,0,NaN,NaN,NaN,NaN,NaN,0,NaN,0,NaN,NaN,NaN,NaN,0,0,0,0,0,598.95
09/27/2025,09,5GNR,Upstate New York,070,Buffalo,HNRT,0709002,WILLIAM_STREET,2032,246,1.99,9,453,100,130,129,1059.31,14.85,40.16,3.24,2.4,1.34,4.21,8.24,13.22,2353.57,0.77,314.49,539.12,6.94,8.37,0.71,NaN,0,0.67,0,NaN,0,NaN,0,0,NaN,0,0,NaN,72000,36000,0,NaN,0,0,0,NaN,NaN,NaN,NaN,0,0,0,0,0,3030.23
09/27/2025,09,5GNR,Upstate New York,070,Buffalo,HNRT,0709002,WILLIAM_STREET,2032,247,0.26,3,1150,100,738,737,1758.1,27.48,14.74,6.74,5.45,3.88,2.45,8.35,10.75,1475.15,0.14,193.35,538.61,10.36,3.93,0.56,NaN,0,0.18,0,NaN,0,0,1,0,0,1,0,3032.61,2043.48,1097.83,1382.98,4.1,0,0,0,NaN,0,NaN,319.15,0.02,0.01,0,0,0,3375.89
09/27/2025,09,5GNR,Upstate New York,070,Buffalo,HNRT,0709002,WILLIAM_STREET,3032,245,1.69,10,590,100,544,544,42310.16,11.05,376.97,1.02,0.75,0.25,2.89,7.53,14.22,32833.35,0,1673.61,3116.7,14.87,11.83,0.75,NaN,0,0.21,0,NaN,0,NaN,0,0,NaN,0,0,15750,30250,30250,0,NaN,0,0,0,NaN,NaN,NaN,NaN,0,0,0,0,0,41827.96
09/27/2025,09,5GNR,Upstate New York,070,Buffalo,HNRT,0709002,WILLIAM_STREET,3032,246,4.22,63,1493,100,1042,1042,52321.11,17.22,270.6,0.98,1.14,1.44,1.78,7.16,8.7,44235.27,0,1977.93,3438.86,38.83,3.43,2.27,NaN,0,0.34,7.69,NaN,7.69,0,1,0,0,1,0,9901.79,2047.62,1794.64,2226.42,NaN,0,0,0,NaN,0,NaN,156.86,0.02,0.01,0,0,0,50261.26
09/27/2025,09,5GNR,Upstate New York,070,Buffalo,HNRT,0709002,WILLIAM_STREET,3032,247,3.92,97,2477,100,1945,1945,38595.69,16.89,185.75,0.68,1.79,3.7,3.15,6.87,4.72,32996.3,0,575.58,1012.89,21.63,0.81,3.71,NaN,0,0.7,0,NaN,0,0,1,0,0,1,0,6816.67,620,600,1111.11,NaN,0,0,0,NaN,0,NaN,0,0.01,0.01,0,0,0,36883.6
09/27/2025,09,5GNR,Upstate New York,070,Buffalo,HNRT,0709002,WILSON_HD,3277,461,1.58,22,1391,100,1055,1055,28157.52,8.57,287.12,2.7,1.77,0.15,1.23,7.58,12.61,26473.88,0,1961.25,2541.01,13.84,5.43,0,NaN,0,0.13,0,NaN,0,0,1,0,0,1,0,5750,3875,3875,0,NaN,0,0,0,NaN,0,NaN,0,0,0,0,0,0,27898.32
09/27/2025,09,5GNR,Upstate New York,070,Buffalo,HNRT,0709002,WILSON_HD,3277,462,1.14,5,438,100,205,205,12868.81,5.96,321.17,1.31,1.02,0.04,0.16,7.46,11.51,12724.59,0,190.92,278.87,1.57,2.18,0,NaN,0,1.1,NaN,NaN,NaN,NaN,0,0,NaN,0,0,NaN,NaN,NaN,NaN,NaN,0,NaN,0,NaN,NaN,NaN,NaN,0,0,0,0,0,12753.75
09/27/2025,09,5GNR,Upstate New York,070,Buffalo,HNRT,0709002,WILSON_HD,3277,463,3.95,12,304,100,274,274,801.58,0.33,238.83,0.08,0.09,0.12,0.38,8.27,12.7,735.3,0,69.74,101.42,0.83,4.68,0,NaN,0,0,NaN,NaN,NaN,NaN,0,0,NaN,0,0,6500,1000,1000,0,NaN,0,0,0,NaN,NaN,NaN,NaN,0,0,0,0,0,793.47
09/27/2025,09,5GNR,Upstate New York,070,Buffalo,HNRT,0709002,WOODLAWN_ERIE,2258,332,2.54,13,512,100,438,437,579.32,12.24,5.42,3.51,2.66,1,4.07,8.32,9.79,267.78,0.23,20.17,98.34,2.1,1.66,1.42,NaN,0,0.21,0,NaN,0,NaN,0,0,NaN,0,0,NaN,31500,15750,0,NaN,0,0,0,NaN,NaN,NaN,NaN,0,0,0,0,0,745.89
09/27/2025,09,5GNR,Upstate New York,070,Buffalo,HNRT,0709002,WOODLAWN_ERIE,2258,333,6,9,150,100,63,63,21.94,0.61,5,0.43,0.41,0.26,24.46,9.07,14.51,13.79,0,0.94,5.81,0.15,0.7,0,NaN,0,0.95,0,NaN,0,NaN,0,0,NaN,0,0,NaN,NaN,NaN,NaN,NaN,0,NaN,0,NaN,NaN,NaN,NaN,0,0,0,0,0,24.21
09/27/2025,09,5GNR,Upstate New York,070,Buffalo,HNRT,0709002,WOODLAWN_ERIE,2258,334,0.9,18,2004,100,1385,1383,1542.44,20.16,16.69,3.56,2.77,1.74,4.9,8.35,11.07,1394.35,0.14,121.32,307.52,5.98,2.5,0.79,NaN,0,0.51,0,NaN,0,0,1,0,0,1,0,3015.79,2000,1068.42,1266.67,9.01,0,0,0,NaN,526.32,NaN,13.33,0.04,0.01,0,0,0,2107.87
09/27/2025,09,5GNR,Upstate New York,070,Buffalo,HNRT,0709002,WOODLAWN_ERIE,3258,332,2.93,48,1641,100,1251,1250,12028.21,5.11,97.59,0.99,0.82,0.55,1.31,7.46,9.83,9917.07,0.08,253.41,544.44,7.71,0.98,1.95,NaN,0,0.32,0,NaN,0,0,8,0,0,8,0,8524.07,1135.87,977.78,1820.51,0,0,0,0,NaN,198.05,NaN,250.8,0.12,0.07,0,0,0,11734.3
09/27/2025,09,5GNR,Upstate New York,070,Buffalo,HNRT,0709002,WOODLAWN_ERIE,3258,333,1.74,22,1262,100,694,694,6359.19,2.69,223.25,0.65,0.55,0.33,1.47,7.8,13.7,4741.01,0,119.9,233.16,2.77,1.11,2.18,NaN,0,0,0,NaN,0,NaN,0,0,NaN,0,0,5600,1500,1500,0,NaN,0,0,0,NaN,0,NaN,NaN,0,0,0,0,0,6300.15
09/27/2025,09,5GNR,Upstate New York,070,Buffalo,HNRT,0709002,WOODLAWN_ERIE,3258,334,2.16,90,4171,100,3298,3295,16493.16,12.82,92.96,1.54,2.51,4.06,3.86,6.54,6.26,14286.44,0.09,347.95,653.95,15.95,0.57,1.73,NaN,0,0.5,17.65,NaN,17.65,0,3,0,0,3,0,7881.12,678.48,696.56,4825.5,NaN,0,0,0,NaN,0,NaN,638.72,0.41,0.42,0,0,0,16047.51
09/27/2025,09,5GNR,Upstate New York,070,Buffalo,HNRT,0709002,WRIGHTS_CORNERS,3301,440,2.1,16,763,100,471,471,10903.43,4.25,256.47,1.59,1.11,0.04,0.4,7.55,12.03,10760.68,0,356.32,462.59,2.78,2.35,0,NaN,0,0,NaN,NaN,NaN,NaN,0,0,NaN,0,0,NaN,NaN,NaN,NaN,NaN,0,NaN,0,NaN,NaN,NaN,NaN,0,0,0,0,0,10782.47
09/27/2025,09,5GNR,Upstate New York,070,Buffalo,HNRT,0709002,WRIGHTS_CORNERS,3301,441,0.36,8,2224,100,1423,1423,11876.28,4.85,179.57,1.93,1.27,0.21,0.54,7.93,13.03,11460.92,0,643.86,1081.93,7.05,2.11,0,NaN,0,0.28,0,NaN,0,0,1,0,0,1,0,7483.87,693.18,645.16,1095.24,49.15,0,0,0,NaN,0,NaN,0,0.02,0.01,0,0,0,11739.06
09/27/2025,09,5GNR,Upstate New York,070,Buffalo,HNRT,0709002,WRIGHTS_CORNERS,3301,442,2.5,21,840,100,458,458,8388.83,2.8,268.57,0.4,0.3,0.08,0.27,7.7,11.61,6428.86,0,390.26,519.02,3.42,2.69,0,NaN,0,0,NaN,NaN,NaN,NaN,0,0,NaN,0,0,5500,1000,1000,0,NaN,0,0,0,NaN,NaN,NaN,NaN,0,0,0,0,0,8563.14
09/27/2025,09,5GNR,Upstate New York,070,Buffalo,HNRT,0709002,WURL_ST,2320,446,1.08,12,1107,100,359,359,2363.1,22.42,27.96,1.28,1.35,1.46,1.33,8.36,11.66,2748.34,0,183.15,422.93,8.69,4.41,0.15,NaN,0.05,0.23,0,NaN,0,NaN,0,0,NaN,0,0,3114.29,2200,1229.73,951.22,0,0,0,0,NaN,0,NaN,125,0.01,0.01,0,0,0,4197.76
09/27/2025,09,5GNR,Upstate New York,070,Buffalo,HNRT,0709002,WURL_ST,2320,447,0.72,6,838,100,505,505,1461.99,19.55,13.42,2.13,1.89,1.4,0.93,8.23,11.01,1177.65,0,62.21,160.95,3.25,2.79,0.21,NaN,0,0.63,0,NaN,0,NaN,0,0,NaN,0,0,NaN,NaN,NaN,NaN,NaN,0,NaN,0,NaN,NaN,NaN,NaN,0,0,0,0,0,1484.92
09/27/2025,09,5GNR,Upstate New York,070,Buffalo,HNRT,0709002,WURL_ST,2320,448,2.52,31,1229,100,399,397,1413.98,20.24,10.2,4.59,3.22,1.75,3.37,8.12,11.2,985.53,0.5,100.11,333.51,6.25,2.52,0.35,100,0,0.44,0,NaN,0,0,5,0,0,5,0,3056.34,2363.64,1297.2,817.46,6.55,0,0,0,NaN,211.27,NaN,0,0.06,0.01,0,0,0,1787.98
09/27/2025,09,5GNR,Upstate New York,070,Buffalo,HNRT,0709002,WURL_ST,3320,446,0.17,1,581,100,441,441,7193.05,2.56,695.7,0.43,0.33,0.08,0.24,7.83,15.57,5159.02,0,877.6,1075.43,3.71,13.49,1.32,NaN,0,0.42,0,NaN,0,NaN,0,0,NaN,0,0,NaN,NaN,NaN,NaN,NaN,0,NaN,0,NaN,NaN,NaN,NaN,0,0,0,0,0,5311.15
09/27/2025,09,5GNR,Upstate New York,070,Buffalo,HNRT,0709002,WURL_ST,3320,447,0.39,1,257,100,154,153,5446.56,1.28,571.31,0.58,0.44,0.03,0.26,7.67,16.93,3307.38,0.65,174.73,803.36,2.2,23.39,0,NaN,0,0.83,0,NaN,0,NaN,0,0,NaN,0,0,NaN,NaN,NaN,NaN,NaN,0,NaN,0,NaN,NaN,NaN,NaN,0,0,0,0,0,5420.49
09/27/2025,09,5GNR,Upstate New York,070,Buffalo,HNRT,0709002,WURL_ST,3320,448,0.42,5,1183,100,659,659,9257.03,3.44,267.55,0.79,0.59,0.2,0.4,7.86,11.67,5500.69,0,249.89,413.33,3.97,1.9,0.14,100,0,0.37,0,NaN,0,NaN,0,0,NaN,0,0,NaN,NaN,NaN,NaN,NaN,0,NaN,0,NaN,NaN,NaN,NaN,0,0,0,0,0,8804.53
09/27/2025,09,5GNR,Upstate New York,070,Buffalo,HNRT,0709002,YOUNGSTOWN_HD,2276,350,6.17,32,519,100,337,337,4655.45,30.36,24.62,2.48,2.5,2.52,0.41,7.63,12.27,4951.21,0,427.99,620.27,8.68,4.73,0.9,NaN,0,1.4,0,NaN,0,0,1,0,0,1,0,3962.33,2640,1218.12,1320.61,7.56,0,0,0,NaN,1635.14,NaN,227.27,0.05,0.04,0,0,0,5224.78
09/27/2025,09,5GNR,Upstate New York,070,Buffalo,HNRT,0709002,YOUNGSTOWN_HD,2276,351,0.66,3,452,100,304,303,5011.6,36.15,20.57,1.41,1.41,1.42,0.54,7.51,11.35,5393.07,0.33,313.88,647.76,11.76,4.53,0.13,NaN,0,0,0,NaN,0,NaN,0,0,NaN,0,0,NaN,NaN,NaN,NaN,NaN,0,NaN,0,NaN,NaN,NaN,NaN,0,0,0,0,0,5853.02
09/27/2025,09,5GNR,Upstate New York,070,Buffalo,HNRT,0709002,YOUNGSTOWN_HD,2276,352,5.88,5,85,100,46,46,3668.02,28.55,23.82,0.31,0.32,0.35,0.76,7.37,12.16,3276.34,0,128.33,179.92,2.52,6.21,0,NaN,0,0.48,0,NaN,0,NaN,0,0,NaN,0,0,NaN,NaN,NaN,NaN,NaN,0,NaN,0,NaN,NaN,NaN,NaN,0,0,0,0,0,3893.36
09/27/2025,09,5GNR,Upstate New York,070,Buffalo,HNRT,0709002,YOUNGSTOWN_HD,3276,350,1.73,18,1041,100,703,702,21820.23,6.97,323.51,1.56,1.06,0.16,0.2,7.79,13.09,14955.64,0.14,778.46,1779.04,8.24,4.2,0.73,NaN,0,0,0,NaN,0,NaN,0,0,NaN,0,0,NaN,NaN,NaN,NaN,NaN,0,NaN,0,NaN,NaN,NaN,NaN,0,0,0,0,0,21203.83
09/27/2025,09,5GNR,Upstate New York,070,Buffalo,HNRT,0709002,YOUNGSTOWN_HD,3276,351,0.49,4,814,100,379,379,19331.79,14.94,108.65,1.37,1.05,0.19,0.31,7.64,17.3,18388.46,0,740.02,1285.91,4.83,7.62,0.37,NaN,0,0,0,NaN,0,NaN,0,0,NaN,0,0,10250,1000,1000,0,NaN,0,0,0,NaN,0,NaN,NaN,0,0,0,0,0,19118.38
09/27/2025,09,5GNR,Upstate New York,070,Buffalo,HNRT,0709002,YOUNGSTOWN_HD,3276,352,1.43,12,842,100,640,638,44791.54,13.57,248.62,2.06,1.48,0.19,0.15,7.7,14.28,40925.09,0.31,1036.92,1669.84,8.41,7.09,0.99,NaN,0,0,0,NaN,0,0,1,0,0,1,0,6833.33,500,500,0,NaN,0,0,0,NaN,0,NaN,0,0,0,0,0,0,44139.12
09/27/2025,09,5GNR,Upstate New York,070,Buffalo,HNRT,0709003,290_DELAWARE_AVE,3553,81,0.58,15,2585,100,2344,2344,5624.74,2.89,195.96,0.64,0.6,0.5,1.66,8.23,16.59,3792.03,0,282.14,484.87,2.68,3.47,0.93,NaN,0,0.97,0,NaN,0,NaN,0,0,NaN,0,0,8714.29,27714.29,27714.29,0,NaN,0,0,0,NaN,0,NaN,NaN,0,0,0,0,0,5575.6
09/27/2025,09,5GNR,Upstate New York,070,Buffalo,HNRT,0709003,290_DELAWARE_AVE,3553,82,1.05,18,1707,100,515,515,5127.41,2.1,200.62,1.32,1.21,1.01,2.49,7.77,9.9,4633.32,0,199.69,318.3,7.26,1.83,1.51,NaN,0,0.94,0,NaN,0,0,1,0,0,1,0,6166.67,500,500,0,NaN,0,0,0,NaN,0,NaN,0,0,0,0,0,0,5083.7
09/27/2025,09,5GNR,Upstate New York,070,Buffalo,HNRT,0709003,290_DELAWARE_AVE,3553,83,0.1,1,1049,100,832,832,13163.28,4.63,233.13,1.13,0.76,0.13,0.73,7.81,8.53,12810.99,0,831.44,1151.95,12.93,7.59,0,NaN,0,0,NaN,NaN,NaN,NaN,0,0,NaN,0,0,NaN,NaN,NaN,NaN,NaN,0,NaN,0,NaN,NaN,NaN,NaN,0,0,0,0,0,13044.42
09/27/2025,09,5GNR,Upstate New York,070,Buffalo,HNRT,0709003,AKRON,3336,287,1.22,8,656,100,505,503,9409.13,3.02,149.14,0.23,0.19,0.11,0.31,7.94,7.31,4217.24,0.4,122.01,288.83,4.54,1.94,0.98,NaN,0,0.51,0,NaN,0,NaN,0,0,NaN,0,0,NaN,NaN,NaN,NaN,NaN,0,NaN,0,NaN,NaN,NaN,NaN,0,0,0,0,0,9320.8
09/27/2025,09,5GNR,Upstate New York,070,Buffalo,HNRT,0709003,AKRON,3336,288,0.59,18,3029,100,2528,2525,93073.44,26.26,254.69,2,1.76,1.23,0.27,7.6,13.8,90360.6,0.12,5474.52,6944.07,39.14,3.61,0.14,NaN,0,0.14,0,NaN,0,NaN,0,0,NaN,0,0,NaN,NaN,NaN,NaN,NaN,0,NaN,0,NaN,NaN,NaN,NaN,0,0,0,0,0,92979.85
09/27/2025,09,5GNR,Upstate New York,070,Buffalo,HNRT,0709003,AKRON,3336,289,0.51,14,2738,100,1765,1765,26964.45,21.96,84.96,2.04,2.41,3.21,0.54,7.48,9.12,24044.26,0,599.67,2756.35,22.56,4.35,0.32,NaN,0,0,0,NaN,0,NaN,0,0,NaN,0,0,NaN,NaN,NaN,NaN,NaN,0,NaN,0,NaN,NaN,NaN,NaN,0,0,0,0,0,27203.77
09/27/2025,09,5GNR,Upstate New York,070,Buffalo,HNRT,0709003,ALDEN,3338,484,0.94,3,320,100,277,277,1479.14,0.57,114.4,0.17,0.21,0.32,0.23,7.88,14.25,1268.49,0,227.01,473.78,2.23,5.58,0,NaN,0,0,0,NaN,0,NaN,0,0,NaN,0,0,NaN,NaN,NaN,NaN,NaN,0,NaN,0,NaN,NaN,NaN,NaN,0,0,0,0,0,1450.19
09/27/2025,09,5GNR,Upstate New York,070,Buffalo,HNRT,0709003,ALDEN,3338,485,0,0,122,100,95,95,2537.29,0.84,244.65,0.16,0.14,0.09,0.07,7.52,14.14,2475.96,0,713.61,870.96,3.72,10.51,0,NaN,0,0,NaN,NaN,NaN,NaN,0,0,NaN,0,0,NaN,NaN,NaN,NaN,NaN,0,NaN,0,NaN,NaN,NaN,NaN,0,0,0,0,0,2511.87
09/27/2025,09,5GNR,Upstate New York,070,Buffalo,HNRT,0709003,ALDEN,3338,486,2.66,7,263,100,214,214,7079.31,2.44,247.42,0.26,0.43,0.93,0.22,7.1,9.34,6963.2,0,84.28,123.82,1.95,0.91,0,NaN,0,0,NaN,NaN,NaN,NaN,0,0,NaN,0,0,NaN,NaN,NaN,NaN,NaN,0,NaN,0,NaN,NaN,NaN,NaN,0,0,0,0,0,6985.66
09/27/2025,09,5GNR,Upstate New York,070,Buffalo,HNRT,0709003,AMHERST,2329,90,0.48,3,620,100,457,457,1473.82,10.66,18.82,0.76,0.74,0.66,1.01,8.06,12,1343.11,0,2.54,42.63,0.79,2.15,0.88,NaN,0,0.78,0,NaN,0,NaN,0,0,NaN,0,0,NaN,NaN,NaN,NaN,NaN,0,NaN,0,NaN,NaN,NaN,NaN,0,0,0,0,0,1507.64
09/27/2025,09,5GNR,Upstate New York,070,Buffalo,HNRT,0709003,AMHERST,2329,91,0.79,29,3688,100,2713,2713,4620.32,43.89,13.3,5.49,4.88,4,2.96,8.45,11.74,3422.28,0,32.46,400.35,7.8,2.39,1.29,NaN,0,0.1,0,NaN,0,0,11,0,0,11,0,3801,4589.86,7768.5,1688.05,2.17,0,0,0.01,NaN,6448.36,NaN,17.39,0.21,0.07,0,0,0,4580.83
09/27/2025,09,5GNR,Upstate New York,070,Buffalo,HNRT,0709003,AMHERST,2329,92,2.03,10,492,100,344,344,146.22,2.62,28.85,0.76,0.65,0.25,10.89,8.19,11.16,297.47,0,2.21,19.54,0.37,1.57,0.67,NaN,0,0.5,0,NaN,0,NaN,0,0,NaN,0,0,NaN,NaN,NaN,NaN,NaN,0,NaN,0,NaN,NaN,NaN,NaN,0,0,0,0,0,313.14
09/27/2025,09,5GNR,Upstate New York,070,Buffalo,HNRT,0709003,AMHERST,3329,90,1.79,9,503,100,154,154,5980.5,3.58,215.86,0.73,0.48,0.04,0.58,6.66,9.42,5975.25,0,552.41,791.29,5.22,4.8,0,NaN,0,0,NaN,NaN,NaN,NaN,0,0,NaN,0,0,NaN,NaN,NaN,NaN,NaN,0,NaN,0,NaN,NaN,NaN,NaN,0,0,0,0,0,6203.52
09/27/2025,09,5GNR,Upstate New York,070,Buffalo,HNRT,0709003,AMHERST,3329,91,4.49,7,156,100,102,102,117.99,0.08,515.96,0.09,0.09,0.13,0.61,6.97,15.79,79.51,0,2.07,6.03,0.04,1.1,0,NaN,0,0,NaN,NaN,NaN,NaN,0,0,NaN,0,0,NaN,NaN,5833.33,NaN,NaN,0,NaN,0,NaN,NaN,NaN,NaN,0,0,0,0,0,83.72
09/27/2025,09,5GNR,Upstate New York,070,Buffalo,HNRT,0709003,AMHERST,3329,92,5.02,22,438,100,159,159,1227.62,0.74,135.42,0.29,0.23,0.09,1.73,7.45,5.74,1031.09,0,15.1,59.33,1.14,0.4,0,NaN,0,0,0,NaN,0,NaN,0,0,NaN,0,0,NaN,NaN,NaN,NaN,NaN,0,NaN,0,NaN,NaN,NaN,NaN,0,0,0,0,0,1053.09
09/27/2025,09,5GNR,Upstate New York,070,Buffalo,HNRT,0709003,ANGELICA,3216,180,0.74,6,815,100,680,680,4199.37,1.82,243.81,0.54,0.44,0.2,0.36,8.29,15.07,3988.37,0,215.92,291.77,1.55,1.97,0,NaN,0,0.24,0,NaN,0,NaN,0,0,NaN,0,0,NaN,NaN,NaN,NaN,NaN,0,NaN,0,NaN,NaN,NaN,NaN,0,0,0,0,0,4153.3
09/27/2025,09,5GNR,Upstate New York,070,Buffalo,HNRT,0709003,ANGELICA,3216,181,13.62,35,257,100,230,230,595.46,0.35,201.25,0.11,0.12,0.18,1.12,6.86,12.5,630.47,0,11.47,17.49,0.17,0.32,0,NaN,0,0,NaN,NaN,NaN,NaN,0,0,NaN,0,0,NaN,NaN,NaN,NaN,NaN,0,NaN,0,NaN,NaN,NaN,NaN,0,0,0,0,0,631.87
09/27/2025,09,5GNR,Upstate New York,070,Buffalo,HNRT,0709003,ANGELICA,3216,182,0.89,15,1690,100,1250,1250,12919.05,5.43,161.64,1.54,1.07,0.31,0.45,8.11,13.9,12462.93,0,364.08,602.72,3.29,1.18,0,NaN,0,0.08,0,NaN,0,0,3,0,0,3,0,6090.91,545.45,545.45,0,NaN,0,0,0,NaN,0,NaN,0,0,0,0,0,0,12863.75
09/27/2025,09,5GNR,Upstate New York,070,Buffalo,HNRT,0709003,ANGOLA_HD,3339,27,4.8,115,2394,100,1641,1639,19173.12,10.9,170.18,2.11,1.72,0.94,0.6,7.04,7.91,18986.17,0.12,292.03,411.96,5.98,0.7,0.44,NaN,0,0,NaN,NaN,NaN,NaN,0,0,NaN,0,0,NaN,NaN,NaN,NaN,NaN,0,NaN,0,NaN,NaN,NaN,NaN,0,0,0,0,0,19064.19
09/27/2025,09,5GNR,Upstate New York,070,Buffalo,HNRT,0709003,ANGOLA_HD,3339,28,0.82,5,613,100,348,348,1098.25,0.79,155.71,0.12,0.15,0.29,0.43,7.95,8.55,1124.51,0,29.47,37.45,0.5,0.56,19.05,NaN,0,0,NaN,NaN,NaN,NaN,0,0,NaN,0,0,NaN,NaN,NaN,NaN,NaN,0,NaN,0,NaN,NaN,NaN,NaN,0,0,0,0,0,1125.38
09/27/2025,09,5GNR,Upstate New York,070,Buffalo,HNRT,0709003,ANGOLA_HD,3339,29,29.42,594,2019,100,1242,1241,11440.24,8.42,67.69,1.69,2.94,4.83,12.31,5.48,4.08,10318.24,0.08,90.64,161.21,5,0.28,8.27,NaN,0,14.39,NaN,NaN,NaN,NaN,0,0,NaN,0,0,NaN,NaN,NaN,NaN,NaN,0,NaN,0,NaN,NaN,NaN,NaN,0,0,0,0,0,11452.86
09/27/2025,09,5GNR,Upstate New York,070,Buffalo,HNRT,0709003,AURORA_2,3074,284,0.14,1,733,100,566,566,8732.46,3.02,281.85,1.36,0.89,0.07,0.19,7.42,12.28,6271.76,0,300.58,521.29,4.45,2.21,0.24,NaN,0,0,0,NaN,0,0,2,0,0,2,0,8717.95,642.86,663.46,3357.89,49.15,0,0,0,NaN,0,NaN,0,0.13,0.03,0,0,0,8620.86
09/27/2025,09,5GNR,Upstate New York,070,Buffalo,HNRT,0709003,AURORA_2,3074,285,1.12,4,356,100,170,169,2661.27,0.85,531.59,0.17,0.15,0.06,0.22,8.09,11.12,2682.31,0.59,84.68,106.54,0.8,1.09,0,NaN,0,0,NaN,NaN,NaN,NaN,0,0,NaN,0,0,NaN,NaN,NaN,NaN,NaN,0,NaN,0,NaN,NaN,NaN,NaN,0,0,0,0,0,2683.09
09/27/2025,09,5GNR,Upstate New York,070,Buffalo,HNRT,0709003,AURORA_2,3074,286,2.7,1,37,100,4,4,17.57,0.01,210.96,0,0,0.24,0.37,10.46,16.88,17.42,0,0.64,0.79,0,0.66,NaN,NaN,0,0,NaN,NaN,NaN,NaN,0,0,NaN,0,0,NaN,NaN,NaN,NaN,NaN,0,NaN,0,NaN,NaN,NaN,NaN,0,0,0,0,0,17.42
09/27/2025,09,5GNR,Upstate New York,070,Buffalo,HNRT,0709003,BEAVER_ISLAND,3290,84,2.01,18,894,100,662,662,4780.1,2.29,270.24,0.58,0.41,0.1,1.06,7.65,8.98,4714.46,0,137.05,193.14,1.87,0.96,1.08,NaN,0,1.63,NaN,NaN,NaN,NaN,0,0,NaN,0,0,NaN,NaN,NaN,NaN,NaN,0,NaN,0,NaN,NaN,NaN,NaN,0,0,0,0,0,4737.35
09/27/2025,09,5GNR,Upstate New York,070,Buffalo,HNRT,0709003,BEAVER_ISLAND,3290,85,1.21,9,742,100,629,628,10502.84,5.46,202.84,0.62,0.46,0.14,1.21,7.08,11.42,10357.54,0.16,479.08,904.17,7.63,4.91,0.83,NaN,0,0.22,NaN,NaN,NaN,0,15,0,0,15,0,7288.92,619.98,765.2,1013.53,377.01,0,0,0,NaN,36.96,NaN,109.75,8.04,2.03,0,0,0,10412.68
09/27/2025,09,5GNR,Upstate New York,070,Buffalo,HNRT,0709003,BEAVER_ISLAND,3290,86,18.93,53,280,100,177,177,5498.09,2.02,244.91,0.87,0.66,0.09,2.25,6.78,8.9,3958.12,0,161.21,226.97,2.9,2.97,0,NaN,0,0,NaN,NaN,NaN,0,2,0,0,2,0,7174.42,5328.95,4532.61,5400,NaN,0,0,0,NaN,0,NaN,0,0.01,0.01,0,0,0,5789.04
09/27/2025,09,5GNR,Upstate New York,070,Buffalo,HNRT,0709003,BEDELL_RD,2555,25,0.33,5,1528,100,387,387,2009.65,17.2,20.16,1.39,1.13,0.74,1.1,8.61,11.39,891.57,0,10.56,206.77,3.62,2.67,1.01,100,0,0.18,0,NaN,0,0,5,0,0,5,0,3316.03,2009.38,1420.62,1244.08,18.38,0,0,0.01,NaN,4919.5,NaN,149.19,0.58,0.2,0,0,0,3121.04
09/27/2025,09,5GNR,Upstate New York,070,Buffalo,HNRT,0709003,BEDELL_RD,2555,26,7.55,131,1734,100,1200,1200,2010.95,27.37,19.46,5.51,4.35,2.61,8,8.17,10.54,2099.79,0,24.75,193.04,4.74,1.45,1.04,NaN,0.03,0.36,0,NaN,0,0,1,0,0,1,0,3035.71,17625,8323.53,538.46,NaN,0,0,0,NaN,0,NaN,0,0.01,0,0,0,0,3718.72
09/27/2025,09,5GNR,Upstate New York,070,Buffalo,HNRT,0709003,BEDELL_RD,3555,25,0.64,25,3891,100,2037,2034,44894.19,16.27,218.22,1.85,1.32,0.47,0.38,7.58,12.2,42184.7,0.15,3648.22,4984.32,29.9,4.76,0.51,NaN,0,0.34,0,NaN,0,0,1,0,0,1,0,6764.71,3076.92,2514.71,1085.71,NaN,0,0,0,NaN,0,NaN,0,0,0,0,0,0,43657.32
09/27/2025,09,5GNR,Upstate New York,070,Buffalo,HNRT,0709003,BEDELL_RD,3555,26,0.72,26,3604,100,2470,2470,91644.48,34.51,179.3,1.36,1.98,3.28,0.77,7.71,13.04,76568.42,0,3815.66,6799.65,45.2,3.33,0.19,NaN,0,0.21,0,NaN,0,0,4,0,0,4,0,9071.68,833.18,1047.86,1705.75,240.78,0,0,0,NaN,486.61,NaN,10.79,7.22,0.4,0,0,0,90948.63
09/27/2025,09,5GNR,Upstate New York,070,Buffalo,HNRT,0709003,BEEBE ROAD,3241,260,3.34,38,1138,100,673,672,6833.35,2.79,218.99,1.24,0.95,0.49,0.84,7.48,13.27,4525.42,0.15,106.61,1701.84,7.27,6.81,0.74,NaN,0,0,NaN,NaN,NaN,NaN,0,0,NaN,0,0,NaN,NaN,NaN,NaN,NaN,0,NaN,0,NaN,NaN,NaN,NaN,0,0,0,0,0,6953.22
09/27/2025,09,5GNR,Upstate New York,070,Buffalo,HNRT,0709003,BEEBE ROAD,3241,261,1.24,21,1696,100,1075,1074,7872.5,3.47,197.89,1.4,0.96,0.19,0.81,8.28,13.28,7543.37,0.09,321.28,517.91,4.15,1.18,0.65,NaN,0,0,0,NaN,0,NaN,0,0,NaN,0,0,NaN,NaN,NaN,NaN,NaN,0,NaN,0,NaN,NaN,NaN,NaN,0,0,0,0,0,7818.62
09/27/2025,09,5GNR,Upstate New York,070,Buffalo,HNRT,0709003,BEEBE ROAD,3241,262,0.32,2,617,100,263,263,6937.89,2.08,341.5,0.41,0.33,0.13,0.62,8.12,16.19,7314.76,0,268.98,331.7,1.66,5.85,1.64,NaN,0,0,NaN,NaN,NaN,NaN,0,0,NaN,0,0,NaN,NaN,NaN,NaN,NaN,0,NaN,0,NaN,NaN,NaN,NaN,0,0,0,0,0,7477.41
09/27/2025,09,5GNR,Upstate New York,070,Buffalo,HNRT,0709003,BILLS LOT 1 TEMP 24,3144,478,0,0,175,100,92,92,2118.13,1.08,179.87,0,0.01,0.07,0.31,7.65,12.88,1032.62,0,42.04,119.4,0.66,2.59,0,NaN,0,0,NaN,NaN,NaN,NaN,0,0,NaN,0,0,NaN,NaN,NaN,NaN,NaN,0,NaN,0,NaN,NaN,NaN,NaN,0,0,0,0,0,2092.33
09/27/2025,09,5GNR,Upstate New York,070,Buffalo,HNRT,0709003,BILLS LOT 1 TEMP 24,3144,479,0,0,147,100,87,87,907.64,0.24,625.24,0,0.01,0.09,0.74,8.32,17.29,759.04,0,33.74,56.99,0.2,3.58,0,100,0,0,NaN,NaN,NaN,NaN,0,0,NaN,0,0,NaN,NaN,NaN,NaN,NaN,0,NaN,0,NaN,NaN,NaN,NaN,0,0,0,0,0,893.98
09/27/2025,09,5GNR,Upstate New York,070,Buffalo,HNRT,0709003,BILLS LOT 1 TEMP 24,3144,480,1.18,10,846,100,642,641,8850.39,3.13,222.27,0.01,0.05,0.13,0.79,7.91,9.8,7901.21,0.16,191.17,306.38,4.7,1.58,0.6,100,0,0.46,0,NaN,0,0,1,0,0,1,0,6125,625,625,0,NaN,0,0,0,NaN,0,NaN,0,0,0,0,0,0,8740.79
09/27/2025,09,5GNR,Upstate New York,070,Buffalo,HNRT,0709003,BILLS LOT 5 TEMP 24,3137,324,0,0,262,88.85,68,67,505.51,0.22,126.18,0,0.02,0.09,2.43,9.15,17.52,402.07,1.47,56.2,108.89,1.02,3.17,0.93,100,0,0.28,0,NaN,0,NaN,0,0,NaN,0,0,7062.5,1750,1750,0,NaN,0,0,0,NaN,0,NaN,NaN,0,0,0,0,0,492.64
09/27/2025,09,5GNR,Upstate New York,070,Buffalo,HNRT,0709003,BILLS LOT 5 TEMP 24,3137,325,0.45,1,223,88.83,110,108,730.56,0.46,220.02,0,0.01,0.09,4.04,9.23,18.84,671.17,1.82,28.65,60.02,0.44,3.55,0,100,0,0.66,0,NaN,0,NaN,0,0,NaN,0,0,4500,32500,32500,0,NaN,0,0,0,NaN,NaN,NaN,NaN,0,0,0,0,0,726.06
09/27/2025,09,5GNR,Upstate New York,070,Buffalo,HNRT,0709003,BILLS LOT 5 TEMP 24,3137,326,1.47,10,682,89.03,568,567,5327.67,2.21,293.05,0,0.02,0.06,0.98,8.22,14.07,4233.69,0.18,149.44,394.75,3.09,4.76,0,100,0,0.54,0,NaN,0,0,1,0,0,1,0,6812.5,586.96,575.76,1451.61,NaN,0,0,0,NaN,0,NaN,0,0,0,0,0,0,5252.75
09/27/2025,09,5GNR,Upstate New York,070,Buffalo,HNRT,0709003,BILLS_LOT_1_Y4_MICRO,3829,431,0,0,131,100,67,67,2747.12,1.74,226.12,0,0.01,0.03,0.9,7.85,14.27,2659.52,0,78.34,132.62,0.54,7.61,0,100,0,2.5,0,NaN,0,0,5,0,0,5,0,7780.7,933.68,965.5,1170.6,264.53,0,0,0,NaN,14.19,NaN,0,3.04,0.47,0,0,0,2732.57
09/27/2025,09,5GNR,Upstate New York,070,Buffalo,HNRT,0709003,BILLS_LOT_1_Y4_MICRO,3829,432,0,0,11,100,2,2,11.94,0.03,56.19,0,0,0.07,0.04,7.34,20.04,11.34,0,0.39,2.83,0.01,1.32,0,NaN,0,0,NaN,NaN,NaN,0,1,0,0,1,0,9563.64,697.67,956.82,1226.28,671.74,0,0,0,NaN,0,NaN,0,0.2,0.03,0,0,0,11.7
09/27/2025,09,5GNR,Upstate New York,070,Buffalo,HNRT,0709003,BILLS_LOT_1_Y4_MICRO,3829,433,3.23,4,124,100,65,65,810.45,0.63,75.52,0.01,0.01,0.08,1.92,7.79,12.46,704.82,0,12.39,28.44,0.15,1.36,0,100,0,0.56,0,NaN,0,NaN,0,0,NaN,0,0,NaN,NaN,NaN,NaN,NaN,0,NaN,0,NaN,NaN,NaN,NaN,0,0,0,0,0,807.42
09/27/2025,09,5GNR,Upstate New York,070,Buffalo,HNRT,0709003,BILLS_LOT_1_Y5_MICRO,3831,434,2.44,1,41,100,22,22,174.2,0.42,44.7,0,0,0.11,0.97,6.74,7.43,167.18,0,2.02,3.9,0.04,0.31,0,NaN,0,0,NaN,NaN,NaN,NaN,0,0,NaN,0,0,NaN,NaN,NaN,NaN,NaN,0,NaN,0,NaN,NaN,NaN,NaN,0,0,0,0,0,173.26
09/27/2025,09,5GNR,Upstate New York,070,Buffalo,HNRT,0709003,BILLS_LOT_1_Y5_MICRO,3831,435,0,0,18,100,4,4,42.74,0.02,299.02,0,0,0.03,0.62,7.59,12,22.06,0,2.82,9.55,0.05,3.38,0,NaN,0,0,0,NaN,0,NaN,0,0,NaN,0,0,NaN,NaN,NaN,NaN,NaN,0,NaN,0,NaN,NaN,NaN,NaN,0,0,0,0,0,40.71
09/27/2025,09,5GNR,Upstate New York,070,Buffalo,HNRT,0709003,BILLS_LOT_1_Y5_MICRO,3831,436,0,0,25,100,11,11,67.71,0.08,126.89,0,0,0.04,0.71,8.13,9.12,66.56,0,3.34,5.27,0.03,0.75,0,NaN,0,0,NaN,NaN,NaN,NaN,0,0,NaN,0,0,NaN,NaN,NaN,NaN,NaN,0,NaN,0,NaN,NaN,NaN,NaN,0,0,0,0,0,67.31
09/27/2025,09,5GNR,Upstate New York,070,Buffalo,HNRT,0709003,BILLS_LOT_2_Y1_MICRO,3827,428,2.38,2,84,100,49,49,359.22,0.4,91.15,0,0.01,0.08,2.36,7.1,13.06,279.7,0,14.37,42.08,0.2,1.73,0,100,0,0,0,NaN,0,0,1,0,0,1,0,10125,17500,17500,0,NaN,0,0,0,NaN,0,NaN,0,0,0,0,0,0,355.83
09/27/2025,09,5GNR,Upstate New York,070,Buffalo,HNRT,0709003,BILLS_LOT_2_Y1_MICRO,3827,429,2.29,3,131,100,45,45,771.92,1.03,62.53,0,0.01,0.08,1.73,7.35,13.2,595.97,0,26.86,203.7,0.81,11.67,0,100,0,0,0,NaN,0,NaN,0,0,NaN,0,0,NaN,NaN,NaN,NaN,NaN,0,NaN,0,NaN,NaN,NaN,NaN,0,0,0,0,0,765.72
09/27/2025,09,5GNR,Upstate New York,070,Buffalo,HNRT,0709003,BILLS_LOT_2_Y1_MICRO,3827,430,2.78,27,972,100,647,647,14903.12,13.44,80.85,0.03,0.12,0.29,0.63,7.62,11.77,11072.67,0,412.18,972.1,6.71,2.13,0.09,100,0,0.56,0,NaN,0,0,11,0,0,11,0,7270.16,775.78,777.39,937.7,56.32,0,0,0,NaN,6.9,NaN,8.43,1.39,0.22,0,0,0,14772.75
09/27/2025,09,5GNR,Upstate New York,070,Buffalo,HNRT,0709003,BILLS_LOT_5_B4_MICRO,3820,419,1.11,1,90,100,26,26,207.91,0.08,514.26,0,0.01,0.32,1.49,9.38,16.74,202.4,0,2.65,6.58,0.04,2.03,0,100,0,2.44,NaN,NaN,NaN,NaN,0,0,NaN,0,0,6083.33,1000,1000,833.33,NaN,0,0,0,NaN,0,NaN,0,0,0,0,0,0,205.96
09/27/2025,09,5GNR,Upstate New York,070,Buffalo,HNRT,0709003,BILLS_LOT_5_B4_MICRO,3820,420,2.17,1,46,100,30,30,24.83,0.03,100.85,0,0,0.22,6.96,6.79,7.52,19.13,0,0.75,1.24,0.01,0.24,0,NaN,NaN,NaN,NaN,NaN,NaN,NaN,0,0,NaN,0,0,NaN,NaN,NaN,NaN,NaN,0,NaN,0,NaN,NaN,NaN,NaN,0,0,0,0,0,24.81
09/27/2025,09,5GNR,Upstate New York,070,Buffalo,HNRT,0709003,BILLS_LOT_5_B4_MICRO,3820,421,2.44,7,287,100,151,150,2624.16,2.78,110.8,0.01,0.02,0.09,1.37,8.08,12.84,2390.21,0.66,61.5,94.54,0.59,2.58,0,100,0,0.65,0,NaN,0,0,3,0,0,3,0,6560.81,951.61,898.65,1253.33,NaN,0,0,0,NaN,605.63,NaN,0,0.02,0.01,0,0,0,2610.74
09/27/2025,09,5GNR,Upstate New York,070,Buffalo,HNRT,0709003,BILLS_LOT_6_B1_MICRO,3822,425,10,6,60,100,35,34,35.92,0.05,45.02,0,0,0.13,2.79,6.93,9.93,33.98,2.86,1.52,2.42,0.02,0.41,0,NaN,0,0,NaN,NaN,NaN,NaN,0,0,NaN,0,0,NaN,NaN,NaN,NaN,NaN,0,NaN,0,NaN,NaN,NaN,NaN,0,0,0,0,0,35.76
09/27/2025,09,5GNR,Upstate New York,070,Buffalo,HNRT,0709003,BILLS_LOT_6_B1_MICRO,3822,426,1.14,2,176,100,90,88,3939.36,2.05,346.89,0,0.02,0.14,2.4,8.24,14.33,3860.87,2.22,15.35,83.63,0.34,6.85,0,100,0,1.7,0,NaN,0,NaN,0,0,NaN,0,0,5000,1500,1500,0,NaN,0,0,0,NaN,NaN,NaN,NaN,0,0,0,0,0,3920.83
09/27/2025,09,5GNR,Upstate New York,070,Buffalo,HNRT,0709003,BILLS_LOT_6_B1_MICRO,3822,427,3.17,6,189,100,96,96,316.15,0.35,93.37,0,0.01,0.07,3.29,7.76,12.07,177.29,0,6.69,17.26,0.12,0.65,0,100,0,0,NaN,NaN,NaN,NaN,0,0,NaN,0,0,8587.5,923.08,912.5,1096.15,NaN,0,0,0,NaN,0,NaN,0,0.01,0.01,0,0,0,313.41
09/27/2025,09,5GNR,Upstate New York,070,Buffalo,HNRT,0709003,BILLS_LOT_7_B2_MICRO,3821,422,4.55,1,22,100,8,8,20.4,0.02,94,0,0,0,0.42,8.37,9.78,19.75,0,0.47,0.77,0.01,0.32,0,NaN,0,0,NaN,NaN,NaN,NaN,0,0,NaN,0,0,4500,2000,2000,0,NaN,0,0,0,NaN,NaN,NaN,NaN,0,0,0,0,0,20.1
09/27/2025,09,5GNR,Upstate New York,070,Buffalo,HNRT,0709003,BILLS_LOT_7_B2_MICRO,3821,423,6.25,2,32,100,18,18,109.11,0.07,179.17,0,0,0.05,0.52,8.66,12.95,104.94,0,3.31,7.13,0.04,1.05,0,NaN,0,4.76,NaN,NaN,NaN,NaN,0,0,NaN,0,0,NaN,NaN,NaN,NaN,NaN,0,NaN,0,NaN,NaN,NaN,NaN,0,0,0,0,0,107.86
09/27/2025,09,5GNR,Upstate New York,070,Buffalo,HNRT,0709003,BILLS_LOT_7_B2_MICRO,3821,424,0,0,100,100,77,77,345.86,0.38,122.09,0,0.01,0.11,0.19,7.98,11.31,331.04,0,4.26,11.34,0.08,1.05,0,100,0,0,0,NaN,0,NaN,0,0,NaN,0,0,NaN,NaN,NaN,NaN,NaN,0,NaN,0,NaN,NaN,NaN,NaN,0,0,0,0,0,344.81
09/27/2025,09,5GNR,Upstate New York,070,Buffalo,HNRT,0709003,BILLS_LOT_7_B5_MICRO,3819,416,2.08,1,48,100,31,31,31.32,0.04,85.63,0,0.01,0.06,1.3,7.78,9.62,27.73,0,13.42,17.38,0.12,1,0,NaN,0,25,NaN,NaN,NaN,NaN,0,0,NaN,0,0,4500,1000,1000,0,NaN,0,0,0,NaN,NaN,NaN,NaN,0,0,0,0,0,29.79
09/27/2025,09,5GNR,Upstate New York,070,Buffalo,HNRT,0709003,BILLS_LOT_7_B5_MICRO,3819,417,10.53,2,19,100,6,6,16.26,0.02,48.28,0,0,0.16,0.46,8.69,12.24,15.46,0,1.6,2.12,0.01,1.99,0,NaN,0,0,NaN,NaN,NaN,NaN,0,0,NaN,0,0,NaN,NaN,NaN,NaN,NaN,0,NaN,0,NaN,NaN,NaN,NaN,0,0,0,0,0,16.05
09/27/2025,09,5GNR,Upstate New York,070,Buffalo,HNRT,0709003,BILLS_LOT_7_B5_MICRO,3819,418,0,0,58,100,26,26,50.06,0.05,129.82,0,0,0.13,1.88,9.26,17.02,45.13,0,1.2,2.83,0.02,0.65,0,NaN,0,0,NaN,NaN,NaN,NaN,0,0,NaN,0,0,8500,2000,2000,0,NaN,0,0,0,NaN,NaN,NaN,NaN,0,0,0,0,0,49.81
09/27/2025,09,5GNR,Upstate New York,070,Buffalo,HNRT,0709003,BILLS_LOT_7_B6_MICRO,3818,413,2.63,1,38,100,10,10,22.93,0.02,294.98,0,0,0.11,0.49,9.21,15,21.7,0,0.9,1.8,0.01,1.24,0,NaN,0,14.29,NaN,NaN,NaN,NaN,0,0,NaN,0,0,5750,500,500,0,NaN,0,0,0,NaN,NaN,NaN,NaN,0,0,0,0,0,22.58
09/27/2025,09,5GNR,Upstate New York,070,Buffalo,HNRT,0709003,BILLS_LOT_7_B6_MICRO,3818,414,0,0,6,100,5,5,39.52,0.05,37.22,0,0.16,7.4,0.47,9.22,16.08,6.59,0,0.28,10.21,0.04,4.5,0,100,0,0,0,NaN,0,NaN,0,0,NaN,0,0,NaN,NaN,NaN,NaN,NaN,0,NaN,0,NaN,NaN,NaN,NaN,0,0,0,0,0,38.73
09/27/2025,09,5GNR,Upstate New York,070,Buffalo,HNRT,0709003,BILLS_LOT_7_B6_MICRO,3818,415,0,0,10,100,6,6,3.5,0.01,42.61,0,0,0.04,1.64,9.6,15.65,3.35,0,0.67,0.95,0.01,1.96,0,NaN,0,0,NaN,NaN,NaN,NaN,0,0,NaN,0,0,NaN,NaN,NaN,NaN,NaN,0,NaN,0,NaN,NaN,NaN,NaN,0,0,0,0,0,3.4
09/27/2025,09,5GNR,Upstate New York,070,Buffalo,HNRT,0709003,BLAKELEY RD,3127,293,0.77,18,2345,100,1519,1516,11620.45,5.2,246.4,1.31,0.92,0.21,0.39,7.89,11.16,11269.62,0.2,329.36,457.09,4.33,1.13,0,NaN,0,0,NaN,NaN,NaN,0,2,0,0,2,0,6666.67,722.22,722.22,0,NaN,0,0,0,NaN,0,NaN,0,0,0,0,0,0,11597.21
09/27/2025,09,5GNR,Upstate New York,070,Buffalo,HNRT,0709003,BLAKELEY RD,3127,294,0.55,1,181,100,149,149,682.26,0.26,352.78,0.12,0.12,0.09,0.24,7.86,15.56,662.55,0,74.08,98.78,0.52,4.97,0,NaN,0,0,0,NaN,0,NaN,0,0,NaN,0,0,NaN,NaN,NaN,NaN,NaN,0,NaN,0,NaN,NaN,NaN,NaN,0,0,0,0,0,671.89
09/27/2025,09,5GNR,Upstate New York,070,Buffalo,HNRT,0709003,BLAKELEY RD,3127,295,2.38,16,673,100,420,419,12456.23,4.56,300.27,1.52,1.06,0.13,0.61,7.29,10.1,12314.98,0.24,866.97,1082.29,7.14,4.07,0,NaN,0,0,NaN,NaN,NaN,NaN,0,0,NaN,0,0,NaN,NaN,NaN,NaN,NaN,0,NaN,0,NaN,NaN,NaN,NaN,0,0,0,0,0,12329.32
09/27/2025,09,5GNR,Upstate New York,070,Buffalo,HNRT,0709003,BLASDELL_FD_RELHR,3037,242,0.73,22,2995,100,2313,2313,16485.37,7.21,199.56,1.37,1.13,0.79,1.18,7.65,9.15,14114.26,0,817.36,1322.73,22.11,1.41,0.9,NaN,0,0.26,0,NaN,0,NaN,0,0,NaN,0,0,NaN,NaN,NaN,NaN,NaN,0,NaN,0,NaN,NaN,NaN,NaN,0,0,0,0,0,16301.17
09/27/2025,09,5GNR,Upstate New York,070,Buffalo,HNRT,0709003,BLASDELL_FD_RELHR,3037,243,0.78,8,1027,100,638,638,4946.68,1.71,262.95,1.28,0.92,0.2,1.99,8.05,14.89,3105.57,0,268.77,502.12,3.46,2.62,1.16,NaN,0,0,0,NaN,0,0,1,0,0,1,0,9929.82,670.73,684.21,472.73,0,0,0,0,NaN,0,NaN,0,0.01,0.01,0,0,0,4884.33
09/27/2025,09,5GNR,Upstate New York,070,Buffalo,HNRT,0709003,BLASDELL_FD_RELHR,3037,244,0.33,1,306,100,182,182,2926.31,0.71,375.33,0.25,0.22,0.13,0.95,7.96,8.89,2354.72,0,272.93,392.72,4.35,4.6,0,100,0,0.39,0,NaN,0,NaN,0,0,NaN,0,0,7250,1875,1875,142.86,NaN,0,0,0,NaN,NaN,NaN,NaN,0,0,0,0,0,2888.96
09/27/2025,09,5GNR,Upstate New York,070,Buffalo,HNRT,0709003,BOWMANSVILLE,3364,218,1.69,14,828,100,223,223,1234.12,0.81,172.95,0.18,0.22,0.34,1.02,7.06,14.98,1224.27,0,124.36,151.68,1.03,2.17,0,NaN,0,0,NaN,NaN,NaN,0,4,0,0,4,0,7276.32,667.83,697.37,2336.07,67.58,0,0,0,NaN,0,NaN,5100.84,0.18,0.08,0,0,0,1227.82
09/27/2025,09,5GNR,Upstate New York,070,Buffalo,HNRT,0709003,BOWMANSVILLE,3364,219,1.49,30,2012,100,1139,1139,14852.56,10.54,127.67,1.13,1.07,0.93,0.44,7.37,10.19,14768.44,0,132.21,205.24,2.85,0.46,1.04,NaN,0,0.22,0,NaN,0,NaN,0,0,NaN,0,0,NaN,NaN,NaN,NaN,NaN,0,NaN,0,NaN,NaN,NaN,NaN,0,0,0,0,0,14947.34
09/27/2025,09,5GNR,Upstate New York,070,Buffalo,HNRT,0709003,BOWMANSVILLE,3364,220,2.9,83,2859,100,1446,1446,11633.95,5.87,147.62,1.07,1.28,1.58,1.45,7.63,12.56,11370.48,0,204.06,319.42,4.13,0.37,1.23,NaN,0,0.39,0,NaN,0,0,2,0,0,2,0,10351.19,742.19,715.12,15470.59,NaN,0,0,0,NaN,0,NaN,0,0.01,0.01,0,0,0,11547.86
09/27/2025,09,5GNR,Upstate New York,070,Buffalo,HNRT,0709003,BRANT,2332,337,0.88,3,342,100,160,159,1614.65,9.85,28.8,0.14,0.14,0.14,0.13,7.83,11.25,1533.23,0.62,19.52,74.85,1.39,1.94,0,NaN,0,0.53,0,NaN,0,0,1,0,0,1,0,3197.67,2740.74,1232.56,1289.47,1.82,0,0,0,NaN,0,NaN,0,0.01,0.01,0,0,0,1794.46
09/27/2025,09,5GNR,Upstate New York,070,Buffalo,HNRT,0709003,BRANT,2332,338,1.3,12,926,100,727,727,4453,23.92,56.76,0.71,0.79,0.93,3.14,8.33,12.47,5787.04,0,11.2,220.32,3.6,4.47,0.6,NaN,0,0.04,0,NaN,0,0,2,0,0,2,0,3040.54,2307.69,1175.68,1526.32,0,0,0,0,NaN,0,NaN,171.6,0.07,0.03,0,0,0,7102.13
09/27/2025,09,5GNR,Upstate New York,070,Buffalo,HNRT,0709003,BRANT,2332,339,0.78,6,766,100,681,681,1071.62,10.51,15.61,1.08,0.94,0.67,0.46,8.23,11.7,643.66,0,12.02,128.41,1.96,2.8,2.56,NaN,0.13,0.38,0,NaN,0,0,5,0,0,5,0,3460.91,2748.99,1992.25,3858.85,15.7,0,0,0.01,NaN,6784.36,NaN,63.71,0.28,0.09,0,0,0,1153.48
09/27/2025,09,5GNR,Upstate New York,070,Buffalo,HNRT,0709003,BRANT,3332,337,0.46,1,218,100,13,13,625.99,0.79,169.2,0.09,0.1,0.11,1.5,6.95,11.32,426.71,0,7.63,11.14,0.25,1.1,0,NaN,0,16.67,NaN,NaN,NaN,NaN,0,0,NaN,0,0,NaN,NaN,NaN,NaN,NaN,0,NaN,0,NaN,NaN,NaN,NaN,0,0,0,0,0,427.39
09/27/2025,09,5GNR,Upstate New York,070,Buffalo,HNRT,0709003,BRANT,3332,338,4.81,48,998,100,801,801,25097.7,20.41,168.13,1.64,1.39,0.92,4.01,6.77,4.96,23403.91,0,579.89,839.47,27.81,1.17,0.12,NaN,0,0.19,0,NaN,0,0,6,0,0,6,0,8381.71,672.49,1187.35,2478.12,0,0,0,0,NaN,0,NaN,55.9,0.13,0.07,0,0,0,24249.02
09/27/2025,09,5GNR,Upstate New York,070,Buffalo,HNRT,0709003,BRANT,3332,339,17.56,23,131,100,46,46,8101.98,3.09,441.65,1.3,0.8,0.03,0.26,7.53,4.91,7853.28,0,276.83,347.92,10.33,1.93,0,NaN,0,2,0,NaN,0,NaN,0,0,NaN,0,0,NaN,NaN,NaN,NaN,NaN,0,NaN,0,NaN,NaN,NaN,NaN,0,0,0,0,0,7884.23
09/27/2025,09,5GNR,Upstate New York,070,Buffalo,HNRT,0709003,BRISBURN,2086,462,2.43,6,247,100,250,250,381.04,7.46,10.2,1.36,1.17,0.44,1.34,9.68,10.41,283.72,0,1.12,41.85,0.9,2.99,0,NaN,0,0.67,0,NaN,0,NaN,0,0,NaN,0,0,3759.86,2310.34,1542.86,3639.64,32.77,0,0,0.01,NaN,1720.43,NaN,49.11,0.17,0.12,0,0,0,383.5
09/27/2025,09,5GNR,Upstate New York,070,Buffalo,HNRT,0709003,BRISBURN,2086,463,1.03,4,388,100,299,297,432.98,3.59,22.24,0.29,0.25,0.11,6.45,9.09,15,307.19,0.67,13.95,48.23,0.66,5.96,0.4,NaN,0,0.32,NaN,NaN,NaN,0,1,0,0,1,0,4750,2000,1000,0,NaN,0,0,0,NaN,0,NaN,0,0,0,0,0,0,481.66
09/27/2025,09,5GNR,Upstate New York,070,Buffalo,HNRT,0709003,BRISBURN,2086,464,1.7,5,294,100,228,225,334.91,3.97,21.17,0.6,0.35,0.15,12.7,8.68,5.9,163.59,1.32,1.93,92.99,2.63,1,4.23,NaN,0,0.59,0,NaN,0,NaN,0,0,NaN,0,0,NaN,NaN,NaN,NaN,NaN,0,NaN,0,NaN,NaN,NaN,NaN,0,0,0,0,0,404.05
09/27/2025,09,5GNR,Upstate New York,070,Buffalo,HNRT,0709003,BRISBURN,3086,462,1.18,27,2297,100,2037,2034,27075.93,10.19,256.88,1.17,0.87,0.42,1.04,7.4,10.34,22526.25,0.15,1262.72,1791.27,16.39,1.87,0.21,100,0,0.31,0,NaN,0,0,1,0,0,1,0,8087.65,664.9,674.16,4071.56,28.67,0,0,0,NaN,26.16,NaN,124.61,4.65,3.97,0,0,0,27394.64
09/27/2025,09,5GNR,Upstate New York,070,Buffalo,HNRT,0709003,BRISBURN,3086,463,0.19,3,1591,100,1283,1283,23687.19,8.57,273.03,1.2,0.82,0.08,0.18,7.34,13.2,23490.7,0,776.65,1089.36,6.81,2.78,0,100,0,1.63,0,NaN,0,NaN,0,0,NaN,0,0,NaN,NaN,NaN,NaN,NaN,0,NaN,0,NaN,NaN,NaN,NaN,0,0,0,0,0,24402.95
09/27/2025,09,5GNR,Upstate New York,070,Buffalo,HNRT,0709003,BRISBURN,3086,464,6.9,228,3304,100,2813,2809,62678.37,21.41,129.94,0.82,1.98,4.23,1.66,7.2,5.2,62809.44,0.14,917.37,1268.1,31.27,0.85,2.11,100,0,0.73,0,NaN,0,0,4,0,0,4,0,10135.92,773.58,793.38,7795.03,24.58,0,0,0,NaN,0,NaN,1811.15,0.15,0.08,0,0,0,63299.7
09/27/2025,09,5GNR,Upstate New York,070,Buffalo,HNRT,0709003,CAMPBELL_BLVD,2119,54,1.32,3,227,100,176,176,139.81,1.64,26.75,0.22,0.2,0.08,6.57,8.94,12.32,175.6,0,0.42,9.3,0.17,1.25,0.81,NaN,0,0,0,NaN,0,NaN,0,0,NaN,0,0,NaN,NaN,NaN,NaN,NaN,0,NaN,0,NaN,NaN,NaN,NaN,0,0,0,0,0,197.48
09/27/2025,09,5GNR,Upstate New York,070,Buffalo,HNRT,0709003,CAMPBELL_BLVD,2119,55,1.76,6,340,100,99,99,277.43,3.76,53.36,0.65,0.51,0.15,11.91,8.67,10.59,592.78,0,1.98,25.87,0.63,1.28,0.46,NaN,0,0.27,0,NaN,0,0,3,0,0,3,0,3510.97,2362.64,2151.4,1208.45,24.31,0,0,0.01,NaN,22724.14,NaN,90.91,0.04,0.01,0,0,0,744.19
09/27/2025,09,5GNR,Upstate New York,070,Buffalo,HNRT,0709003,CAMPBELL_BLVD,2119,56,1.09,4,367,100,166,166,222.87,2.53,16.42,0.47,0.37,0.11,11.49,9.01,10.95,141.97,0,1.45,23.75,0.49,0.99,0,NaN,0,0.32,0,NaN,0,0,1,0,0,1,0,4204,2898.55,1456.69,2401.52,6.73,0,0,0,NaN,136,NaN,451.13,0.04,0.04,0,0,0,231.17
09/27/2025,09,5GNR,Upstate New York,070,Buffalo,HNRT,0709003,CAMPBELL_BLVD,3119,54,4.04,8,198,100,92,92,663.34,0.35,251.37,0.08,0.11,0.3,2.23,7.49,7.14,577.13,0,11.09,17.26,0.4,0.44,0,NaN,0,0,0,NaN,0,NaN,0,0,NaN,0,0,NaN,NaN,NaN,NaN,NaN,0,NaN,0,NaN,NaN,NaN,NaN,0,0,0,0,0,601.12
09/27/2025,09,5GNR,Upstate New York,070,Buffalo,HNRT,0709003,CAMPBELL_BLVD,3119,55,0.95,17,1794,100,1092,1092,11961.27,5.23,226.63,0.95,0.7,0.27,0.65,7.91,11.23,10367,0,334.13,620.15,4.72,1.46,0,NaN,0,0.26,0,NaN,0,0,2,0,0,2,0,8190.06,699.15,692.23,2144.73,121.71,0,0,0,NaN,8.7,NaN,35.16,2.11,0.28,0,0,0,11383.48
09/27/2025,09,5GNR,Upstate New York,070,Buffalo,HNRT,0709003,CAMPBELL_BLVD,3119,56,0.64,7,1087,100,732,729,9214.7,2.98,261.46,0.61,0.44,0.22,1.01,7.72,9.17,8267.53,0.41,691.14,856.03,11.62,1.67,1,NaN,0,0.42,0,NaN,0,NaN,0,0,NaN,0,0,5000,39000,39000,0,NaN,0,0,0,NaN,NaN,NaN,NaN,0,0,0,0,0,9099.61
09/27/2025,09,5GNR,Upstate New York,070,Buffalo,HNRT,0709003,CATTARAUGUS VLG,3420,200,2.59,38,1468,100,1113,1111,14839.96,6.9,190.28,1.12,0.77,0.2,0.27,7.59,11.44,14151.89,0.18,431.06,673.24,5.81,1.46,0,NaN,0,0.37,0,NaN,0,NaN,0,0,NaN,0,0,NaN,NaN,NaN,NaN,NaN,0,NaN,0,NaN,NaN,NaN,NaN,0,0,0,0,0,14676.73
09/27/2025,09,5GNR,Upstate New York,070,Buffalo,HNRT,0709003,CATTARAUGUS VLG,3420,201,11.11,9,81,100,53,53,525.71,0.3,150.13,0.07,0.07,0.06,0.2,7.53,15.91,515.61,0,39.62,56.48,0.3,2.13,0,NaN,0,0,0,NaN,0,NaN,0,0,NaN,0,0,NaN,NaN,NaN,NaN,NaN,0,NaN,0,NaN,NaN,NaN,NaN,0,0,0,0,0,520.66
09/27/2025,09,5GNR,Upstate New York,070,Buffalo,HNRT,0709003,CATTARAUGUS VLG,3420,202,4.4,12,273,100,221,221,1188.63,0.84,132.95,0.13,0.14,0.17,1.27,7.2,8.74,1175.47,0,36.83,48.18,0.52,0.68,0,NaN,0,0,NaN,NaN,NaN,NaN,0,0,NaN,0,0,NaN,NaN,NaN,NaN,NaN,0,NaN,0,NaN,NaN,NaN,NaN,0,0,0,0,0,1176.35
09/27/2025,09,5GNR,Upstate New York,070,Buffalo,HNRT,0709003,CAYUGA ISLE,2650,230,1.43,14,979,100,655,655,804.3,11.63,22.57,1.72,1.37,0.7,4.79,8.8,10.97,1159.43,0,9.95,98.25,2.13,1.89,0.12,97.96,0,0,0,NaN,0,0,1,0,0,1,0,NaN,NaN,NaN,3500,NaN,0,NaN,0,NaN,NaN,NaN,NaN,0,0,0,0,0,1412.14
09/27/2025,09,5GNR,Upstate New York,070,Buffalo,HNRT,0709003,CAYUGA ISLE,2650,231,0.29,1,350,100,264,264,795.83,11.99,28.78,1.39,1.14,0.38,0.8,8.18,11.64,1140.75,0,10.36,81.55,1.33,4.88,0.88,100,0,0.26,0,NaN,0,NaN,0,0,NaN,0,0,NaN,NaN,NaN,NaN,NaN,0,NaN,0,NaN,NaN,NaN,NaN,0,0,0,0,0,2381.28
09/27/2025,09,5GNR,Upstate New York,070,Buffalo,HNRT,0709003,CAYUGA ISLE,2650,232,0.67,4,597,100,414,414,282.81,5.57,10.12,1.92,1.52,0.88,11.34,8.43,13.18,201.11,0,9.69,153.27,1.95,4.52,0,100,0,0.25,0,NaN,0,0,2,0,0,2,0,3463.57,2043.67,1446.33,1100.84,8.04,0,0,0,NaN,4418.48,NaN,133.56,0.34,0.27,0,0,0,324.24
09/27/2025,09,5GNR,Upstate New York,070,Buffalo,HNRT,0709003,CAYUGA ISLE,3650,230,0.31,3,955,100,551,551,7441.39,3.48,286.59,1.17,0.82,0.13,0.95,7.69,15.15,5748.36,0,436,743.14,3.59,3.83,0,NaN,0,0.89,NaN,NaN,NaN,NaN,0,0,NaN,0,0,NaN,NaN,NaN,NaN,NaN,0,NaN,0,NaN,NaN,NaN,NaN,0,0,0,0,0,6772.69
09/27/2025,09,5GNR,Upstate New York,070,Buffalo,HNRT,0709003,CAYUGA ISLE,3650,231,0,0,1052,100,676,676,49427.68,13.42,360.55,2.57,2.02,0.31,0.23,7.55,16.82,45988.71,0,1809.14,2448.51,9.87,18.67,0.2,100,0,0.11,0,NaN,0,NaN,0,0,NaN,0,0,NaN,NaN,NaN,NaN,NaN,0,NaN,0,NaN,NaN,NaN,NaN,0,0,0,0,0,49375.49
09/27/2025,09,5GNR,Upstate New York,070,Buffalo,HNRT,0709003,CAYUGA ISLE,3650,232,0.28,4,1444,100,1118,1118,46586.59,11.9,330.68,1.59,1.1,0.24,0.23,7.58,11.81,42440.84,0,2996.52,4046.34,23.52,12.2,0,100,0,0.18,0,NaN,0,0,4,0,0,4,0,8503.14,762.79,819.42,2460.97,51.88,0,0,0,NaN,71.43,NaN,14.65,0.38,0.08,0,0,0,46087.97
09/27/2025,09,5GNR,Upstate New York,070,Buffalo,HNRT,0709003,CELORON SOUTH,3603,152,1.13,17,1509,100,810,807,4068.67,2.81,140.57,1,0.82,0.46,0.6,8.11,16.24,3804.13,0.37,141.22,216.19,1.13,0.72,0,NaN,0,0,NaN,NaN,NaN,NaN,0,0,NaN,0,0,NaN,NaN,NaN,NaN,NaN,0,NaN,0,NaN,NaN,NaN,NaN,0,0,0,0,0,4046.18
09/27/2025,09,5GNR,Upstate New York,070,Buffalo,HNRT,0709003,CELORON SOUTH,3603,153,0.19,5,2590,100,1406,1406,19089.34,9.08,221.83,1.35,0.96,0.22,0.37,7.55,14.42,18935.91,0,360.18,499.08,2.54,1,0,NaN,0,0,NaN,NaN,NaN,NaN,0,0,NaN,0,0,NaN,NaN,NaN,NaN,NaN,0,NaN,0,NaN,NaN,NaN,NaN,0,0,0,0,0,18953.09
09/27/2025,09,5GNR,Upstate New York,070,Buffalo,HNRT,0709003,CELORON SOUTH,3603,154,1.23,64,5198,100,3331,3328,33334.08,19.28,128.39,1.23,2.11,3.76,0.65,7.69,13.92,32538.46,0.09,602.5,914.21,5.71,0.68,1.49,NaN,0,0,0,NaN,0,0,1,0,0,1,0,6125,500,500,0,NaN,0,0,0,NaN,0,NaN,0,0,0,0,0,0,33113.53
09/27/2025,09,5GNR,Upstate New York,070,Buffalo,HNRT,0709003,CENTER CORNERS,3230,452,0.7,5,717,100,226,226,2278.01,0.82,349.81,0.55,0.45,0.24,1.1,8.72,14.11,2205.26,0,125.07,178.23,3.13,1.1,2.88,NaN,0,0,NaN,NaN,NaN,NaN,0,0,NaN,0,0,NaN,NaN,NaN,NaN,NaN,0,NaN,0,NaN,NaN,NaN,NaN,0,0,0,0,0,2262.46
09/27/2025,09,5GNR,Upstate New York,070,Buffalo,HNRT,0709003,CENTER CORNERS,3230,453,1.14,8,699,100,265,265,992.6,0.46,201.18,0.21,0.22,0.26,1.41,8.06,17.39,952.12,0,53.64,75.79,0.61,1.11,3.09,NaN,0,0,NaN,NaN,NaN,NaN,0,0,NaN,0,0,NaN,NaN,NaN,NaN,NaN,0,NaN,0,NaN,NaN,NaN,NaN,0,0,0,0,0,984.46
09/27/2025,09,5GNR,Upstate New York,070,Buffalo,HNRT,0709003,CENTER CORNERS,3230,454,5.52,62,1123,100,576,576,5445.65,2.38,245.22,0.68,0.56,0.34,2.89,7.43,6.85,5730.03,0,129.33,163.86,3.4,0.49,6.32,NaN,0,1.9,0,NaN,0,NaN,0,0,NaN,0,0,NaN,NaN,NaN,NaN,NaN,0,NaN,0,NaN,NaN,NaN,NaN,0,0,0,0,0,5750.3
09/27/2025,09,5GNR,Upstate New York,070,Buffalo,HNRT,0709003,CHERRY CREEK,3223,481,0.76,6,790,100,631,631,2459.88,1.33,179.82,0.4,0.31,0.09,0.9,8.07,14.35,2315.32,0,108.01,149.26,1.53,1.01,0,NaN,0,0,0,NaN,0,NaN,0,0,NaN,0,0,NaN,NaN,NaN,NaN,NaN,0,NaN,0,NaN,NaN,NaN,NaN,0,0,0,0,0,2408.65
09/27/2025,09,5GNR,Upstate New York,070,Buffalo,HNRT,0709003,CHERRY CREEK,3223,482,0.54,1,184,100,147,147,998.58,0.51,221.65,0.33,0.26,0.02,0.36,7.87,13.07,1031.48,0,86.62,115.33,0.79,1.76,0,NaN,0,0,NaN,NaN,NaN,NaN,0,0,NaN,0,0,NaN,NaN,NaN,NaN,NaN,0,NaN,0,NaN,NaN,NaN,NaN,0,0,0,0,0,1036.62
09/27/2025,09,5GNR,Upstate New York,070,Buffalo,HNRT,0709003,CHERRY CREEK,3223,483,1.87,16,856,100,669,668,4674.66,1.62,292.35,0.57,0.44,0.16,0.64,7.66,16.3,4604.71,0.15,213.72,277.84,1.28,0.89,0,NaN,0,0,0,NaN,0,NaN,0,0,NaN,0,0,NaN,NaN,NaN,NaN,NaN,0,NaN,0,NaN,NaN,NaN,NaN,0,0,0,0,0,4619.74
09/27/2025,09,5GNR,Upstate New York,070,Buffalo,HNRT,0709003,CHESTNUT_AND_425,3101,305,10.09,35,347,100,299,299,9737.92,2.98,405.76,0.81,0.55,0.07,0.05,7.42,11.91,9217.04,0,465.84,575.64,3.74,3.89,0,NaN,0,0,0,NaN,0,NaN,0,0,NaN,0,0,NaN,NaN,NaN,NaN,NaN,0,NaN,0,NaN,NaN,NaN,NaN,0,0,0,0,0,9599.85
09/27/2025,09,5GNR,Upstate New York,070,Buffalo,HNRT,0709003,CHESTNUT_AND_425,3101,306,1.21,3,248,100,147,147,2333.51,0.75,270.91,0.38,0.3,0.07,0.58,7.74,12.25,2302.37,0,108.87,135.74,0.86,1.45,0,NaN,0,0,NaN,NaN,NaN,NaN,0,0,NaN,0,0,NaN,NaN,NaN,NaN,NaN,0,NaN,0,NaN,NaN,NaN,NaN,0,0,0,0,0,2305.25
09/27/2025,09,5GNR,Upstate New York,070,Buffalo,HNRT,0709003,CHESTNUT_AND_425,3101,307,5.64,47,834,100,624,624,5100.79,3.58,134.04,0.97,0.84,0.53,1.38,7.11,5.75,5056.58,0,49.89,71.81,1.95,0.35,0,NaN,0,0,NaN,NaN,NaN,NaN,0,0,NaN,0,0,NaN,NaN,NaN,NaN,NaN,0,NaN,0,NaN,NaN,NaN,NaN,0,0,0,0,0,5075.36
09/27/2025,09,5GNR,Upstate New York,070,Buffalo,HNRT,0709003,CLARENCE_HOLLOW,2157,16,6.56,156,2377,100,1275,1271,1106.34,45.78,1.87,19.56,19.65,19.76,0,7.27,7.57,676.36,0.31,6.83,173.25,7.36,0.38,3.11,NaN,0,0.56,7.69,NaN,7.69,0,7,0,0,7,0,3705.12,4340.08,7490.94,13124.15,3.55,0.01,0,0.54,NaN,174170,NaN,107.76,17.15,0.91,0,0,0,1486.19
09/27/2025,09,5GNR,Upstate New York,070,Buffalo,HNRT,0709003,CLARENCE_HOLLOW,2157,17,5.46,58,1062,100,266,266,507.66,13.75,6.83,3.41,2.8,1.35,0,6.47,8.22,460.14,0,4.95,31.21,1.18,0.61,1.28,NaN,0,0.98,0,NaN,0,0,1,0,0,1,0,3823.53,5722.22,2771.43,1205.88,4.92,0,0,0,NaN,750,NaN,0,0.01,0.01,0,0,0,664.01
09/27/2025,09,5GNR,Upstate New York,070,Buffalo,HNRT,0709003,CLARENCE_HOLLOW,2157,18,0.53,8,1518,100,862,862,1389.19,21.93,23.46,3.57,2.85,2.04,0,7.95,7.68,1495.47,0,8.09,165.98,5.26,1.18,2.93,NaN,0,0.24,0,NaN,0,NaN,0,0,NaN,0,0,NaN,NaN,NaN,NaN,NaN,0,NaN,0,NaN,NaN,NaN,NaN,0,0,0,0,0,2962.97
09/27/2025,09,5GNR,Upstate New York,070,Buffalo,HNRT,0709003,CLARENCE_HOLLOW,3157,16,0.54,12,2202,100,940,940,37972.56,15.18,263.45,1.76,1.29,0.44,0.35,7.42,12.58,36582.19,0,1884.59,2857.81,13.21,3.35,0.37,NaN,0,0.13,0,NaN,0,0,2,0,0,2,0,8047.26,726.03,703.98,1621.21,0,0,0,0,NaN,0,NaN,20.3,0.04,0.03,0,0,0,38390.96
09/27/2025,09,5GNR,Upstate New York,070,Buffalo,HNRT,0709003,CLARENCE_HOLLOW,3157,17,5.07,77,1518,100,392,391,3666.72,2.11,219.31,0.25,0.33,0.47,3.74,7.12,5.98,3448.45,0.26,82.45,119.28,3.3,0.46,8.21,NaN,0,1.92,0,NaN,0,0,1,0,0,1,0,6916.67,1166.67,1166.67,0,NaN,0,0,0,NaN,0,NaN,NaN,0,0,0,0,0,3607.39
09/27/2025,09,5GNR,Upstate New York,070,Buffalo,HNRT,0709003,CLARENCE_HOLLOW,3157,18,11.78,410,3479,100,2126,2126,23380.14,9.82,215.44,0.91,1.43,2.27,4,6.61,6.44,20382.61,0,579.84,971.31,15.14,1.79,0.92,NaN,0,0.37,0,NaN,0,0,1,0,0,1,0,7125,625,625,0,NaN,0,0,0,NaN,0,NaN,0,0,0,0,0,0,21962.79
09/27/2025,09,5GNR,Upstate New York,070,Buffalo,HNRT,0709003,CLINTON ST KIRKLAND,2129,215,1.31,5,383,100,356,356,593.43,9.27,10.98,1.65,1.2,0.62,13.65,8.58,10.69,91.24,0,2.08,130.74,2.38,3.51,0.31,NaN,0.1,0.31,NaN,NaN,NaN,0,18,0,0,18,0,3302.99,2156.58,1058.61,1564.52,1.9,0,0,0,NaN,20.46,NaN,11.53,0.07,0.06,0,0,0,949.6
09/27/2025,09,5GNR,Upstate New York,070,Buffalo,HNRT,0709003,CLINTON ST KIRKLAND,2129,216,2.21,4,181,100,156,156,220.75,2.67,15.9,0.51,0.43,0.11,16.01,8.3,11.87,40.26,0,2.41,17.06,0.35,1.35,0,NaN,0,0.64,0,NaN,0,NaN,0,0,NaN,0,0,5537.04,NaN,1633.9,NaN,NaN,0,NaN,0,NaN,NaN,NaN,NaN,0,0,0,0,0,163.21
09/27/2025,09,5GNR,Upstate New York,070,Buffalo,HNRT,0709003,CLINTON ST KIRKLAND,2129,217,0.71,1,141,100,130,130,277.9,3.67,10.06,0.43,0.38,0.2,12.02,8.56,13.13,73.69,0,2.39,37.8,0.58,3.54,0,NaN,0,0.26,0,NaN,0,0,1,0,0,1,0,3000,11200,5600,0,NaN,0,0,0,NaN,0,NaN,0,0,0,0,0,0,295.04
09/27/2025,09,5GNR,Upstate New York,070,Buffalo,HNRT,0709003,CLINTON_ST_KIRKLAND,3129,215,0.83,36,4315,100,3202,3198,16802.19,6.98,241.88,1.19,1.29,1.43,2.28,8.63,13.62,13951.28,0.12,813.69,1228.77,13.54,2.28,0.86,NaN,0,0.38,0,NaN,0,NaN,0,0,NaN,0,0,9039.33,738.1,736.26,4233.64,NaN,0,0,0,NaN,0,NaN,2538.46,0.02,0.03,0,0,0,16239.82
09/27/2025,09,5GNR,Upstate New York,070,Buffalo,HNRT,0709003,CLINTON_ST_KIRKLAND,3129,216,0.6,16,2684,100,1863,1862,8207.78,3.16,186.07,1.81,1.38,0.55,1.93,8.84,16.5,5957.75,0.05,459.64,765.77,4.55,7.72,0.69,NaN,0,0.8,0,NaN,0,0,2,0,0,2,0,9119.81,937.88,1341.06,1240.48,413.91,0,0,0.02,NaN,20.23,NaN,43.32,46.48,0.3,0,0,0,8190.44
09/27/2025,09,5GNR,Upstate New York,070,Buffalo,HNRT,0709003,CLINTON_ST_KIRKLAND,3129,217,0.62,1,162,100,136,136,2103.43,0.68,301.47,0.27,0.22,0.06,0.46,7.93,15.54,1834.81,0,100.27,190.4,1.04,15.08,0,NaN,0,0,0,NaN,0,NaN,0,0,NaN,0,0,NaN,NaN,NaN,NaN,NaN,0,NaN,0,NaN,NaN,NaN,NaN,0,0,0,0,0,2146.4
09/27/2025,09,5GNR,Upstate New York,070,Buffalo,HNRT,0709003,COLLINS_CENTER,3087,275,0.25,1,404,100,269,269,2875.28,0.89,381.1,0.47,0.38,0.09,0.27,7.76,13.6,2645.57,0,87.36,129.35,0.96,1.69,0,NaN,0,1.16,NaN,NaN,NaN,NaN,0,0,NaN,0,0,NaN,NaN,NaN,NaN,NaN,0,NaN,0,NaN,NaN,NaN,NaN,0,0,0,0,0,2838.79
09/27/2025,09,5GNR,Upstate New York,070,Buffalo,HNRT,0709003,COLLINS_CENTER,3087,276,0,0,88,100,53,53,6496.86,1.61,305.21,0.07,0.07,0.07,0.12,7.64,13.89,6418.21,0,114.36,150.61,0.58,5.45,0,NaN,0,0,NaN,NaN,NaN,NaN,0,0,NaN,0,0,NaN,NaN,NaN,NaN,NaN,0,NaN,0,NaN,NaN,NaN,NaN,0,0,0,0,0,6423.96
09/27/2025,09,5GNR,Upstate New York,070,Buffalo,HNRT,0709003,COLLINS_CENTER,3087,277,0.85,7,824,100,672,671,10561.01,3.43,279.89,1.35,0.97,0.18,0.19,7.57,10.02,10287.33,0.15,345.88,489.3,4.47,3.75,0,NaN,0,0,0,NaN,0,NaN,0,0,NaN,0,0,NaN,NaN,NaN,NaN,NaN,0,NaN,0,NaN,NaN,NaN,NaN,0,0,0,0,0,10450
09/27/2025,09,5GNR,Upstate New York,070,Buffalo,HNRT,0709003,CROSSPOINT,3247,189,0.65,5,774,100,622,622,2784.96,0.92,345.32,0.68,0.64,0.53,0.6,9.05,15.15,2159.12,0,212.31,520.56,2.52,7.63,0.04,NaN,0,0.09,0,NaN,0,0,5,0,0,5,0,7644.58,659.42,652.61,1206.28,0,0,0,0,NaN,8.03,NaN,0,0.15,0.07,0,0,0,2748.61
09/27/2025,09,5GNR,Upstate New York,070,Buffalo,HNRT,0709003,CROSSPOINT,3247,190,1.16,7,603,100,267,267,1767.8,0.72,256.47,0.29,0.31,0.4,1.4,8.57,16.05,1668.97,0,91.97,176.1,0.96,3.82,0,NaN,0,1.01,NaN,NaN,NaN,NaN,0,0,NaN,0,0,NaN,NaN,NaN,NaN,NaN,0,NaN,0,NaN,NaN,NaN,NaN,0,0,0,0,0,1751.24
09/27/2025,09,5GNR,Upstate New York,070,Buffalo,HNRT,0709003,CROSSPOINT,3247,191,0.34,1,292,100,126,126,3731.11,1.05,661.08,0.3,0.32,0.37,0.85,7.97,12.56,2242.36,0,67.18,128.31,0.99,2.64,0.19,NaN,0,0.37,0,NaN,0,0,1,0,0,1,0,6510.81,636.59,635.14,1301.55,50.79,0,0,0,NaN,75.68,NaN,92.31,0.21,0.23,0,0,0,3698.93
09/27/2025,09,5GNR,Upstate New York,070,Buffalo,HNRT,0709003,CRYSTAL_SPRINGS_LANE,2547,48,0.36,2,559,100,329,327,2230.71,16.86,18.61,0.61,0.6,0.58,0.92,8.27,12.28,1876.37,0.61,3.08,61.58,0.96,2.89,0.27,NaN,0,0.36,0,NaN,0,NaN,0,0,NaN,0,0,NaN,NaN,NaN,NaN,NaN,0,NaN,0,NaN,NaN,NaN,NaN,0,0,0,0,0,2577.22
09/27/2025,09,5GNR,Upstate New York,070,Buffalo,HNRT,0709003,CRYSTAL_SPRINGS_LANE,2547,49,0.59,9,1524,100,965,962,1399.84,18.1,19.44,2.34,1.9,1.28,10.08,7.65,9.98,912.85,0.31,8.4,147.16,3.43,1.22,3.17,NaN,0,0.45,0,NaN,0,0,1,0,0,1,0,3000,26333.33,13166.67,0,NaN,0,0,0,NaN,0,NaN,0,0,0,0,0,0,2448.95
09/27/2025,09,5GNR,Upstate New York,070,Buffalo,HNRT,0709003,CRYSTAL_SPRINGS_LANE,2547,50,0.35,7,1979,100,1340,1340,1416.34,15.49,24.28,2.4,1.93,1.22,3.53,8.47,10.41,976.84,0,5.47,152.42,3.17,1.86,6.86,NaN,0,0.62,0,NaN,0,NaN,0,0,NaN,0,0,NaN,3000,1500,0,NaN,0,0,0,NaN,0,NaN,NaN,0,0,0,0,0,2165.46
09/27/2025,09,5GNR,Upstate New York,070,Buffalo,HNRT,0709003,CRYSTAL_SPRINGS_LANE,3547,48,0.42,3,717,100,330,330,7739,3.73,273.69,0.73,0.58,0.17,0.17,7.78,11.54,7059.83,0,108.38,168.8,0.98,1.01,1.54,NaN,0,0.6,NaN,NaN,NaN,0,1,0,0,1,0,6833.33,1000,1000,0,NaN,0,0,0,NaN,0,NaN,0,0,0,0,0,0,7343.18
09/27/2025,09,5GNR,Upstate New York,070,Buffalo,HNRT,0709003,CRYSTAL_SPRINGS_LANE,3547,49,4.72,115,2434,100,1371,1370,7003.56,3.97,238.6,1.1,0.88,0.51,0.94,7.45,9.45,5869.9,0.07,174.47,317.66,4.07,0.66,1.52,NaN,0,0,0,NaN,0,NaN,0,0,NaN,0,0,10250,1000,1000,0,NaN,0,0,0,NaN,0,NaN,NaN,0,0,0,0,0,5955.88
09/27/2025,09,5GNR,Upstate New York,070,Buffalo,HNRT,0709003,CRYSTAL_SPRINGS_LANE,3547,50,9.1,173,1902,100,812,812,11751.49,5.95,179.44,0.77,1.04,1.51,2.56,7.02,5.55,10636,0,193.13,282.84,5.91,0.62,6.22,NaN,0,0,0,NaN,0,NaN,0,0,NaN,0,0,7000,NaN,3500,NaN,NaN,0,NaN,0,NaN,NaN,NaN,NaN,0,0,0,0,0,11178.85
09/27/2025,09,5GNR,Upstate New York,070,Buffalo,HNRT,0709003,DANN_RD_AND_TRANSIT,2126,51,1.15,3,262,100,148,148,598.09,7.13,11.67,0.75,0.62,0.27,4.73,8.74,13.95,196.46,0,6.1,73.19,1.02,4.17,0,NaN,0,0.64,0,NaN,0,NaN,0,0,NaN,0,0,NaN,NaN,NaN,NaN,NaN,0,NaN,0,NaN,NaN,NaN,NaN,0,0,0,0,0,586.21
09/27/2025,09,5GNR,Upstate New York,070,Buffalo,HNRT,0709003,DANN_RD_AND_TRANSIT,2126,52,1.24,3,241,100,91,91,566.82,5.86,13.87,0.16,0.15,0.09,1.84,8.69,13.28,169.33,0,0.24,31.63,0.41,4.06,0,NaN,0,0,0,NaN,0,NaN,0,0,NaN,0,0,NaN,NaN,NaN,NaN,NaN,0,NaN,0,NaN,NaN,NaN,NaN,0,0,0,0,0,562.34
09/27/2025,09,5GNR,Upstate New York,070,Buffalo,HNRT,0709003,DANN_RD_AND_TRANSIT,2126,53,0.66,7,1067,100,558,558,1303.75,18.2,10.55,3.03,2.39,1.44,4.6,8.32,10.38,487.41,0,1.94,153.36,3.16,1.48,0.45,NaN,0.03,0.3,0,NaN,0,0,2,0,0,2,0,3613.4,4280.7,3458,2778.18,4.26,0,0,0,NaN,1037.34,NaN,476.01,0.1,0.1,0,0,0,1277.3
09/27/2025,09,5GNR,Upstate New York,070,Buffalo,HNRT,0709003,DANN_RD_AND_TRANSIT,3126,51,0.64,8,1252,100,631,631,4271.5,1.91,219.06,0.69,0.71,0.76,1.04,7.65,15.6,3828.07,0,227,321.37,2.14,1.61,0.2,NaN,0,0,0,NaN,0,NaN,0,0,NaN,0,0,13600,2000,3000,1000,NaN,0,0,0,NaN,NaN,NaN,NaN,0,0,0,0,0,4219.99
09/27/2025,09,5GNR,Upstate New York,070,Buffalo,HNRT,0709003,DANN_RD_AND_TRANSIT,3126,52,0.23,1,438,100,218,218,1024.54,0.74,129.91,0.32,0.35,0.46,0.42,7.65,10.82,976.94,0,27.34,41.13,0.32,0.5,0,NaN,0,0,NaN,NaN,NaN,NaN,0,0,NaN,0,0,NaN,NaN,NaN,NaN,NaN,0,NaN,0,NaN,NaN,NaN,NaN,0,0,0,0,0,1007.86
09/27/2025,09,5GNR,Upstate New York,070,Buffalo,HNRT,0709003,DANN_RD_AND_TRANSIT,3126,53,4.32,119,2754,100,1268,1268,15562.07,8.26,167.28,0.99,2.03,3.82,5.91,7.27,14.51,14480.23,0,180.65,328.27,4.15,0.62,3.25,NaN,0,0.26,0,NaN,0,0,1,0,0,1,0,12535.71,1055.56,1055.56,63000,NaN,0,0,0,NaN,0,NaN,0,0,0,0,0,0,15536.92
09/27/2025,09,5GNR,Upstate New York,070,Buffalo,HNRT,0709003,DAVIS_ROAD,2545,22,11.97,54,451,100,280,278,584.71,4.01,24.44,0.24,0.28,0.38,3.34,8.41,10.07,351.71,0.71,1.51,29.45,0.74,1.4,0,NaN,0,0.35,0,NaN,0,NaN,0,0,NaN,0,0,NaN,NaN,NaN,NaN,NaN,0,NaN,0,NaN,NaN,NaN,NaN,0,0,0,0,0,651.49
09/27/2025,09,5GNR,Upstate New York,070,Buffalo,HNRT,0709003,DAVIS_ROAD,2545,23,2.44,1,41,100,30,30,110.16,0.53,10.75,0.04,0.03,0,0.76,9.62,15.61,2.73,0,0.61,12.07,0.13,7.37,0,NaN,0,0,NaN,NaN,NaN,NaN,0,0,NaN,0,0,NaN,NaN,NaN,NaN,NaN,0,NaN,0,NaN,NaN,NaN,NaN,0,0,0,0,0,128.65
09/27/2025,09,5GNR,Upstate New York,070,Buffalo,HNRT,0709003,DAVIS_ROAD,2545,24,2.02,2,99,100,56,56,280.6,5.7,18.13,0.92,0.68,0.11,7.67,7.72,8.19,539.67,0,0.07,22.52,0.45,0.74,1.09,NaN,0,0,NaN,NaN,NaN,NaN,0,0,NaN,0,0,NaN,NaN,NaN,NaN,NaN,0,NaN,0,NaN,NaN,NaN,NaN,0,0,0,0,0,676.52
09/27/2025,09,5GNR,Upstate New York,070,Buffalo,HNRT,0709003,DAVIS_ROAD,3545,22,1.47,6,407,100,221,221,3028.86,1.52,317.55,0.09,0.09,0.09,0.23,8,12.07,2929.08,0,12.06,21.63,0.25,0.52,0,NaN,0,14.29,NaN,NaN,NaN,NaN,0,0,NaN,0,0,NaN,NaN,NaN,NaN,NaN,0,NaN,0,NaN,NaN,NaN,NaN,0,0,0,0,0,2937.8
09/27/2025,09,5GNR,Upstate New York,070,Buffalo,HNRT,0709003,DAVIS_ROAD,3545,23,0,0,312,100,251,251,327.64,0.13,152.09,0.05,0.05,0.09,0.23,8.28,16.35,236.68,0,25.95,46.51,0.28,1.86,0,NaN,0,0,NaN,NaN,NaN,NaN,0,0,NaN,0,0,NaN,NaN,NaN,NaN,NaN,0,NaN,0,NaN,NaN,NaN,NaN,0,0,0,0,0,302.2
09/27/2025,09,5GNR,Upstate New York,070,Buffalo,HNRT,0709003,DAVIS_ROAD,3545,24,0,0,290,100,172,172,752.67,0.46,143.75,0.04,0.05,0.06,0.13,8.43,11.92,364.11,0,13.49,18.28,0.18,0.73,0,NaN,0,0,NaN,NaN,NaN,NaN,0,0,NaN,0,0,NaN,NaN,NaN,NaN,NaN,0,NaN,0,NaN,NaN,NaN,NaN,0,0,0,0,0,364.25
09/27/2025,09,5GNR,Upstate New York,070,Buffalo,HNRT,0709003,DONNINGTON,2363,224,3.47,7,202,100,87,87,96.83,1.91,6.9,0.64,0.6,0.39,21.99,8.78,14.63,35.92,0,3.12,19.31,0.31,3.68,1.65,NaN,0,1.23,0,NaN,0,NaN,0,0,NaN,0,0,NaN,NaN,NaN,NaN,NaN,0,NaN,0,NaN,NaN,NaN,NaN,0,0,0,0,0,95.47
09/27/2025,09,5GNR,Upstate New York,070,Buffalo,HNRT,0709003,DONNINGTON,2363,225,0,0,75,100,29,29,60.53,1.42,6.2,0.59,0.53,0.13,8.14,8.61,20.46,8.06,0,0.28,59.64,0.4,17.81,0.91,NaN,0,1.41,NaN,NaN,NaN,NaN,0,0,NaN,0,0,NaN,NaN,NaN,NaN,NaN,0,NaN,0,NaN,NaN,NaN,NaN,0,0,0,0,0,62.1
09/27/2025,09,5GNR,Upstate New York,070,Buffalo,HNRT,0709003,DONNINGTON,2363,226,2.7,4,148,100,145,145,43.88,0.76,11.71,0.15,0.14,0.06,12.39,8.62,11.4,39.4,0,0.45,4.48,0.12,0.6,2.16,NaN,0,0,NaN,NaN,NaN,NaN,0,0,NaN,0,0,NaN,NaN,NaN,NaN,NaN,0,NaN,0,NaN,NaN,NaN,NaN,0,0,0,0,0,43.14
09/27/2025,09,5GNR,Upstate New York,070,Buffalo,HNRT,0709003,DONNINGTON,3363,224,6.98,3,43,100,7,7,289.77,0.12,32.28,0.01,0.01,0.05,0.15,7.62,17.47,12.04,0,0.37,21.4,0.07,6.89,0,NaN,NaN,NaN,NaN,NaN,NaN,NaN,0,0,NaN,0,0,NaN,NaN,NaN,NaN,NaN,0,NaN,0,NaN,NaN,NaN,NaN,0,0,0,0,0,287.43
09/27/2025,09,5GNR,Upstate New York,070,Buffalo,HNRT,0709003,DONNINGTON,3363,225,1.21,4,330,100,166,166,1483.09,0.49,313.34,0.2,0.15,0.03,0.2,7.79,11.82,1447.85,0,202.82,235.6,1.81,2.36,0,NaN,0,0,NaN,NaN,NaN,NaN,0,0,NaN,0,0,NaN,NaN,NaN,NaN,NaN,0,NaN,0,NaN,NaN,NaN,NaN,0,0,0,0,0,1459.33
09/27/2025,09,5GNR,Upstate New York,070,Buffalo,HNRT,0709003,DONNINGTON,3363,226,0,0,152,100,81,81,91.87,0.03,469.11,0.02,0.03,0.3,0.28,8.73,17.48,88.51,0,6.95,11.31,0.06,5.09,0,NaN,0,0,NaN,NaN,NaN,NaN,0,0,NaN,0,0,NaN,NaN,NaN,NaN,NaN,0,NaN,0,NaN,NaN,NaN,NaN,0,0,0,0,0,90.1
09/27/2025,09,5GNR,Upstate New York,070,Buffalo,HNRT,0709003,DUNKIRK AIRPORT,3366,194,0.93,3,323,100,242,242,7831.52,2.47,405.87,1.06,0.75,0.08,1.31,7.68,13.24,5983.46,0,277.7,418.66,3.41,3.23,3.23,NaN,0,0.88,0,NaN,0,0,1,0,0,1,0,8416.17,892.86,742.51,1063.16,NaN,0,0,0,NaN,0,NaN,0,0.14,0.02,0,0,0,7872.13
09/27/2025,09,5GNR,Upstate New York,070,Buffalo,HNRT,0709003,DUNKIRK AIRPORT,3366,195,4.97,15,302,100,178,178,1944.93,0.93,201.54,0.32,0.25,0.06,1.57,7.87,15.59,1724.53,0,603.18,698.74,2.37,12.32,0,NaN,0,0,0,NaN,0,NaN,0,0,NaN,0,0,NaN,NaN,NaN,NaN,NaN,0,NaN,0,NaN,NaN,NaN,NaN,0,0,0,0,0,1947.82
09/27/2025,09,5GNR,Upstate New York,070,Buffalo,HNRT,0709003,DUNKIRK AIRPORT,3366,196,20.58,777,3776,100,1452,1452,21327.71,15.97,52.46,2.71,5.15,9.76,21.17,4.99,5.24,16169.51,0,161.25,649.08,15.15,0.72,1.99,NaN,0,2.86,0,NaN,0,0,4,0,0,4,0,7770.95,688.6,711.25,1654.25,102.23,0,0,0,NaN,3.18,NaN,1846.69,3.33,0.44,0,0,0,21789.01
09/27/2025,09,5GNR,Upstate New York,070,Buffalo,HNRT,0709003,DUNKIRK HARBOR,3209,355,1.58,77,4886,100,2591,2590,65759.64,25.13,153.97,1.75,1.72,1.65,1.94,7.53,12.97,46879.53,0.04,1584.26,2834.4,23.51,1.89,0.84,NaN,0,0.15,0,NaN,0,0,16,0,0,16,0,8842.07,817.54,1025.27,918.31,249.77,0,0,0.04,NaN,52.11,NaN,88.34,150.47,2.3,0,0,0,66018.88
09/27/2025,09,5GNR,Upstate New York,070,Buffalo,HNRT,0709003,DUNKIRK HARBOR,3209,356,1.16,33,2835,100,1531,1529,22821.14,12.97,150.97,1.25,1.21,1.13,3.26,7.59,12.87,22140.84,0.13,772.52,1142.02,9.33,1.4,1.47,NaN,0,0.16,0,NaN,0,0,2,0,0,2,0,7833.33,19437.5,17333.33,0,NaN,0,0,0,NaN,0,NaN,0,0,0,0,0,0,23102.42
09/27/2025,09,5GNR,Upstate New York,070,Buffalo,HNRT,0709003,DUNKIRK HARBOR,3209,357,21.53,776,3604,100,2524,2524,34620.17,17.87,99.03,3.11,6.13,11,12.04,5.99,6.41,31758.88,0,1466.92,2236,39.98,1.15,2.04,NaN,0.06,3.64,0,NaN,0,0,3,0,0,3,0,8420.95,714.86,724.6,6302.61,27.14,0,0,0,NaN,0,NaN,360.01,1.52,1.72,0,0,0,34747.01
09/27/2025,09,5GNR,Upstate New York,070,Buffalo,HNRT,0709003,DYSINGER,3271,445,1.4,8,571,100,422,422,6432.45,3.2,144.86,2.81,1.9,0.34,0.54,7.2,10.77,6256.54,0,226.13,290.04,3.23,1.27,0,NaN,0,0,0,NaN,0,NaN,0,0,NaN,0,0,NaN,NaN,NaN,NaN,NaN,0,NaN,0,NaN,NaN,NaN,NaN,0,0,0,0,0,6383.54
09/27/2025,09,5GNR,Upstate New York,070,Buffalo,HNRT,0709003,DYSINGER,3271,446,8.73,20,229,100,194,194,1060.13,0.48,237.22,0.32,0.24,0.07,0.3,7.85,11.5,1028.67,0,54.2,74.48,0.67,0.99,0,NaN,0,0,NaN,NaN,NaN,NaN,0,0,NaN,0,0,NaN,NaN,NaN,NaN,NaN,0,NaN,0,NaN,NaN,NaN,NaN,0,0,0,0,0,1041.12
09/27/2025,09,5GNR,Upstate New York,070,Buffalo,HNRT,0709003,DYSINGER,3271,447,5.18,10,193,100,133,133,2653.56,1.31,197.77,0.15,0.14,0.08,3.08,5.58,7.2,2630.61,0,12.36,21.68,0.39,0.42,0,NaN,0,0,0,NaN,0,NaN,0,0,NaN,0,0,NaN,NaN,NaN,NaN,NaN,0,NaN,0,NaN,NaN,NaN,NaN,0,0,0,0,0,2630.84
09/27/2025,09,5GNR,Upstate New York,070,Buffalo,HNRT,0709003,EAST_AURORA,3335,75,1.26,27,2150,100,957,956,25901.12,10.1,235.97,2.52,1.85,0.55,0.62,7.02,14.31,25616.46,0.1,1057.81,1818.24,9.52,1.14,4.32,NaN,0,0.49,NaN,NaN,NaN,NaN,0,0,NaN,0,0,NaN,NaN,NaN,NaN,NaN,0,NaN,0,NaN,NaN,NaN,NaN,0,0,0,0,0,25677.76
09/27/2025,09,5GNR,Upstate New York,070,Buffalo,HNRT,0709003,EAST_AURORA,3335,76,1.92,28,1461,100,1075,1074,11418.71,5.09,245.27,1.24,0.94,0.28,0.43,7.94,11.94,11225.22,0.09,273.36,353.17,2.7,1.35,0,NaN,0,0.26,0,NaN,0,NaN,0,0,NaN,0,0,NaN,NaN,NaN,NaN,NaN,0,NaN,0,NaN,NaN,NaN,NaN,0,0,0,0,0,11309.64
09/27/2025,09,5GNR,Upstate New York,070,Buffalo,HNRT,0709003,EAST_AURORA,3335,77,3.23,22,681,100,424,423,4769.69,2.01,208.26,0.32,0.29,0.2,0.51,7.83,12.97,4334.93,0.24,89.5,209.75,1.76,1.3,0.4,NaN,0,0.22,0,NaN,0,NaN,0,0,NaN,0,0,NaN,NaN,NaN,NaN,NaN,0,NaN,0,NaN,NaN,NaN,NaN,0,0,0,0,0,4722.92
09/27/2025,09,5GNR,Upstate New York,070,Buffalo,HNRT,0709003,EAST_AURORA_VILLAGE,3306,69,0.59,6,1014,100,778,778,25353.58,6.03,315.1,2.74,1.77,0.19,0.42,7.96,17.05,20879.7,0,1288.73,2307.92,8.6,9,0.03,NaN,0,0.21,0,NaN,0,0,7,0,0,7,0,6982.14,750,750,0,NaN,0,0,0,NaN,0,NaN,0,0,0,0,0,0,25076.21
09/27/2025,09,5GNR,Upstate New York,070,Buffalo,HNRT,0709003,EAST_AURORA_VILLAGE,3306,70,0.18,6,3350,100,2569,2569,38215.5,30.14,66.47,1.36,1.56,2.03,0.45,7.86,15.13,25879.36,0,2122.28,6926.82,31.52,4.27,0,NaN,0,0.11,0,NaN,0,0,1,0,0,1,0,7600,40000,40000,0,NaN,0,0,0,NaN,0,NaN,0,0,0,0,0,0,38190.34
09/27/2025,09,5GNR,Upstate New York,070,Buffalo,HNRT,0709003,EAST_AURORA_VILLAGE,3306,71,1.03,51,4941,100,3610,3607,29020.93,11.36,191.73,0.71,0.87,1.14,0.42,7.96,13.23,26016.92,0.08,965.6,1706.43,11.83,1.77,0.09,NaN,0,0.23,0,NaN,0,0,2,0,0,2,0,8121.21,735.29,689.39,1081.08,NaN,0,0,0,NaN,0,NaN,27.78,0.02,0.02,0,0,0,29047.61
09/27/2025,09,5GNR,Upstate New York,070,Buffalo,HNRT,0709003,EAST_CONCORD,3540,343,1.89,10,530,100,223,223,6061.43,2.57,235.01,0.96,0.75,0.23,2.08,7.94,14.22,5935.11,0,306.08,394.69,1.95,2.74,0,NaN,0,0,0,NaN,0,NaN,0,0,NaN,0,0,NaN,NaN,NaN,NaN,NaN,0,NaN,0,NaN,NaN,NaN,NaN,0,0,0,0,0,6035.9
09/27/2025,09,5GNR,Upstate New York,070,Buffalo,HNRT,0709003,EAST_CONCORD,3540,344,0,0,143,100,58,58,25018.38,7.48,608.6,3.45,2.7,0.03,0.21,7.31,15.32,26738.28,0,530.75,637.54,1.95,28.63,15.38,NaN,0,0,NaN,NaN,NaN,NaN,0,0,NaN,0,0,NaN,NaN,NaN,NaN,NaN,0,NaN,0,NaN,NaN,NaN,NaN,0,0,0,0,0,26743.07
09/27/2025,09,5GNR,Upstate New York,070,Buffalo,HNRT,0709003,EAST_CONCORD,3540,345,0.47,3,639,100,368,368,8553.7,2.71,195.92,1.06,0.8,0.11,2.14,7.74,14.95,8519.08,0,403.23,501.39,2.19,8.39,0.4,NaN,0,0,0,NaN,0,NaN,0,0,NaN,0,0,NaN,NaN,NaN,NaN,NaN,0,NaN,0,NaN,NaN,NaN,NaN,0,0,0,0,0,8560.45
09/27/2025,09,5GNR,Upstate New York,070,Buffalo,HNRT,0709003,EAST_EDEN,3589,133,0.51,3,593,100,505,505,10138.73,3.8,330.05,1.05,0.78,0.04,0.68,7.01,10.89,7025.96,0,150.34,231.01,1.94,3.02,0,NaN,0,0,0,NaN,0,NaN,0,0,NaN,0,0,NaN,NaN,NaN,NaN,NaN,0,NaN,0,NaN,NaN,NaN,NaN,0,0,0,0,0,10585.81
09/27/2025,09,5GNR,Upstate New York,070,Buffalo,HNRT,0709003,EAST_EDEN,3589,134,0.44,2,457,100,335,335,2503.22,1.19,332.81,0.68,0.52,0.04,0.15,7.68,16.08,2810.64,0,105.9,241.35,0.69,5.52,1.33,NaN,0,0,0,NaN,0,NaN,0,0,NaN,0,0,NaN,NaN,NaN,NaN,NaN,0,NaN,0,NaN,NaN,NaN,NaN,0,0,0,0,0,2923.61
09/27/2025,09,5GNR,Upstate New York,070,Buffalo,HNRT,0709003,EAST_EDEN,3589,135,0.83,2,242,100,161,161,4106.11,1.08,273.28,2.95,2.14,0.04,0.42,7.51,13.79,1725.74,0,112.24,349.7,1.96,8.91,0.93,NaN,0,0,NaN,NaN,NaN,NaN,0,0,NaN,0,0,NaN,NaN,NaN,NaN,NaN,0,NaN,0,NaN,NaN,NaN,NaN,0,0,0,0,0,4102.67
09/27/2025,09,5GNR,Upstate New York,070,Buffalo,HNRT,0709003,EAST_ELMA,3109,221,1.01,1,99,100,36,36,172.04,0.07,239.74,0.06,0.07,0.17,2.09,8.09,17.43,165.84,0,9.26,18.38,0.13,1.59,0,NaN,0,0,NaN,NaN,NaN,NaN,0,0,NaN,0,0,NaN,NaN,NaN,NaN,NaN,0,NaN,0,NaN,NaN,NaN,NaN,0,0,0,0,0,169.75
09/27/2025,09,5GNR,Upstate New York,070,Buffalo,HNRT,0709003,EAST_ELMA,3109,222,1.94,4,206,100,70,70,223.59,0.11,143.85,0.02,0.02,0.08,1.64,8.63,16.88,217.8,0,58.49,70.6,0.3,8.48,9.52,NaN,0,0,NaN,NaN,NaN,NaN,0,0,NaN,0,0,NaN,NaN,NaN,NaN,NaN,0,NaN,0,NaN,NaN,NaN,NaN,0,0,0,0,0,229.93
09/27/2025,09,5GNR,Upstate New York,070,Buffalo,HNRT,0709003,EAST_ELMA,3109,223,5.74,49,854,100,596,596,16937.62,7.94,188.17,1.63,1.15,0.14,0.48,7.45,9.59,16388.49,0,303.3,900.65,6.75,1.69,0,NaN,0,0,0,NaN,0,NaN,0,0,NaN,0,0,NaN,NaN,NaN,NaN,NaN,0,NaN,0,NaN,NaN,NaN,NaN,0,0,0,0,0,16738.07
09/27/2025,09,5GNR,Upstate New York,070,Buffalo,HNRT,0709003,EDEN,3093,10,0.58,12,2077,100,1649,1649,40971.69,13.49,270.89,2.46,1.66,0.22,0.25,7.61,16.63,36925.69,0,961.08,1622.09,10.21,2.15,0.13,NaN,0,0.17,0,NaN,0,0,2,0,0,2,0,10636.2,669.23,1933.02,2067.34,92.21,0,0,0,NaN,88.12,NaN,14.71,1.44,0.26,0,0,0,41140.03
09/27/2025,09,5GNR,Upstate New York,070,Buffalo,HNRT,0709003,EDEN,3093,11,0.39,5,1273,100,914,912,39679.22,11.68,271.6,1.69,1.18,0.18,0.38,7.39,13.35,36857.09,0.22,813.63,1267.51,17.41,3.39,0.1,NaN,0,0.22,0,NaN,0,NaN,0,0,NaN,0,0,NaN,NaN,NaN,NaN,NaN,0,NaN,0,NaN,NaN,NaN,NaN,0,0,0,0,0,40337.84
09/27/2025,09,5GNR,Upstate New York,070,Buffalo,HNRT,0709003,EDEN,3093,12,7.91,48,607,100,350,350,20715.53,6.94,254.87,2,1.51,0.56,4.52,6.48,8.9,17998.08,0,202.75,374.38,6.54,1.21,1.44,NaN,0,1.65,0,NaN,0,NaN,0,0,NaN,0,0,NaN,NaN,NaN,NaN,NaN,0,NaN,0,NaN,NaN,NaN,NaN,0,0,0,0,0,21273.11
09/27/2025,09,5GNR,Upstate New York,070,Buffalo,HNRT,0709003,ELLICOTT,3231,171,0.94,33,3502,100,1681,1678,30935.05,17.32,140.53,1.31,1.34,1.42,0.59,7.57,15.28,23953.67,0.18,1167.09,2041.09,9.28,1.71,0,NaN,0,0.26,0,NaN,0,NaN,0,0,NaN,0,0,NaN,NaN,NaN,NaN,NaN,0,NaN,0,NaN,NaN,NaN,NaN,0,0,0,0,0,30698.4
09/27/2025,09,5GNR,Upstate New York,070,Buffalo,HNRT,0709003,ELLICOTT,3231,172,1.23,20,1622,100,827,827,4665.18,2.99,158.84,0.98,0.69,0.17,1.18,7.95,15.52,4268.76,0,392.94,509.2,2.8,2.18,1.86,NaN,0,0,0,NaN,0,NaN,0,0,NaN,0,0,NaN,NaN,NaN,NaN,NaN,0,NaN,0,NaN,NaN,NaN,NaN,0,0,0,0,0,4677.13
09/27/2025,09,5GNR,Upstate New York,070,Buffalo,HNRT,0709003,ELLICOTT,3231,173,0.74,19,2565,100,1147,1147,19993.06,11.09,165,1.39,1.14,0.63,0.7,7.69,15.13,19372.09,0,412.71,665.12,3.87,1.52,0,NaN,0,0.45,0,NaN,0,NaN,0,0,NaN,0,0,NaN,NaN,NaN,NaN,NaN,0,NaN,0,NaN,NaN,NaN,NaN,0,0,0,0,0,20089.3
09/27/2025,09,5GNR,Upstate New York,070,Buffalo,HNRT,0709003,EMERLING,3400,475,1.16,22,1902,100,1500,1500,9588.11,4.11,311.05,0.79,0.6,0.3,0.72,7.79,11.6,9356.67,0,260.85,334.16,2.88,0.94,7.56,NaN,0,0,NaN,NaN,NaN,NaN,0,0,NaN,0,0,NaN,NaN,NaN,NaN,NaN,0,NaN,0,NaN,NaN,NaN,NaN,0,0,0,0,0,9478.84
09/27/2025,09,5GNR,Upstate New York,070,Buffalo,HNRT,0709003,EMERLING,3400,476,11.31,106,937,100,628,625,3858.1,1.98,195.57,0.47,0.49,0.53,0.85,7.5,10.62,3821.91,0.48,142.34,178.75,1.49,0.76,8.33,NaN,0,3.45,NaN,NaN,NaN,NaN,0,0,NaN,0,0,NaN,NaN,NaN,NaN,NaN,0,NaN,0,NaN,NaN,NaN,NaN,0,0,0,0,0,3824.92
09/27/2025,09,5GNR,Upstate New York,070,Buffalo,HNRT,0709003,EMERLING,3400,477,2.67,7,262,100,204,204,2256.42,1.08,204.81,0.85,0.64,0.11,0.3,7.85,12.2,2238.89,0,184.92,233.7,1.5,1.8,0,NaN,0,0,NaN,NaN,NaN,NaN,0,0,NaN,0,0,NaN,NaN,NaN,NaN,NaN,0,NaN,0,NaN,NaN,NaN,NaN,0,0,0,0,0,2241.1
09/27/2025,09,5GNR,Upstate New York,070,Buffalo,HNRT,0709003,ERIE_COUNTY_FAIRGROUNDS,2546,123,0,0,1,100,0,0,0.13,0.03,NaN,0.01,0.01,0,NaN,7.1,8.08,0,NaN,0,0.17,0.01,0.17,0,NaN,0,0,NaN,NaN,NaN,NaN,0,0,NaN,0,0,NaN,NaN,NaN,NaN,NaN,0,NaN,0,NaN,NaN,NaN,NaN,0,0,0,0,0,0.04
09/27/2025,09,5GNR,Upstate New York,070,Buffalo,HNRT,0709003,ERIE_COUNTY_FAIRGROUNDS,2546,124,1.75,1,57,100,49,49,6.36,0.42,1.9,0.41,0.37,0.07,NaN,8.11,10.34,3.47,0,0.12,4.53,0.12,1.01,0,100,0,0,0,NaN,0,NaN,0,0,NaN,0,0,NaN,NaN,NaN,NaN,NaN,0,NaN,0,NaN,NaN,NaN,NaN,0,0,0,0,0,5.9
09/27/2025,09,5GNR,Upstate New York,070,Buffalo,HNRT,0709003,ERIE_COUNTY_FAIRGROUNDS,2546,125,11.25,9,80,100,56,56,16.93,0.64,1.15,0.44,0.38,0.1,NaN,7.45,9.21,3,0,0.12,8.56,0.24,0.79,1.1,NaN,0,0.74,0,NaN,0,NaN,0,0,NaN,0,0,NaN,NaN,NaN,NaN,NaN,0,NaN,0,NaN,NaN,NaN,NaN,0,0,0,0,0,17.24
09/27/2025,09,5GNR,Upstate New York,070,Buffalo,HNRT,0709003,ERIE_COUNTY_FAIRGROUNDS,2546,126,15.48,13,84,100,59,59,3.46,0.31,2.35,0.27,0.25,0.01,NaN,7.48,8.03,3.09,0,0.07,1.8,0.07,0.23,1.06,100,0,0,NaN,NaN,NaN,NaN,0,0,NaN,0,0,NaN,NaN,NaN,NaN,NaN,0,NaN,0,NaN,NaN,NaN,NaN,0,0,0,0,0,3.57
09/27/2025,09,5GNR,Upstate New York,070,Buffalo,HNRT,0709003,ERIE_COUNTY_FAIRGROUNDS,3546,123,0.63,3,479,100,304,303,4085.23,1.14,497.74,0.22,0.21,0.19,1.06,8.27,16.44,3222.5,0.33,72.89,133.89,0.7,1.65,0.78,NaN,0,0.29,0,NaN,0,NaN,0,0,NaN,0,0,NaN,NaN,NaN,NaN,NaN,0,NaN,0,NaN,NaN,NaN,NaN,0,0,0,0,0,4025.62
09/27/2025,09,5GNR,Upstate New York,070,Buffalo,HNRT,0709003,ERIE_COUNTY_FAIRGROUNDS,3546,124,2.16,9,416,100,188,188,1363.37,0.52,254.84,0.12,0.15,0.27,0.75,8.83,14.88,866.79,0,70.84,126.33,0.79,3.16,0.47,100,0,1.11,0,NaN,0,NaN,0,0,NaN,0,0,5788.46,650,634.62,1592.59,NaN,0,0,0,NaN,0,NaN,0,0.01,0,0,0,0,1347.12
09/27/2025,09,5GNR,Upstate New York,070,Buffalo,HNRT,0709003,ERIE_COUNTY_FAIRGROUNDS,3546,125,1.33,7,527,100,235,235,2568.7,0.97,184.33,0.45,0.42,0.35,1.02,8.47,14.82,1478.82,0,188.01,354.24,1.95,6,0.86,100,0,0.59,0,NaN,0,NaN,0,0,NaN,0,0,8500,1166.67,1166.67,0,NaN,0,0,0,NaN,0,NaN,NaN,0,0,0,0,0,2542.36
09/27/2025,09,5GNR,Upstate New York,070,Buffalo,HNRT,0709003,ERIE_COUNTY_FAIRGROUNDS_2,2565,127,17.65,6,34,100,24,24,14.03,0.47,3.98,0.18,0.16,0.02,NaN,6.69,8.11,2.25,0,0.02,2.54,0.14,0.32,5.94,NaN,0,0,0,NaN,0,NaN,0,0,NaN,0,0,NaN,NaN,NaN,NaN,NaN,0,NaN,0,NaN,NaN,NaN,NaN,0,0,0,0,0,13.62
09/27/2025,09,5GNR,Upstate New York,070,Buffalo,HNRT,0709003,ERIE_COUNTY_FAIRGROUNDS_2,2565,128,0,0,126,100,50,50,28.31,0.74,10.01,0.31,0.27,0.03,NaN,7.86,9.69,7.58,0,0.18,6.72,0.15,0.87,0.85,NaN,0,0.32,0,NaN,0,NaN,0,0,NaN,0,0,NaN,NaN,NaN,NaN,NaN,0,NaN,0,NaN,NaN,NaN,NaN,0,0,0,0,0,27.42
09/27/2025,09,5GNR,Upstate New York,070,Buffalo,HNRT,0709003,ERIE_COUNTY_FAIRGROUNDS_2,2565,129,0,0,8,100,5,5,1,0.06,6.83,0.06,0.05,0,NaN,6.78,7.29,0.4,0,0,1.53,0.06,0.26,1.85,NaN,0,0,NaN,NaN,NaN,NaN,0,0,NaN,0,0,NaN,NaN,NaN,NaN,NaN,0,NaN,0,NaN,NaN,NaN,NaN,0,0,0,0,0,0.8
09/27/2025,09,5GNR,Upstate New York,070,Buffalo,HNRT,0709003,ERIE_COUNTY_FAIRGROUNDS_2,2565,130,0,0,1,100,0,0,10.53,0.72,NaN,0.72,0.7,0,NaN,7.84,11.73,0.29,NaN,0,1.91,0.03,2.63,0,NaN,0,0,NaN,NaN,NaN,NaN,0,0,NaN,0,0,NaN,NaN,NaN,NaN,NaN,0,NaN,0,NaN,NaN,NaN,NaN,0,0,0,0,0,10.25
09/27/2025,09,5GNR,Upstate New York,070,Buffalo,HNRT,0709003,EVANGOLA,2068,281,5.06,20,395,100,161,160,692.1,9.42,14.64,0.68,0.48,0.37,2.09,8.03,6.39,678.43,0.62,24.72,79.84,4.74,0.26,5.39,NaN,0,0.5,NaN,NaN,NaN,NaN,0,0,NaN,0,0,NaN,NaN,NaN,NaN,NaN,0,NaN,0,NaN,NaN,NaN,NaN,0,0,0,0,0,785.05
09/27/2025,09,5GNR,Upstate New York,070,Buffalo,HNRT,0709003,EVANGOLA,2068,282,5.14,9,175,100,76,76,289.83,2.6,27.93,0.27,0.24,0.17,6.34,8.63,8.36,120,0,2,35.42,0.91,0.88,3.3,NaN,0,0,NaN,NaN,NaN,NaN,0,0,NaN,0,0,NaN,NaN,NaN,NaN,NaN,0,NaN,0,NaN,NaN,NaN,NaN,0,0,0,0,0,328.56
09/27/2025,09,5GNR,Upstate New York,070,Buffalo,HNRT,0709003,EVANGOLA,2068,283,34.02,66,194,100,24,24,78.28,1.47,7.89,0.28,0.23,0.11,37.42,8.92,9.36,17.27,0,0.21,14.51,0.53,0.76,10,NaN,0,0.41,0,NaN,0,NaN,0,0,NaN,0,0,NaN,NaN,NaN,NaN,NaN,0,NaN,0,NaN,NaN,NaN,NaN,0,0,0,0,0,107.14
09/27/2025,09,5GNR,Upstate New York,070,Buffalo,HNRT,0709003,EVANGOLA,3068,281,2.96,13,439,100,225,225,921.9,0.52,166.79,0.13,0.19,0.38,1.14,7.9,10.1,713.37,0,38.58,58.11,0.82,0.7,0.74,NaN,0,0,NaN,NaN,NaN,NaN,0,0,NaN,0,0,17000,3000,3000,0,NaN,0,0,0,NaN,NaN,NaN,NaN,0,0,0,0,0,811.52
09/27/2025,09,5GNR,Upstate New York,070,Buffalo,HNRT,0709003,EVANGOLA,3068,282,1.25,8,641,100,381,380,3947.2,1.69,311.16,0.35,0.28,0.11,1.95,8.17,12.06,3642.86,0.26,97.83,161.39,1.22,1.81,1.8,NaN,0,0,0,NaN,0,0,2,0,0,2,0,7913.46,1525.97,1913.46,988.89,NaN,0,0,0,NaN,0,NaN,0,0.03,0.02,0,0,0,3858.55
09/27/2025,09,5GNR,Upstate New York,070,Buffalo,HNRT,0709003,EVANGOLA,3068,283,21.59,283,1311,100,748,748,11082.02,5.45,112.69,0.88,1.38,2.12,10.98,5.78,4.14,9217.24,0,678,941.34,16.17,1.95,11.22,NaN,0,0.48,0,NaN,0,NaN,0,0,NaN,0,0,NaN,NaN,NaN,NaN,NaN,0,NaN,0,NaN,NaN,NaN,NaN,0,0,0,0,0,11101.66
09/27/2025,09,5GNR,Upstate New York,070,Buffalo,HNRT,0709003,FIX_ROAD,3062,33,1.17,2,171,100,106,106,659.72,0.2,140.48,0.08,0.08,0.08,0.4,7.78,10.13,649.35,0,77.96,103.9,0.84,2.46,9.52,NaN,0,0,NaN,NaN,NaN,NaN,0,0,NaN,0,0,NaN,NaN,NaN,NaN,NaN,0,NaN,0,NaN,NaN,NaN,NaN,0,0,0,0,0,650.35
09/27/2025,09,5GNR,Upstate New York,070,Buffalo,HNRT,0709003,FIX_ROAD,3062,34,0,0,156,100,80,80,1690.57,0.62,230,0.06,0.06,0.08,0.64,7.79,8.89,1853.84,0,42.27,51.61,0.47,2.73,0,NaN,0,0,NaN,NaN,NaN,NaN,0,0,NaN,0,0,NaN,NaN,NaN,NaN,NaN,0,NaN,0,NaN,NaN,NaN,NaN,0,0,0,0,0,1855.14
09/27/2025,09,5GNR,Upstate New York,070,Buffalo,HNRT,0709003,FIX_ROAD,3062,35,4.38,14,320,100,197,197,7281.99,2.24,321.2,0.76,0.52,0.05,0.56,7.44,7,7165.8,0,460.96,574.2,6.71,2.8,0,NaN,0,0,0,NaN,0,0,4,0,0,4,0,7340.98,937.22,806.31,1990.75,NaN,0,0,0,NaN,26.26,NaN,88.2,0.49,0.36,0,0,0,7198.02
09/27/2025,09,5GNR,Upstate New York,070,Buffalo,HNRT,0709003,FOXLOT,3644,168,7,35,500,100,332,332,1109.62,0.52,352.72,0.15,0.21,0.45,1.04,8.33,13.13,1094.11,0,41.29,54.64,0.61,0.82,0,NaN,0,0.45,0,NaN,0,NaN,0,0,NaN,0,0,NaN,NaN,NaN,NaN,NaN,0,NaN,0,NaN,NaN,NaN,NaN,0,0,0,0,0,1099.84
09/27/2025,09,5GNR,Upstate New York,070,Buffalo,HNRT,0709003,FOXLOT,3644,169,1.39,1,72,100,31,31,889.03,0.54,209.92,0.05,0.05,0.1,1.18,8.22,13.8,790.12,0,5.9,54.45,0.21,5.13,0,NaN,0,0,NaN,NaN,NaN,NaN,0,0,NaN,0,0,NaN,NaN,NaN,NaN,NaN,0,NaN,0,NaN,NaN,NaN,NaN,0,0,0,0,0,883.31
09/27/2025,09,5GNR,Upstate New York,070,Buffalo,HNRT,0709003,FOXLOT,3644,170,6.35,4,63,100,50,50,161.27,0.08,121.5,0.02,0.04,0.4,1.04,8.14,12.19,132.63,0,3.4,20.87,0.17,2.45,0,NaN,0,0,NaN,NaN,NaN,NaN,0,0,NaN,0,0,NaN,NaN,NaN,NaN,NaN,0,NaN,0,NaN,NaN,NaN,NaN,0,0,0,0,0,158.71
09/27/2025,09,5GNR,Upstate New York,070,Buffalo,HNRT,0709003,FREEDOM,3353,263,2.24,16,714,100,567,567,6930.17,3.71,147.34,1.6,1.02,0.09,0.28,7.72,11.99,5695.55,0,286.55,898.59,6.91,3.08,0.16,NaN,0,0.32,0,NaN,0,NaN,0,0,NaN,0,0,NaN,NaN,NaN,NaN,NaN,0,NaN,0,NaN,NaN,NaN,NaN,0,0,0,0,0,7073.65
09/27/2025,09,5GNR,Upstate New York,070,Buffalo,HNRT,0709003,FREEDOM,3353,264,2.51,10,399,100,342,341,7805.1,3.43,278.83,0.6,0.47,0.05,2.37,7.24,10.47,7724.29,0.29,52.05,100.74,0.69,1.27,0,NaN,0,0,NaN,NaN,NaN,NaN,0,0,NaN,0,0,NaN,NaN,NaN,NaN,NaN,0,NaN,0,NaN,NaN,NaN,NaN,0,0,0,0,0,7740.12
09/27/2025,09,5GNR,Upstate New York,070,Buffalo,HNRT,0709003,FREEDOM,3353,265,5.77,104,1801,100,1606,1604,25593.39,13.64,144.27,1,0.94,0.84,0.56,7.42,12.65,24957.54,0.12,490.09,703.67,7.86,0.75,0.26,NaN,0,0.13,0,NaN,0,NaN,0,0,NaN,0,0,NaN,NaN,NaN,NaN,NaN,0,NaN,0,NaN,NaN,NaN,NaN,0,0,0,0,0,25421.49
09/27/2025,09,5GNR,Upstate New York,070,Buffalo,HNRT,0709003,GENESEE_ROAD,3414,72,2.13,19,891,100,634,633,2628.8,1.17,285.89,0.49,0.43,0.31,0.29,7.94,15.26,2584.32,0.16,204.83,267.85,1.85,2.3,1.16,NaN,0,0,0,NaN,0,NaN,0,0,NaN,0,0,NaN,NaN,NaN,NaN,NaN,0,NaN,0,NaN,NaN,NaN,NaN,0,0,0,0,0,2605.83
09/27/2025,09,5GNR,Upstate New York,070,Buffalo,HNRT,0709003,GENESEE_ROAD,3414,73,2.65,42,1587,100,846,845,7183,5.62,141.91,1.36,1.15,0.72,0.81,7.62,10.57,6607.43,0.12,188.64,284.72,2.64,0.75,2.21,NaN,0,0.36,0,NaN,0,NaN,0,0,NaN,0,0,NaN,NaN,NaN,NaN,NaN,0,NaN,0,NaN,NaN,NaN,NaN,0,0,0,0,0,7235.79
09/27/2025,09,5GNR,Upstate New York,070,Buffalo,HNRT,0709003,GENESEE_ROAD,3414,74,10.76,130,1208,100,642,640,6744.9,3.41,176.71,0.71,0.64,0.51,1.1,7.21,11.31,6643.84,0.31,261.49,346.16,4.77,1.43,0,NaN,0,0,NaN,NaN,NaN,NaN,0,0,NaN,0,0,NaN,NaN,NaN,NaN,NaN,0,NaN,0,NaN,NaN,NaN,NaN,0,0,0,0,0,6687.37
09/27/2025,09,5GNR,Upstate New York,070,Buffalo,HNRT,0709003,GRANDYLE VILLAGE,2594,87,7.55,48,636,100,416,416,430.33,6.04,13.2,0.9,0.67,0.28,10.45,8.96,12.16,221.68,0,3.9,214.55,3.77,6.98,0.75,NaN,0,0.22,0,NaN,0,0,5,0,0,5,0,3025.42,4785.71,2625,7923.08,NaN,0,0,0,NaN,0,NaN,0,0.01,0.01,0,0,0,634.34
09/27/2025,09,5GNR,Upstate New York,070,Buffalo,HNRT,0709003,GRANDYLE VILLAGE,2594,88,2.99,35,1169,100,761,758,2356.59,26.25,10.71,4.36,3.62,2.28,4.79,8.27,11.67,1391.09,0.39,16.39,183.9,3.35,2.07,0.62,NaN,0,0.13,0,NaN,0,NaN,0,0,NaN,0,0,NaN,NaN,NaN,NaN,NaN,0,NaN,0,NaN,NaN,NaN,NaN,0,0,0,0,0,3534.78
09/27/2025,09,5GNR,Upstate New York,070,Buffalo,HNRT,0709003,GRANDYLE VILLAGE,2594,89,1.42,14,984,100,806,806,1649.72,37.35,4.91,9.91,8.17,1.45,2.09,8.03,11.85,1236.18,0,16.66,101.48,1.61,2.56,0.37,NaN,0,0.16,0,NaN,0,NaN,0,0,NaN,0,0,NaN,NaN,NaN,NaN,NaN,0,NaN,0,NaN,NaN,NaN,NaN,0,0,0,0,0,2045.21
09/27/2025,09,5GNR,Upstate New York,070,Buffalo,HNRT,0709003,GRANDYLE VILLAGE,3594,87,0.35,9,2576,100,2113,2113,18176.41,5.48,179.01,2.42,1.62,0.41,1.53,8.13,13.32,13736.62,0,732.65,1303.97,9.74,3.05,2.62,NaN,0,0.76,0,NaN,0,0,6,0,0,6,0,7747.71,979.87,953.38,1057.23,NaN,0,0,0,NaN,0,NaN,112.47,0.09,0.78,0,0,0,17758.58
09/27/2025,09,5GNR,Upstate New York,070,Buffalo,HNRT,0709003,GRANDYLE VILLAGE,3594,88,0.35,9,2546,100,1859,1859,66345.41,17.6,311.29,1.68,1.25,0.48,0.42,7.55,9.45,57140.57,0,2813.06,4185.95,53.17,2.51,0.23,NaN,0,0.09,0,NaN,0,NaN,0,0,NaN,0,0,NaN,NaN,NaN,NaN,NaN,0,NaN,0,NaN,NaN,NaN,NaN,0,0,0,0,0,64817.79
09/27/2025,09,5GNR,Upstate New York,070,Buffalo,HNRT,0709003,GRANDYLE VILLAGE,3594,89,0.43,2,462,100,247,247,10258.62,3.03,310.13,0.17,0.13,0.05,0.4,7.93,10.16,9663.4,0,312.04,709.51,7.07,3.87,0,NaN,0,0,0,NaN,0,NaN,0,0,NaN,0,0,NaN,NaN,NaN,NaN,NaN,0,NaN,0,NaN,NaN,NaN,NaN,0,0,0,0,0,9758.7
09/27/2025,09,5GNR,Upstate New York,070,Buffalo,HNRT,0709003,GRATWICK_PARK,3300,39,1.37,15,1095,100,635,635,5853.9,2.61,326.65,0.85,0.64,0.25,0.54,7.86,10.72,5622.48,0,205.82,292.04,4.13,1.11,1.29,NaN,0,0.75,0,NaN,0,NaN,0,0,NaN,0,0,NaN,NaN,NaN,NaN,NaN,0,NaN,0,NaN,NaN,NaN,NaN,0,0,0,0,0,5876.98
09/27/2025,09,5GNR,Upstate New York,070,Buffalo,HNRT,0709003,GRATWICK_PARK,3300,40,0.8,20,2496,100,2134,2134,22882.2,11.44,185.25,1.27,0.95,0.45,0.53,7.74,10.94,21534.42,0,1210.75,1594.71,12.28,1.62,0.42,NaN,0,0.23,0,NaN,0,NaN,0,0,NaN,0,0,NaN,NaN,NaN,NaN,NaN,0,NaN,0,NaN,NaN,NaN,NaN,0,0,0,0,0,23048.23
09/27/2025,09,5GNR,Upstate New York,070,Buffalo,HNRT,0709003,GRATWICK_PARK,3300,41,16.55,143,864,100,426,426,9976.27,8.45,134.84,0.81,1.07,1.83,1.46,6.99,6.94,10235.8,0,17.64,45.32,1.42,0.19,0.93,NaN,0,3.54,0,NaN,0,NaN,0,0,NaN,0,0,NaN,NaN,NaN,NaN,NaN,0,NaN,0,NaN,NaN,NaN,NaN,0,0,0,0,0,10300.9
09/27/2025,09,5GNR,Upstate New York,070,Buffalo,HNRT,0709003,GREENHURST,3576,384,0.66,1,152,100,87,87,302.8,0.1,456.39,0.08,0.09,0.23,0.18,8.44,19.65,279.9,0,27.39,43.4,0.14,5.43,0,NaN,0,0,NaN,NaN,NaN,NaN,0,0,NaN,0,0,NaN,NaN,NaN,NaN,NaN,0,NaN,0,NaN,NaN,NaN,NaN,0,0,0,0,0,299.73
09/27/2025,09,5GNR,Upstate New York,070,Buffalo,HNRT,0709003,GREENHURST,3576,385,0.36,5,1408,100,659,659,3560.36,1.38,292.67,1.15,0.85,0.22,0.64,8.33,15.66,3403.21,0,262.79,373.67,2.01,2.41,0,NaN,0,0.76,0,NaN,0,NaN,0,0,NaN,0,0,NaN,NaN,NaN,NaN,NaN,0,NaN,0,NaN,NaN,NaN,NaN,0,0,0,0,0,3542.04
09/27/2025,09,5GNR,Upstate New York,070,Buffalo,HNRT,0709003,GREENHURST,3576,386,0.34,1,296,100,90,90,1768.09,0.69,209.61,0.34,0.34,0.33,0.84,8.66,15.76,805.37,0,61.99,389.3,1.28,11,0.94,NaN,0,0.16,0,NaN,0,NaN,0,0,NaN,0,0,NaN,NaN,NaN,NaN,NaN,0,NaN,0,NaN,NaN,NaN,NaN,0,0,0,0,0,1749.99
09/27/2025,09,5GNR,Upstate New York,070,Buffalo,HNRT,0709003,HAMMOND_RD_AND_RTE_20,2531,309,1.16,20,1719,100,1018,1018,584.67,10.28,13.49,2.34,1.79,0.91,1.52,9.05,10.74,590.4,0,6.68,79.38,2.31,1.29,2.3,NaN,0,0.25,NaN,NaN,NaN,0,1,0,0,1,0,4156.84,3329.61,4119.1,1706.24,6.69,0,0,0.01,NaN,16573.58,NaN,186.51,0.49,0.13,0,0,0,828.27
09/27/2025,09,5GNR,Upstate New York,070,Buffalo,HNRT,0709003,HAMMOND_RD_AND_RTE_20,2531,310,4.03,14,347,100,231,231,514.62,8.59,16.16,1.54,1.28,0.64,3.73,8.49,10.7,224.39,0,1.32,50.76,1.18,1.1,0.77,NaN,0,0,0,NaN,0,NaN,0,0,NaN,0,0,NaN,NaN,NaN,NaN,NaN,0,NaN,0,NaN,NaN,NaN,NaN,0,0,0,0,0,808.3
09/27/2025,09,5GNR,Upstate New York,070,Buffalo,HNRT,0709003,HAMMOND_RD_AND_RTE_20,2531,311,3.37,54,1602,100,1144,1142,1146.4,13.12,20.78,1.9,1.75,1.5,1.55,8.57,9.79,1450.69,0.17,5.92,61.85,2.16,0.75,5.17,NaN,0,2.15,0,NaN,0,NaN,0,0,NaN,0,0,NaN,NaN,NaN,NaN,NaN,0,NaN,0,NaN,NaN,NaN,NaN,0,0,0,0,0,1567.26
09/27/2025,09,5GNR,Upstate New York,070,Buffalo,HNRT,0709003,HAMMOND_RD_AND_RTE_20,3531,309,1.1,17,1552,100,708,707,7829.35,3.33,259.71,1.25,0.89,0.3,1.15,7.61,8.66,7296.75,0.14,232.26,332.33,6.07,1.11,1.18,NaN,0,0,0,NaN,0,0,2,0,0,2,0,15433.77,710.14,12438.74,2394.74,NaN,0,0,0,NaN,0,NaN,0,0.04,0.03,0,0,0,7515.31
09/27/2025,09,5GNR,Upstate New York,070,Buffalo,HNRT,0709003,HAMMOND_RD_AND_RTE_20,3531,310,1.99,5,251,100,141,141,4926.88,1.58,539.4,0.78,0.61,0.09,0.33,7.43,12.55,4519.17,0,128.58,171.1,1.22,1.45,0,NaN,0,0,NaN,NaN,NaN,NaN,0,0,NaN,0,0,NaN,NaN,NaN,NaN,NaN,0,NaN,0,NaN,NaN,NaN,NaN,0,0,0,0,0,4591.9
09/27/2025,09,5GNR,Upstate New York,070,Buffalo,HNRT,0709003,HAMMOND_RD_AND_RTE_20,3531,311,19.87,276,1389,100,432,432,2960.4,1.84,86.35,0.52,1.08,1.94,16.1,6.53,6.34,2430.61,0,57.21,92.32,2.98,0.34,24.23,NaN,0,4.7,NaN,NaN,NaN,NaN,0,0,NaN,0,0,NaN,NaN,NaN,NaN,NaN,0,NaN,0,NaN,NaN,NaN,NaN,0,0,0,0,0,2568.2
09/27/2025,09,5GNR,Upstate New York,070,Buffalo,HNRT,0709003,HARRIS_HILL_BUF,2567,13,0.25,2,807,100,640,640,446.03,8.26,10.33,1.63,1.29,0.55,8.58,8.85,11.33,276.91,0,5.91,50.26,1.04,1.27,1.93,NaN,0,0.26,0,NaN,0,0,2,0,0,2,0,3583.33,5722.22,2981.48,1130.43,8.19,0,0,0,NaN,0,NaN,0,0.01,0,0,0,0,462.68
09/27/2025,09,5GNR,Upstate New York,070,Buffalo,HNRT,0709003,HARRIS_HILL_BUF,2567,14,1.59,21,1321,100,1129,1129,1374.98,14.12,13.95,1.6,1.28,0.75,4.56,8.69,12.47,700.92,0,17.91,301.85,4.14,5.57,0.15,NaN,0,0.06,0,NaN,0,NaN,0,0,NaN,0,0,NaN,NaN,NaN,NaN,NaN,0,NaN,0,NaN,NaN,NaN,NaN,0,0,0,0,0,1777.84
09/27/2025,09,5GNR,Upstate New York,070,Buffalo,HNRT,0709003,HARRIS_HILL_BUF,2567,15,7.56,87,1151,100,963,962,850.81,10.94,7.05,3.36,2.73,1.8,17.07,8.86,12.81,258.01,0.1,7.35,151.18,2.43,2.91,0.55,NaN,0,0.74,0,NaN,0,0,3,0,0,3,0,3615.77,2260.78,2348.26,1803.52,21.66,0,0,0.07,NaN,26301.54,NaN,87.77,9.05,0.9,0,0,0,1054.92
09/27/2025,09,5GNR,Upstate New York,070,Buffalo,HNRT,0709003,HARRIS_HILL_BUF,3567,13,0.64,1,156,100,62,62,781.85,0.26,500.39,0.02,0.02,0.08,0.63,8.65,13.3,707.02,0,12.66,43.32,0.22,2.81,0,NaN,0,0.98,0,NaN,0,NaN,0,0,NaN,0,0,NaN,NaN,NaN,NaN,NaN,0,NaN,0,NaN,NaN,NaN,NaN,0,0,0,0,0,752.72
09/27/2025,09,5GNR,Upstate New York,070,Buffalo,HNRT,0709003,HARRIS_HILL_BUF,3567,14,1.47,8,543,100,286,286,1782.06,1.09,244.02,0.22,0.2,0.13,0.57,8.41,12.08,1263.99,0,68.46,99.85,0.72,1.28,0,NaN,0,0,0,NaN,0,NaN,0,0,NaN,0,0,NaN,NaN,NaN,NaN,NaN,0,NaN,0,NaN,NaN,NaN,NaN,0,0,0,0,0,1340.1
09/27/2025,09,5GNR,Upstate New York,070,Buffalo,HNRT,0709003,HARRIS_HILL_BUF,3567,15,2.29,12,525,100,287,287,12681.25,3.23,169.05,0.9,0.68,0.19,0.52,7.93,9.63,2870.25,0,194.95,348.02,5.13,1.95,0.32,NaN,0,0.23,0,NaN,0,0,1,0,0,1,0,8804.13,837.33,3249.61,10487.47,425.98,0,0,0,NaN,457.23,NaN,1034.17,0.55,0.25,0,0,0,12391.62
09/27/2025,09,5GNR,Upstate New York,070,Buffalo,HNRT,0709003,HARTLAND_HD,3246,375,0.43,1,230,100,144,144,1578.46,0.62,363.2,0.12,0.11,0.09,0.28,8.38,12.62,1551.13,0,106.84,131.66,0.85,3.31,0,NaN,0,0,0,NaN,0,NaN,0,0,NaN,0,0,NaN,NaN,NaN,NaN,NaN,0,NaN,0,NaN,NaN,NaN,NaN,0,0,0,0,0,1559.89
09/27/2025,09,5GNR,Upstate New York,070,Buffalo,HNRT,0709003,HARTLAND_HD,3246,376,0,0,287,100,133,133,1698.09,0.62,226.79,0.22,0.18,0.05,1.32,8.03,13.7,1628.4,0,80.77,104.31,0.59,2.08,0,NaN,0,0,NaN,NaN,NaN,NaN,0,0,NaN,0,0,NaN,NaN,NaN,NaN,NaN,0,NaN,0,NaN,NaN,NaN,NaN,0,0,0,0,0,1672.62
09/27/2025,09,5GNR,Upstate New York,070,Buffalo,HNRT,0709003,HARTLAND_HD,3246,377,0.24,1,415,100,237,237,2233.03,0.84,200.47,0.21,0.18,0.08,0.33,8.52,14.59,2137.91,0,95.49,119.99,0.7,3.64,0,NaN,0,0,0,NaN,0,NaN,0,0,NaN,0,0,NaN,NaN,NaN,NaN,NaN,0,NaN,0,NaN,NaN,NaN,NaN,0,0,0,0,0,2214.28
09/27/2025,09,5GNR,Upstate New York,070,Buffalo,HNRT,0709003,HAZELTINE,3351,1,0.29,7,2405,100,1534,1534,16856.33,6.18,166.1,1.27,0.82,0.21,0.86,8.02,12.89,10911.24,0,678.43,2258.37,15.13,3.68,0.55,100,0,0.27,0,NaN,0,0,4,0,0,4,0,9328.38,808.73,825.24,1677.18,174.24,0,0,0,NaN,767.94,NaN,59.13,3.49,0.45,0,0,0,16712.03
09/27/2025,09,5GNR,Upstate New York,070,Buffalo,HNRT,0709003,HAZELTINE,3351,2,1.63,125,7667,100,5580,5577,71596.34,37.48,112.72,0.86,1.48,2.62,0.79,7.92,11.99,64481.98,0.05,2313.82,4241.26,37.42,2.18,0.24,100,0,0.29,0,NaN,0,0,21,0,0,21,0,9008.3,857.9,913.96,1344.65,155.48,0,0,0,NaN,402.6,NaN,62.88,11.36,1.2,0,0,0,72322.71
09/27/2025,09,5GNR,Upstate New York,070,Buffalo,HNRT,0709003,HAZELTINE,3351,3,6.1,303,4967,100,3437,3436,68992.57,26,191.01,0.97,2.77,5.95,0.45,7.37,7.65,63875.83,0.03,1074.86,1642.17,28.96,1.1,0.29,100,0,0.52,0,NaN,0,0,2,0,0,2,0,7222.22,1000,1000,0,NaN,0,0,0,NaN,0,NaN,0,0,0,0,0,0,68952.57
09/27/2025,09,5GNR,Upstate New York,070,Buffalo,HNRT,0709003,HESS_ROAD,3539,440,0.91,2,219,100,155,155,1166.12,0.24,555.82,0.19,0.18,0.14,0.15,8.23,16.52,979.48,0,289.9,344.33,1.1,12.51,0,NaN,0,0,NaN,NaN,NaN,NaN,0,0,NaN,0,0,NaN,NaN,NaN,NaN,NaN,0,NaN,0,NaN,NaN,NaN,NaN,0,0,0,0,0,1149.96
09/27/2025,09,5GNR,Upstate New York,070,Buffalo,HNRT,0709003,HESS_ROAD,3539,441,0.85,2,236,100,169,169,911.63,0.44,241.5,0.1,0.1,0.11,0.29,7.5,13.37,858.58,0,39.87,57.05,0.37,1.13,0,NaN,0,0,NaN,NaN,NaN,NaN,0,0,NaN,0,0,NaN,NaN,NaN,NaN,NaN,0,NaN,0,NaN,NaN,NaN,NaN,0,0,0,0,0,904.36
09/27/2025,09,5GNR,Upstate New York,070,Buffalo,HNRT,0709003,HESS_ROAD,3539,442,2.82,22,779,100,641,641,7484.09,3.22,218.05,1.2,0.87,0.1,0.37,6.8,10.88,7381.42,0,207.99,267.99,2.45,1.76,0,NaN,0,0.78,0,NaN,0,NaN,0,0,NaN,0,0,NaN,NaN,NaN,NaN,NaN,0,NaN,0,NaN,NaN,NaN,NaN,0,0,0,0,0,7400.26
09/27/2025,09,5GNR,Upstate New York,070,Buffalo,HNRT,0709003,HINSDALE,3390,381,3.11,27,869,100,463,462,3113.56,1.52,190.59,0.65,0.73,0.89,1.38,8.2,18.63,3001.79,0.22,223.95,302.85,1.58,1.59,2.08,NaN,0,0,0,NaN,0,NaN,0,0,NaN,0,0,NaN,NaN,NaN,NaN,NaN,0,NaN,0,NaN,NaN,NaN,NaN,0,0,0,0,0,3096.18
09/27/2025,09,5GNR,Upstate New York,070,Buffalo,HNRT,0709003,HINSDALE,3390,382,0.74,5,676,100,465,465,4221.74,2.32,206.5,0.69,0.59,0.35,0.64,8.06,13.18,3779.66,0,106.83,219.05,1.65,0.97,0.37,NaN,0,0.67,0,NaN,0,NaN,0,0,NaN,0,0,NaN,NaN,NaN,NaN,NaN,0,NaN,0,NaN,NaN,NaN,NaN,0,0,0,0,0,4186.71
09/27/2025,09,5GNR,Upstate New York,070,Buffalo,HNRT,0709003,HINSDALE,3390,383,1.69,16,948,100,563,561,6737.33,4.33,164.18,2.26,1.63,0.38,0.72,7.58,13.44,7007.4,0.36,298.35,384.52,2.42,1.09,1.51,NaN,0,0,0,NaN,0,NaN,0,0,NaN,0,0,NaN,NaN,NaN,NaN,NaN,0,NaN,0,NaN,NaN,NaN,NaN,0,0,0,0,0,7072.87
09/27/2025,09,5GNR,Upstate New York,070,Buffalo,HNRT,0709003,HNRT,2093,10,5.36,52,971,100,673,673,2393.49,20.81,19.37,2.91,2.43,1.58,4.54,8.13,12.38,1751.98,0,46.23,247.79,3.94,3.49,1.14,NaN,0,0.23,0,NaN,0,0,1,0,0,1,0,3390.07,2065.61,1947.61,837.07,51.77,0,0,0.04,NaN,22247.06,NaN,244.33,9.73,0.51,0,0,0,2653.18
09/27/2025,09,5GNR,Upstate New York,070,Buffalo,HNRT,0709003,HNRT,2093,11,0,0,436,100,181,181,481.19,4.06,23.03,0.58,0.47,0.12,0.47,8.88,14.02,291.68,0,19.41,60.99,0.73,6.91,1,NaN,0,0,0,NaN,0,NaN,0,0,NaN,0,0,NaN,NaN,NaN,NaN,NaN,0,NaN,0,NaN,NaN,NaN,NaN,0,0,0,0,0,499.07
09/27/2025,09,5GNR,Upstate New York,070,Buffalo,HNRT,0709003,HNRT,2093,12,2.4,12,500,100,353,352,3764.55,23.48,25.38,0.27,0.35,0.72,0.15,7.62,10.87,3737.52,0.28,18.88,61.05,0.95,3.8,0.7,NaN,0,0.18,0,NaN,0,NaN,0,0,NaN,0,0,NaN,NaN,NaN,NaN,NaN,0,NaN,0,NaN,NaN,NaN,NaN,0,0,0,0,0,3840.78
09/27/2025,09,5GNR,Upstate New York,070,Buffalo,HNRT,0709003,HOLLAND_2,3151,111,1.2,23,1917,100,1361,1356,41491.92,14.74,127.01,1.62,1.26,0.53,0.2,7.49,10.45,26481.42,0.37,957.94,1283.92,9.36,1.57,0,NaN,0,0.16,0,NaN,0,NaN,0,0,NaN,0,0,NaN,NaN,NaN,NaN,NaN,0,NaN,0,NaN,NaN,NaN,NaN,0,0,0,0,0,41114.76
09/27/2025,09,5GNR,Upstate New York,070,Buffalo,HNRT,0709003,HOLLAND_2,3151,112,0.72,2,279,100,219,218,7137.35,2.06,299.35,0.82,0.6,0.03,0.09,7.25,14.23,4709.79,0.46,238.53,337.66,1.52,4.21,0,NaN,0,0,0,NaN,0,NaN,0,0,NaN,0,0,NaN,NaN,NaN,NaN,NaN,0,NaN,0,NaN,NaN,NaN,NaN,0,0,0,0,0,7046.55
09/27/2025,09,5GNR,Upstate New York,070,Buffalo,HNRT,0709003,HOLLAND_2,3151,113,1.75,5,285,100,88,88,133.72,0.12,121.98,0.02,0.04,0.23,0.72,8.55,13.03,132.65,0,3.59,5.26,0.08,0.21,0,NaN,0,0,NaN,NaN,NaN,NaN,0,0,NaN,0,0,NaN,NaN,NaN,NaN,NaN,0,NaN,0,NaN,NaN,NaN,NaN,0,0,0,0,0,132.68
09/27/2025,09,5GNR,Upstate New York,070,Buffalo,HNRT,0709003,HUNTS CORNERS RD,2134,465,1.56,1,64,100,52,52,203.66,1.97,20.41,0.14,0.14,0.11,5.87,8.61,13.25,7.34,0,0.52,22.96,0.43,2.5,2.33,NaN,0,0.78,NaN,NaN,NaN,NaN,0,0,NaN,0,0,NaN,NaN,NaN,NaN,NaN,0,NaN,0,NaN,NaN,NaN,NaN,0,0,0,0,0,200.39
09/27/2025,09,5GNR,Upstate New York,070,Buffalo,HNRT,0709003,HUNTS CORNERS RD,2134,466,11.76,4,34,100,10,10,15.94,0.35,9.5,0.11,0.11,0.09,8.99,8.3,11.64,5.42,0,0.06,4.1,0.09,1.21,13.7,NaN,0.45,0.99,NaN,NaN,NaN,NaN,0,0,NaN,0,0,NaN,NaN,NaN,NaN,NaN,0,NaN,0,NaN,NaN,NaN,NaN,0,0,0,0,0,16.93
09/27/2025,09,5GNR,Upstate New York,070,Buffalo,HNRT,0709003,HUNTS CORNERS RD,2134,467,5.71,2,35,100,30,30,554.65,4.17,19.06,0.14,0.14,0.13,4.08,9.03,12.23,15.6,0,0.2,68.87,0.91,5.7,5.19,NaN,0,0.41,0,NaN,0,NaN,0,0,NaN,0,0,NaN,NaN,NaN,NaN,NaN,0,NaN,0,NaN,NaN,NaN,NaN,0,0,0,0,0,548.13
09/27/2025,09,5GNR,Upstate New York,070,Buffalo,HNRT,0709003,HUNTS CORNERS RD,3134,465,7.49,35,467,100,344,344,3376.04,1.71,70.75,0.24,0.38,0.68,1.37,6.96,8.84,2095.37,0,85.44,167.6,2.32,0.78,1.88,NaN,0,0,NaN,NaN,NaN,NaN,0,0,NaN,0,0,NaN,NaN,NaN,NaN,NaN,0,NaN,0,NaN,NaN,NaN,NaN,0,0,0,0,0,3342.15
09/27/2025,09,5GNR,Upstate New York,070,Buffalo,HNRT,0709003,HUNTS CORNERS RD,3134,466,2.59,43,1663,100,1078,1078,4099.67,2.63,160.85,0.81,0.78,0.73,2.27,7.24,8.37,4083.82,0,110.25,151.38,3.25,0.39,1.06,NaN,0,0,NaN,NaN,NaN,NaN,0,0,NaN,0,0,NaN,NaN,NaN,NaN,NaN,0,NaN,0,NaN,NaN,NaN,NaN,0,0,0,0,0,4115.9
09/27/2025,09,5GNR,Upstate New York,070,Buffalo,HNRT,0709003,HUNTS CORNERS RD,3134,467,2.17,1,46,100,29,29,628.13,0.27,82.73,0.04,0.04,0.05,0.14,7.66,14.54,605.18,0,80.85,102.9,0.51,8.84,0,NaN,0,0,NaN,NaN,NaN,NaN,0,0,NaN,0,0,NaN,NaN,NaN,NaN,NaN,0,NaN,0,NaN,NaN,NaN,NaN,0,0,0,0,0,622.04
09/27/2025,09,5GNR,Upstate New York,070,Buffalo,HNRT,0709003,HURXLEY,3042,458,1.16,38,3272,100,2463,2461,9711.11,3.8,243.66,1.5,1.14,0.57,0.95,8.47,18.33,8342.42,0.08,725.65,1187.23,5.06,2.51,0.52,NaN,0,0.29,0,NaN,0,0,1,0,0,1,0,6996.69,5283.78,4052.98,1121.02,NaN,0,0,0,NaN,0,NaN,0,0,0,0,0,0,9626.7
09/27/2025,09,5GNR,Upstate New York,070,Buffalo,HNRT,0709003,HURXLEY,3042,459,3.04,162,5325,100,3537,3533,27675.99,12.5,182.55,1.11,1.54,2.23,1.35,7.96,15.46,25620.49,0.11,801.47,1893.66,18.47,1.51,0.51,NaN,0,0.38,0,NaN,0,0,4,0,0,4,0,7305.56,6194.44,6194.44,0,NaN,0,0,0,NaN,0,NaN,0,0,0,0,0,0,27456.02
09/27/2025,09,5GNR,Upstate New York,070,Buffalo,HNRT,0709003,HURXLEY,3042,460,0.34,8,2385,100,1243,1243,8996.73,3.69,193.3,1.36,1,0.37,1.11,8.4,16.91,7452.17,0,696.79,1039.37,5.7,4.1,0.4,NaN,0,0.57,0,NaN,0,0,3,0,0,3,0,7565.37,788.36,751.77,1214.08,458.75,0,0,0,NaN,133.8,NaN,0,0.53,0.09,0,0,0,8925.11
09/27/2025,09,5GNR,Upstate New York,070,Buffalo,HNRT,0709003,HURXLEY,3284,461,2.24,32,1429,100,1020,1020,6202.62,4.16,145.54,0.95,0.85,0.67,0.89,7.48,16.63,5544.52,0,416.32,907.16,4.15,2.9,0.27,NaN,0,0.81,0,NaN,0,NaN,0,0,NaN,0,0,NaN,NaN,NaN,NaN,NaN,0,NaN,0,NaN,NaN,NaN,NaN,0,0,0,0,0,6166.88
09/27/2025,09,5GNR,Upstate New York,070,Buffalo,HNRT,0709003,IRISH_ROAD,3108,296,1.94,4,206,100,160,160,6063.8,1.64,621.24,0.08,0.09,0.15,0.37,8.07,17.17,6028.65,0,60.8,88.99,0.35,3.73,0,NaN,0,0,0,NaN,0,NaN,0,0,NaN,0,0,NaN,NaN,NaN,NaN,NaN,0,NaN,0,NaN,NaN,NaN,NaN,0,0,0,0,0,6039.76
09/27/2025,09,5GNR,Upstate New York,070,Buffalo,HNRT,0709003,IRISH_ROAD,3108,297,0.93,3,324,100,269,269,1684.53,0.57,157.53,0.12,0.14,0.21,0.43,8.5,16.92,1665.12,0,40.99,58.94,0.31,2.16,0,NaN,0,0,NaN,NaN,NaN,NaN,0,0,NaN,0,0,NaN,NaN,NaN,NaN,NaN,0,NaN,0,NaN,NaN,NaN,NaN,0,0,0,0,0,1669.58
09/27/2025,09,5GNR,Upstate New York,070,Buffalo,HNRT,0709003,IRISH_ROAD,3108,298,0,0,19,100,16,16,12.64,0.01,199.71,0,0,0.21,0.4,9.89,20.24,13.54,0,1.11,1.41,0.01,1.26,0,NaN,0,0,NaN,NaN,NaN,NaN,0,0,NaN,0,0,NaN,NaN,NaN,NaN,NaN,0,NaN,0,NaN,NaN,NaN,NaN,0,0,0,0,0,13.55
09/27/2025,09,5GNR,Upstate New York,070,Buffalo,HNRT,0709003,JAMESTOWN DT,3267,151,0.16,4,2503,100,1466,1466,21230.96,8.94,142.8,1.27,1,0.47,0.44,7.87,18.54,18910.95,0,748.58,1310.8,4.74,2.92,0,NaN,0,0.15,0,NaN,0,0,17,0,0,17,0,7785.1,660.91,1307.59,777.62,349.55,0,0,0.02,NaN,550.56,NaN,25.74,49.09,2.64,0,0,0,21034.88
09/27/2025,09,5GNR,Upstate New York,070,Buffalo,HNRT,0709003,JAMESTOWN DT,3295,148,0.25,2,801,100,433,433,11912.92,3.92,208.61,0.88,0.62,0.08,0.56,7.8,18.91,10961.56,0,348.48,533.44,1.67,4.21,0,NaN,0,0.32,0,NaN,0,NaN,0,0,NaN,0,0,7000,1500,1500,0,NaN,0,0,0,NaN,NaN,NaN,NaN,0,0,0,0,0,11808.29
09/27/2025,09,5GNR,Upstate New York,070,Buffalo,HNRT,0709003,JAMESTOWN DT,3295,149,0.66,7,1066,100,539,539,21150.75,8.06,215.17,2.04,1.47,0.23,0.7,7.57,18.76,19355.95,0,640.24,902.29,3.26,3.58,1.36,NaN,0,0.22,0,NaN,0,0,4,0,0,4,0,7511.06,643.23,633.08,1600.4,66.37,0,0,0.01,NaN,109.61,NaN,8.57,37.38,0.48,0,0,0,21040.04
09/27/2025,09,5GNR,Upstate New York,070,Buffalo,HNRT,0709003,JAMESTOWN DT,3295,150,0.26,7,2700,100,1327,1326,15266.89,6.93,170.98,1.67,1.18,0.3,0.74,8.07,17.98,14078.07,0.08,600.46,944.5,3.8,2.22,0.27,NaN,0,0,0,NaN,0,0,7,0,0,7,0,7848.25,699.21,743.24,1231.33,98.86,0,0,0.04,NaN,104.24,NaN,7.48,132.35,2.54,0,0,0,15121.2
09/27/2025,09,5GNR,Upstate New York,070,Buffalo,HNRT,0709003,JAMESTOWN NORTH,3586,145,0.7,2,286,100,171,171,748.58,0.36,227.45,0.24,0.22,0.16,0.96,7.91,15.84,717.02,0,31.61,49.6,0.23,0.9,0,NaN,0,0,NaN,NaN,NaN,NaN,0,0,NaN,0,0,NaN,NaN,NaN,NaN,NaN,0,NaN,0,NaN,NaN,NaN,NaN,0,0,0,0,0,739.02
09/27/2025,09,5GNR,Upstate New York,070,Buffalo,HNRT,0709003,JAMESTOWN NORTH,3586,146,0.56,7,1254,100,482,482,2817.99,1.51,173.27,0.61,0.48,0.18,0.82,8.28,16.73,2681.66,0,144.21,229.07,1.11,1.17,0,NaN,0,0,0,NaN,0,NaN,0,0,NaN,0,0,NaN,NaN,NaN,NaN,NaN,0,NaN,0,NaN,NaN,NaN,NaN,0,0,0,0,0,2790.56
09/27/2025,09,5GNR,Upstate New York,070,Buffalo,HNRT,0709003,JAMESTOWN NORTH,3586,147,0.75,12,1598,100,556,552,2925.56,1.77,110.64,0.58,0.44,0.17,1.59,7.96,16.36,2414.38,0.72,171.06,237.91,1.07,0.98,0,NaN,0,1.18,0,NaN,0,NaN,0,0,NaN,0,0,NaN,NaN,NaN,NaN,NaN,0,NaN,0,NaN,NaN,NaN,NaN,0,0,0,0,0,2913.95
09/27/2025,09,5GNR,Upstate New York,070,Buffalo,HNRT,0709003,JAMESTOWN SOUTH,3323,142,0.49,3,608,100,394,394,12333.12,2.77,244.48,3.84,2.64,0.07,0.41,7.62,18.68,7909.3,0,361.54,648.56,1.78,2.81,0.19,NaN,0,0,0,NaN,0,NaN,0,0,NaN,0,0,NaN,NaN,NaN,NaN,NaN,0,NaN,0,NaN,NaN,NaN,NaN,0,0,0,0,0,12150.92
09/27/2025,09,5GNR,Upstate New York,070,Buffalo,HNRT,0709003,JAMESTOWN SOUTH,3323,143,0.75,3,398,100,189,189,10139.56,2.63,381.61,1.88,1.31,0.07,0.33,7.42,18.63,5849.74,0,526.44,735.3,2.32,9.66,0.41,NaN,0,0.38,0,NaN,0,0,1,0,0,1,0,6936.46,615.94,614.64,980.68,32.77,0,0,0,NaN,0,NaN,0,0.1,0.13,0,0,0,10174.93
09/27/2025,09,5GNR,Upstate New York,070,Buffalo,HNRT,0709003,JAMESTOWN SOUTH,3323,144,0.2,4,2041,100,1390,1390,30662.02,9.14,258.64,1.64,1.22,0.39,0.52,7.91,20.97,25743.61,0,1179.84,1999.17,5.75,5.32,0.12,NaN,0.06,0.12,0,NaN,0,0,2,0,0,2,0,6888.89,777.78,777.78,0,NaN,0,0,0,NaN,0,NaN,0,0,0,0,0,0,30302.22
09/27/2025,09,5GNR,Upstate New York,070,Buffalo,HNRT,0709003,KILLBUCK,3399,272,0.74,10,1348,100,988,988,14078.3,6.01,280.76,1.48,1.06,0.2,0.28,7.03,12.82,13354.45,0,310.55,435.19,2.88,1.54,0.49,NaN,0,0.26,NaN,NaN,NaN,NaN,0,0,NaN,0,0,NaN,NaN,NaN,NaN,NaN,0,NaN,0,NaN,NaN,NaN,NaN,0,0,0,0,0,13840.82
09/27/2025,09,5GNR,Upstate New York,070,Buffalo,HNRT,0709003,KILLBUCK,3399,273,3.16,36,1141,100,760,755,11712.82,4.54,204.36,0.66,0.55,0.35,0.72,7.52,12.39,7200.74,0.66,211.63,555.72,3.59,0.96,1.57,NaN,0,0,0,NaN,0,NaN,0,0,NaN,0,0,NaN,NaN,NaN,NaN,NaN,0,NaN,0,NaN,NaN,NaN,NaN,0,0,0,0,0,11607.83
09/27/2025,09,5GNR,Upstate New York,070,Buffalo,HNRT,0709003,KILLBUCK,3399,274,1,20,2010,100,1420,1419,34266.23,12.72,163.03,0.54,0.6,0.72,0.34,7.4,13.64,31821.89,0.07,929.98,1439.49,8.99,1.79,0.21,NaN,0,0.27,0,NaN,0,NaN,0,0,NaN,0,0,NaN,NaN,NaN,NaN,NaN,0,NaN,0,NaN,NaN,NaN,NaN,0,0,0,0,0,34044.3
09/27/2025,09,5GNR,Upstate New York,070,Buffalo,HNRT,0709003,KNIGHTS CREEK,3376,797,0.74,6,810,100,573,571,1820.61,1.04,181.88,0.24,0.35,0.62,0.51,8.19,11.65,1757.1,0.35,65.7,91.01,0.84,0.67,0,NaN,0,0,0,NaN,0,NaN,0,0,NaN,0,0,NaN,NaN,NaN,NaN,NaN,0,NaN,0,NaN,NaN,NaN,NaN,0,0,0,0,0,1799.61
09/27/2025,09,5GNR,Upstate New York,070,Buffalo,HNRT,0709003,KNIGHTS CREEK,3376,798,3.6,4,111,100,84,84,844.83,0.54,162,0.03,0.1,0.74,0.34,7.75,10.69,834.85,0,10.48,15.21,0.12,0.49,NaN,NaN,0,0,NaN,NaN,NaN,NaN,0,0,NaN,0,0,NaN,NaN,NaN,NaN,NaN,0,NaN,0,NaN,NaN,NaN,NaN,0,0,0,0,0,834.85
09/27/2025,09,5GNR,Upstate New York,070,Buffalo,HNRT,0709003,KNIGHTS CREEK,3376,799,0.61,20,3271,100,2067,2066,43290.69,17.93,162.18,1.62,1.57,1.47,0.46,7.61,12.18,38075.64,0.05,1149.91,1890.43,12.27,2.01,0.14,NaN,0,0.15,0,NaN,0,0,5,0,0,5,0,7789.87,712.91,719.59,1354.18,86.84,0,0,0,NaN,133.11,NaN,23.9,1.68,0.55,0,0,0,43203.23
09/27/2025,09,5GNR,Upstate New York,070,Buffalo,HNRT,0709003,LANCASTER,3330,45,1.81,43,2374,100,1194,1194,21065.81,10.73,204.09,1.59,1.27,0.65,1.58,7.53,13.52,20805.22,0,591.41,774.96,7.6,1.6,1.39,NaN,0,0.51,0,NaN,0,0,3,0,0,3,0,7191.08,593.75,585.99,1329.41,NaN,0,0,0,NaN,0,NaN,0,0.05,0.04,0,0,0,21072.46
09/27/2025,09,5GNR,Upstate New York,070,Buffalo,HNRT,0709003,LANCASTER,3330,46,0.69,10,1449,100,1032,1032,5828.82,3.28,188.25,0.63,0.4,0.09,0.9,7.26,13.63,5861.75,0,282.67,389.96,3.58,0.83,7.02,NaN,0,0,NaN,NaN,NaN,NaN,0,0,NaN,0,0,6500,3000,3000,0,NaN,0,0,0,NaN,NaN,NaN,NaN,0,0,0,0,0,5888.42
09/27/2025,09,5GNR,Upstate New York,070,Buffalo,HNRT,0709003,LANCASTER,3330,47,12.16,84,691,100,427,427,4840.96,1.96,199.72,1.41,1.09,0.52,4.49,6.53,7.37,4267.66,0,29.66,119.28,3.18,0.48,14.24,NaN,0,2.52,NaN,NaN,NaN,0,1,0,0,1,0,7171.88,32206.9,29234.38,3687.5,NaN,0,0,0,NaN,0,NaN,0,0,0,0,0,0,4807.18
09/27/2025,09,5GNR,Upstate New York,070,Buffalo,HNRT,0709003,LAWTONS,3066,290,0.74,2,270,100,222,222,7995.55,2.01,403.17,3.74,2.53,0.05,0.1,7.57,12.68,6257.67,0,241.29,648.16,3.73,12.97,0,NaN,0,0.92,NaN,NaN,NaN,NaN,0,0,NaN,0,0,NaN,NaN,NaN,NaN,NaN,0,NaN,0,NaN,NaN,NaN,NaN,0,0,0,0,0,8541.91
09/27/2025,09,5GNR,Upstate New York,070,Buffalo,HNRT,0709003,LAWTONS,3066,291,3.37,3,89,100,63,63,313.62,0.12,282.89,0.03,0.03,0.15,0.58,8.89,16.5,298.05,0,26.02,33.36,0.14,6.8,0,NaN,0,0,NaN,NaN,NaN,NaN,0,0,NaN,0,0,NaN,NaN,NaN,NaN,NaN,0,NaN,0,NaN,NaN,NaN,NaN,0,0,0,0,0,312.16
09/27/2025,09,5GNR,Upstate New York,070,Buffalo,HNRT,0709003,LAWTONS,3066,292,6.12,9,147,100,91,91,546.29,0.28,240.42,0.04,0.04,0.04,0.34,7.74,7.45,541.33,0,30.87,37.44,0.55,0.78,0,NaN,0,0,NaN,NaN,NaN,NaN,0,0,NaN,0,0,NaN,NaN,NaN,NaN,NaN,0,NaN,0,NaN,NaN,NaN,NaN,0,0,0,0,0,541.38
09/27/2025,09,5GNR,Upstate New York,070,Buffalo,HNRT,0709003,LOCKPORT_RTE_270,2089,346,1.82,21,1155,100,894,894,2060.8,26.03,14.59,3.83,3.21,2.13,1.07,8.72,13.53,1842.83,0,77.39,205.93,3.57,2.56,4.89,NaN,0,0.89,0,NaN,0,0,1,0,0,1,0,3187.5,2142.86,1070.18,1183.33,3.64,0,0,0,NaN,616.67,NaN,33.9,0.01,0.01,0,0,0,2343.48
09/27/2025,09,5GNR,Upstate New York,070,Buffalo,HNRT,0709003,LOCKPORT_RTE_270,2089,347,2.42,27,1116,100,958,958,2253.42,24.4,9.04,5,4.16,2.58,5.12,8.41,12.69,545.54,0,11.99,194.48,3.58,2.8,2.07,NaN,0,0.56,0,NaN,0,NaN,0,0,NaN,0,0,NaN,NaN,NaN,NaN,NaN,0,NaN,0,NaN,NaN,NaN,NaN,0,0,0,0,0,2358.75
09/27/2025,09,5GNR,Upstate New York,070,Buffalo,HNRT,0709003,LOCKPORT_RTE_270,2089,348,2.89,61,2108,100,1805,1805,3303.57,36.96,12.39,8.78,7.35,5.65,4.32,8.49,13.3,2503.58,0,179.88,1106.8,15.86,6.07,1.1,NaN,0,0.27,0,NaN,0,5.88,17,1,5.88,17,1,3327.05,2501.27,1493.76,1088.75,14.46,0,0,0,NaN,9678.87,NaN,43.59,0.65,0.18,0,0,0,4069.97
09/27/2025,09,5GNR,Upstate New York,070,Buffalo,HNRT,0709003,LOCKPORT_RTE_270,3089,346,4.34,29,668,100,295,295,1003.41,0.72,89.1,0.58,0.58,0.58,1.33,8.72,19.56,666.43,0,26.48,39.54,0.26,0.66,9.68,NaN,0,4.35,NaN,NaN,NaN,NaN,0,0,NaN,0,0,7300,NaN,14400,NaN,NaN,0,NaN,0,NaN,NaN,NaN,NaN,0,0,0,0,0,696.97
09/27/2025,09,5GNR,Upstate New York,070,Buffalo,HNRT,0709003,LOCKPORT_RTE_270,3089,347,2.28,10,439,100,141,141,930.7,0.4,103.87,0.13,0.15,0.29,0.5,8.92,22.01,642.26,0,51.58,74.62,0.27,3.11,3.95,NaN,0,1.96,0,NaN,0,NaN,0,0,NaN,0,0,NaN,NaN,NaN,NaN,NaN,0,NaN,0,NaN,NaN,NaN,NaN,0,0,0,0,0,787.49
09/27/2025,09,5GNR,Upstate New York,070,Buffalo,HNRT,0709003,LOCKPORT_RTE_270,3089,348,1.44,9,624,100,158,158,1969.25,1.33,118.85,0.56,0.54,0.46,1,8.34,15.9,1074.78,0,119.29,150.77,1.28,2.45,11.02,NaN,0,0,NaN,NaN,NaN,NaN,0,0,NaN,0,0,NaN,NaN,NaN,NaN,NaN,0,NaN,0,NaN,NaN,NaN,NaN,0,0,0,0,0,1149.08
09/27/2025,09,5GNR,Upstate New York,070,Buffalo,HNRT,0709003,LONG_AVENUE,3305,30,0.62,16,2560,100,1400,1400,31156.06,11.21,228.02,1.77,1.23,0.4,0.66,7.74,13.46,26036.18,0,979.54,2060.69,21.19,2.33,0.48,NaN,0,0.31,0,NaN,0,0,49,0,0,49,0,7627.74,753.81,754.82,4223.92,124.05,0,0,0,NaN,0,NaN,51.1,0.52,1.1,0,0,0,30865.15
09/27/2025,09,5GNR,Upstate New York,070,Buffalo,HNRT,0709003,LONG_AVENUE,3305,31,0.6,7,1166,100,612,612,3779.37,1.76,209.73,0.67,0.52,0.21,1.26,8.65,16.48,3247.92,0,340.72,733.79,3.75,6.55,0.66,NaN,0,0.64,0,NaN,0,NaN,0,0,NaN,0,0,NaN,NaN,NaN,NaN,NaN,0,NaN,0,NaN,NaN,NaN,NaN,0,0,0,0,0,3739
09/27/2025,09,5GNR,Upstate New York,070,Buffalo,HNRT,0709003,LONG_AVENUE,3305,32,15.77,298,1890,100,952,952,6181.79,3.58,137.82,1.07,1.54,2.26,14.27,5.24,7.3,5243.65,0,65.53,173.17,4.11,0.41,3.62,NaN,0,2.02,0,NaN,0,NaN,0,0,NaN,0,0,NaN,NaN,NaN,NaN,NaN,0,NaN,0,NaN,NaN,NaN,NaN,0,0,0,0,0,6204.89
09/27/2025,09,5GNR,Upstate New York,070,Buffalo,HNRT,0709003,MARSHFIELD,3361,120,1.14,4,350,100,261,261,2777.36,1.23,311.66,0.12,0.14,0.18,0.59,7.35,12.23,3085.41,0,225.27,287.22,2.17,4.59,0,NaN,0,0.65,NaN,NaN,NaN,NaN,0,0,NaN,0,0,NaN,NaN,NaN,NaN,NaN,0,NaN,0,NaN,NaN,NaN,NaN,0,0,0,0,0,3165.81
09/27/2025,09,5GNR,Upstate New York,070,Buffalo,HNRT,0709003,MARSHFIELD,3361,121,0,0,101,100,39,39,420.83,0.16,257.12,0.15,0.14,0.1,0.64,8.33,14.71,353.52,0,26.31,45.96,0.24,2.02,0,NaN,0,0,NaN,NaN,NaN,NaN,0,0,NaN,0,0,NaN,NaN,NaN,NaN,NaN,0,NaN,0,NaN,NaN,NaN,NaN,0,0,0,0,0,409.77
09/27/2025,09,5GNR,Upstate New York,070,Buffalo,HNRT,0709003,MARSHFIELD,3361,122,12.96,46,355,100,120,120,6055.22,5.71,139.61,0.39,0.38,0.32,5.63,4.05,10.55,6113.29,0,20.71,38.96,0.61,0.5,1.45,NaN,0,2.08,0,NaN,0,NaN,0,0,NaN,0,0,NaN,NaN,NaN,NaN,NaN,0,NaN,0,NaN,NaN,NaN,NaN,0,0,0,0,0,6125.67
09/27/2025,09,5GNR,Upstate New York,070,Buffalo,HNRT,0709003,MAYVILLE,3325,206,0.35,1,284,100,174,174,4969.25,1.56,463.83,0.47,0.33,0.02,0.32,7.57,13.14,3477.24,0,288.14,397.97,2.15,4.11,0,NaN,0,0,NaN,NaN,NaN,NaN,0,0,NaN,0,0,NaN,NaN,NaN,NaN,NaN,0,NaN,0,NaN,NaN,NaN,NaN,0,0,0,0,0,4922.88
09/27/2025,09,5GNR,Upstate New York,070,Buffalo,HNRT,0709003,MAYVILLE,3325,207,0.61,2,330,100,193,193,2838.6,0.92,244.74,0.39,0.29,0.03,0.53,7.46,15.28,2333.51,0,181.03,306.15,1.54,4.71,0,NaN,0,0,0,NaN,0,0,1,0,0,1,0,7084.42,616.67,662.34,1541.67,71,0,0,0,NaN,NaN,NaN,NaN,0,0,0,0,0,2802.78
09/27/2025,09,5GNR,Upstate New York,070,Buffalo,HNRT,0709003,MAYVILLE,3325,208,0,0,54,100,52,52,549.79,0.14,224.49,0.03,0.03,0.02,0.38,7.93,17.01,486.58,0,17.9,26.4,0.11,1.44,0,NaN,0,0,NaN,NaN,NaN,NaN,0,0,NaN,0,0,NaN,NaN,NaN,NaN,NaN,0,NaN,0,NaN,NaN,NaN,NaN,0,0,0,0,0,541.21
09/27/2025,09,5GNR,Upstate New York,070,Buffalo,HNRT,0709003,MERCY_HOSPITAL,2001,177,4.11,18,438,100,366,366,1893.14,17.11,8.54,2.01,1.6,1.01,7.91,8.37,13.05,248.67,0,6.35,381.97,5.87,4.94,0.63,NaN,0,0.35,0,NaN,0,0,1,0,0,1,0,3308.98,2111.64,1130.5,2224.51,28.2,0,0,0.05,NaN,22.95,NaN,215.5,9.66,10.81,0,0,0,2428.6
09/27/2025,09,5GNR,Upstate New York,070,Buffalo,HNRT,0709003,MERCY_HOSPITAL,2001,178,1.73,9,519,100,506,505,2155.99,21.22,19.83,2.38,2.03,1.54,13.2,8.33,10.51,920.73,0.2,2.4,343.52,9,3.36,0.53,100,0,0.13,0,NaN,0,NaN,0,0,NaN,0,0,NaN,NaN,NaN,NaN,NaN,0,NaN,0,NaN,NaN,NaN,NaN,0,0,0,0,0,2941.68
09/27/2025,09,5GNR,Upstate New York,070,Buffalo,HNRT,0709003,MERCY_HOSPITAL,2001,179,0.89,11,1239,100,1117,1117,3206.84,44.81,9.31,4.38,3.71,2.5,8.26,8.32,11.74,1990.37,0,96.17,479.19,8.42,4.55,0.85,NaN,0,0.34,0,NaN,0,0,3,0,0,3,0,3125,2097.56,1046.15,627.45,0,0,0,0,NaN,1246.15,NaN,98.04,0.03,0.01,0,0,0,3604.76
09/27/2025,09,5GNR,Upstate New York,070,Buffalo,HNRT,0709003,MERCY_HOSPITAL,3001,177,0.57,8,1395,100,922,922,15329.47,6.3,111.71,1.18,0.83,0.25,0.95,7.78,13.14,11354.41,0,770.62,1614.39,14.84,4.1,0.41,100,0,0,0,NaN,0,0,7,0,0,7,0,9628.29,1562.87,1247.37,1230.43,66.8,0,0,0,NaN,441.18,NaN,15.62,0.64,0.1,0,0,0,14675.58
09/27/2025,09,5GNR,Upstate New York,070,Buffalo,HNRT,0709003,MERCY_HOSPITAL,3001,178,1.01,31,3062,50,3035,3034,22196.8,17.47,147.18,1.49,1.62,1.85,1.14,7.49,9.12,16107.84,0.03,939.56,1725.62,32.42,2.04,0.53,100,0,0.39,0,NaN,0,0,4,0,0,4,0,8368.04,1418.33,1119.05,1641.08,65.54,0,0,0,NaN,0,NaN,36.28,0.19,0.14,0,0,0,21189.36
09/27/2025,09,5GNR,Upstate New York,070,Buffalo,HNRT,0709003,MERCY_HOSPITAL,3001,179,0.63,26,4127,100,3281,3281,59864.66,22.21,72.99,1.06,2.04,3.78,1.47,7.28,7.91,41210.41,0,1343.74,2648.46,39.95,1.33,0.36,100,0,0.32,0,NaN,0,0,6,0,0,6,0,8252.85,719.18,815.63,2041.41,177.19,0,0,0,NaN,0,NaN,165.97,1.04,0.13,0,0,0,59252.03
09/27/2025,09,5GNR,Upstate New York,070,Buffalo,HNRT,0709003,MFS_HOSPITAL,2055,114,0.66,6,914,100,484,482,1406.71,14.97,12.38,1.83,1.56,1.24,6.42,8.3,11.61,333.33,0.41,3.99,276.01,5.73,3.37,0.17,NaN,0,0.14,0,NaN,0,0,5,0,0,5,0,3170.58,2780.7,1758.57,1239.84,20.54,0,0,0,NaN,6267.61,NaN,0,0.5,0.13,0,0,0,1386.76
09/27/2025,09,5GNR,Upstate New York,070,Buffalo,HNRT,0709003,MFS_HOSPITAL,2055,115,2.94,16,544,100,356,354,646.94,9.41,8.14,1.65,1.4,0.92,8.41,7.71,13.92,181.02,0.56,1.84,246.67,2.43,6.77,0.41,NaN,0.09,0.18,0,NaN,0,NaN,0,0,NaN,0,0,3000,2750,1375,0,NaN,0,0,0,NaN,0,NaN,0,0,0,0,0,0,670.94
09/27/2025,09,5GNR,Upstate New York,070,Buffalo,HNRT,0709003,MFS_HOSPITAL,2055,116,4.31,61,1415,100,903,899,858.54,13.87,13.56,3.03,2.24,1.34,3.37,7.7,9.09,702.21,0.44,3.83,149.55,4.18,1.28,0.34,NaN,0,0.66,0,NaN,0,0,3,0,0,3,0,3129.25,2113.64,1056.6,1331.03,8.55,0,0,0,NaN,596.27,NaN,13.99,0.06,0.05,0,0,0,1414.21
09/27/2025,09,5GNR,Upstate New York,070,Buffalo,HNRT,0709003,MFS_HOSPITAL,3055,114,1.02,22,2148,100,1474,1474,6240.86,3.36,174.54,0.95,0.79,0.54,1.09,7.96,9.89,5025.05,0,312.94,720.15,7.43,2.43,0.17,NaN,0,0.6,0,NaN,0,NaN,0,0,NaN,0,0,12666.67,20333.33,20333.33,0,NaN,0,0,0,NaN,NaN,NaN,NaN,0,0,0,0,0,6199.49
09/27/2025,09,5GNR,Upstate New York,070,Buffalo,HNRT,0709003,MFS_HOSPITAL,3055,115,0.73,24,3268,100,2155,2151,31664.25,14.83,205.05,1.16,1.37,1.78,0.95,7.84,11.31,31792.18,0.19,937.62,1391.49,14.73,1.29,0.62,NaN,0,0.59,0,NaN,0,0,2,0,0,2,0,9255.88,1262.89,1241.18,1564.1,21.85,0,0,0,NaN,0,NaN,102.56,0.1,0.04,0,0,0,33380.57
09/27/2025,09,5GNR,Upstate New York,070,Buffalo,HNRT,0709003,MFS_HOSPITAL,3055,116,3.22,153,4755,100,3531,3529,14730.28,8.76,136.37,1.14,2.96,5.48,2.49,6.96,6.81,12340,0.06,485.63,974.6,18.21,0.85,2.76,NaN,0,0.72,0,NaN,0,0,1,0,0,1,0,8312.35,683.76,723.28,1649.51,25.75,0,0,0,NaN,0,NaN,7.3,0.21,0.14,0,0,0,14136.79
09/27/2025,09,5GNR,Upstate New York,070,Buffalo,HNRT,0709003,MICHIGAN_AVE,2592,36,0,0,172,100,154,154,573,4.6,9.39,0.63,0.41,0.07,2.28,9.02,12.21,61.14,0,1.03,57.55,0.85,5.98,0,NaN,0,0,0,NaN,0,NaN,0,0,NaN,0,0,3763.16,5611.11,2600,5032.26,NaN,0,0,0,NaN,0,NaN,200,0,0.02,0,0,0,1088.83
09/27/2025,09,5GNR,Upstate New York,070,Buffalo,HNRT,0709003,MICHIGAN_AVE,2592,37,0,0,89,100,82,82,90.4,2.41,13.08,0.64,0.53,0.03,1.53,8.06,9.64,148.76,0,6.01,12.68,0.21,1.55,0,NaN,0,0.75,0,NaN,0,0,1,0,0,1,0,3535.29,3200,1789.77,1989.47,6.63,0,0,0,NaN,425.29,NaN,0,0.03,0.04,0,0,0,153.5
09/27/2025,09,5GNR,Upstate New York,070,Buffalo,HNRT,0709003,MICHIGAN_AVE,2592,38,0.4,1,250,100,200,200,435.43,4.65,16.41,0.92,0.58,0.28,4.36,8.12,16.06,154.18,0,12.23,181.47,1.98,8.03,1.77,100,0,0,0,NaN,0,0,10,0,0,10,0,3014.85,2000,1009.35,1273.97,0.78,0,0,0,NaN,0,NaN,41.67,0.03,0.01,0,0,0,493.64
09/27/2025,09,5GNR,Upstate New York,070,Buffalo,HNRT,0709003,MICHIGAN_AVE,3592,36,0.87,25,2873,100,2406,2405,29390.13,24.12,104.91,1.54,2.56,4.64,1.31,7.38,11.64,26071.05,0.04,1378.58,2547.89,20.59,2.26,0.18,100,0,0.76,0,NaN,0,NaN,0,0,NaN,0,0,8513.04,738.44,972.95,1988.76,140.53,0,0,0.06,NaN,748.83,NaN,142.98,101.77,6.2,0,0,0,29043.71
09/27/2025,09,5GNR,Upstate New York,070,Buffalo,HNRT,0709003,MICHIGAN_AVE,3592,37,2,51,2554,100,2165,2161,78128.38,37.98,175.85,1.24,1.84,3.55,0.6,7.44,11.32,74290.91,0.18,1412.51,2274.13,18.44,2.83,0.67,100,0,0.23,0,NaN,0,0,1,0,0,1,0,10146.74,1862.9,1451.09,1990.57,NaN,0,0,0,NaN,0,NaN,2365.38,0.04,0.02,0,0,0,80616.76
09/27/2025,09,5GNR,Upstate New York,070,Buffalo,HNRT,0709003,MICHIGAN_AVE,3592,38,1.65,24,1456,100,1106,1106,8969.29,6.97,114.49,3.17,2.55,0.86,1.59,7.89,13.06,8661.38,0,188.37,291.48,2.54,2.15,0.32,100,0,1.65,NaN,NaN,NaN,NaN,0,0,NaN,0,0,13250,1500,1500,0,NaN,0,0,0,NaN,0,NaN,0,0,0,0,0,0,8848.84
09/27/2025,09,5GNR,Upstate New York,070,Buffalo,HNRT,0709003,MINA NY,3240,378,2,1,50,100,40,40,64.91,0.04,200.57,0,0.01,0.31,0.94,8.6,16.12,64.43,0,3.15,4.04,0.04,0.58,0,NaN,0,0,NaN,NaN,NaN,NaN,0,0,NaN,0,0,NaN,NaN,NaN,NaN,NaN,0,NaN,0,NaN,NaN,NaN,NaN,0,0,0,0,0,64.45
09/27/2025,09,5GNR,Upstate New York,070,Buffalo,HNRT,0709003,MINA NY,3240,379,2.12,5,236,100,154,154,1705.95,0.66,124.07,0.04,0.09,0.58,2.75,8.16,17.21,1686.76,0,28.24,36.31,0.2,1.5,0,NaN,0,0,NaN,NaN,NaN,NaN,0,0,NaN,0,0,NaN,NaN,NaN,NaN,NaN,0,NaN,0,NaN,NaN,NaN,NaN,0,0,0,0,0,1688.74
09/27/2025,09,5GNR,Upstate New York,070,Buffalo,HNRT,0709003,MINA NY,3240,380,3.2,8,250,100,169,169,774.87,0.32,141.47,0.11,0.17,0.5,1.28,8.5,15.84,749.05,0,34.09,51.04,0.49,1.38,0,NaN,0,0,0,NaN,0,NaN,0,0,NaN,0,0,NaN,NaN,NaN,NaN,NaN,0,NaN,0,NaN,NaN,NaN,NaN,0,0,0,0,0,771.34
09/27/2025,09,5GNR,Upstate New York,070,Buffalo,HNRT,0709003,MORTON_CORNERS,3632,437,1.04,3,288,100,202,202,2771.45,0.96,345.39,0.04,0.4,1.4,0.48,7.49,11.97,2729.9,0,79.44,106.16,0.67,1.66,1.82,NaN,0,2.08,NaN,NaN,NaN,NaN,0,0,NaN,0,0,NaN,NaN,NaN,NaN,NaN,0,NaN,0,NaN,NaN,NaN,NaN,0,0,0,0,0,2730.36
09/27/2025,09,5GNR,Upstate New York,070,Buffalo,HNRT,0709003,MORTON_CORNERS,3632,438,2.4,15,625,100,292,292,15141.14,5.01,159.84,1.06,0.89,0.55,0.48,7.32,12.05,12656.5,0,298.45,491.78,3.15,2.03,5.07,NaN,0,0.69,0,NaN,0,NaN,0,0,NaN,0,0,NaN,NaN,NaN,NaN,NaN,0,NaN,0,NaN,NaN,NaN,NaN,0,0,0,0,0,14932
09/27/2025,09,5GNR,Upstate New York,070,Buffalo,HNRT,0709003,MORTON_CORNERS,3632,439,7.39,26,352,100,253,253,6245.27,10.33,45.46,0.4,0.82,2.21,5.4,7.4,12.62,6335.16,0,118.82,170.81,1.47,0.98,3.85,NaN,0,1.18,NaN,NaN,NaN,0,2,0,0,2,0,7651.04,527.78,524.19,1236.36,NaN,0,0,0,NaN,0,NaN,0,0.01,0.01,0,0,0,6359.19
09/27/2025,09,5GNR,Upstate New York,070,Buffalo,HNRT,0709003,MT PAGOMO,3141,315,15.38,34,221,100,85,85,223.75,0.21,159.35,0.04,0.1,0.68,6.39,6.63,10.3,202.73,0,1.82,6.26,0.14,0.24,6.49,NaN,0,0,NaN,NaN,NaN,NaN,0,0,NaN,0,0,NaN,NaN,NaN,NaN,NaN,0,NaN,0,NaN,NaN,NaN,NaN,0,0,0,0,0,225.59
09/27/2025,09,5GNR,Upstate New York,070,Buffalo,HNRT,0709003,MT PAGOMO,3141,316,1.99,6,302,100,255,255,2751.16,0.87,221.11,0.35,0.3,0.11,0.38,7.77,13.49,2595.03,0,108.05,179.7,0.93,3,0,NaN,0,0,NaN,NaN,NaN,NaN,0,0,NaN,0,0,NaN,NaN,NaN,NaN,NaN,0,NaN,0,NaN,NaN,NaN,NaN,0,0,0,0,0,2728.46
09/27/2025,09,5GNR,Upstate New York,070,Buffalo,HNRT,0709003,MT PAGOMO,3141,317,13.87,538,3880,100,1745,1745,5737.47,5.29,98.74,1.08,1.92,3.16,5.34,5.87,8.11,5567.01,0,116.84,204.14,4.78,0.44,1.99,NaN,0,0.19,0,NaN,0,NaN,0,0,NaN,0,0,NaN,NaN,NaN,NaN,NaN,0,NaN,0,NaN,NaN,NaN,NaN,0,0,0,0,0,5775.83
09/27/2025,09,5GNR,Upstate New York,070,Buffalo,HNRT,0709003,MTSO_HD,2282,4,2.27,137,6032,100,4892,4888,5333.56,52.76,8.36,9.53,9.27,8.92,1.97,8.31,11.28,3156.1,0.08,42.41,560.04,11.38,2.25,0.36,100,0,0.44,0,NaN,0,0,13,0,0,13,0,3244.63,3406.29,2278.37,1875.07,11.7,0,0,0.02,NaN,5988.33,NaN,285.03,1.36,0.57,0,0,0,5335.48
09/27/2025,09,5GNR,Upstate New York,070,Buffalo,HNRT,0709003,MTSO_HD,2282,5,1.71,55,3211,100,2593,2592,2954.37,31.04,9.86,5.01,4.16,2.88,2.58,8.33,12.54,1337.1,0.04,37.3,418.98,6.95,4.03,0.17,100,0,0.41,0,NaN,0,0,11,0,0,11,0,3255.54,3633.23,2410.65,1733.33,8.72,0,0,0.01,NaN,6154.84,NaN,26.95,0.59,0.16,0,0,0,2931.37
09/27/2025,09,5GNR,Upstate New York,070,Buffalo,HNRT,0709003,MTSO_HD,2282,6,3.13,146,4666,100,3355,3355,6113.71,75.91,3.32,18.84,16.69,13.87,1.72,8.05,10.64,2313.1,0,82.12,1146.8,28.95,3.11,0.71,100,0,0.33,0,NaN,0,0,10,0,0,10,0,3416.67,5018.96,2480.72,2055.02,6.96,0,0,0,NaN,386.7,NaN,139.81,0.14,0.09,0,0,0,7886
09/27/2025,09,5GNR,Upstate New York,070,Buffalo,HNRT,0709003,MTSO_HD,3282,4,2.41,46,1906,100,837,837,9397.06,3.24,201.06,1.59,1.18,0.31,1.44,7.91,16.85,7601.93,0,525.93,1062.51,5.06,9.12,0.2,100,0,0.42,0,NaN,0,0,2,0,0,2,0,7404.76,849.06,833.33,965.52,0,0,0,0,NaN,0,NaN,0,0.01,0.01,0,0,0,9334.74
09/27/2025,09,5GNR,Upstate New York,070,Buffalo,HNRT,0709003,MTSO_HD,3282,5,0.95,32,3381,100,2507,2507,68853.79,23.41,222.12,2.16,1.78,0.96,0.24,7.61,14.48,63136.96,0,3718.36,5431.84,29.96,8.11,0.21,100,0,0.05,0,NaN,0,0,10,0,0,10,0,8600,1098.9,1121.62,7311.32,NaN,0,0,0,NaN,0,NaN,91.67,0.02,0.02,0,0,0,71492.92
09/27/2025,09,5GNR,Upstate New York,070,Buffalo,HNRT,0709003,MTSO_HD,3282,6,4.82,95,1969,100,926,926,8906.43,6.99,100.78,1.95,1.58,0.79,1.05,7.77,12.58,6267.19,0,338.81,774.88,8,4.39,0.09,100,0,0.1,0,NaN,0,0,31,0,0,31,0,8236.92,1094.04,1259.79,1691.96,206.73,0,0,0,NaN,167.96,NaN,14.14,6.38,0.99,0,0,0,7167.5
09/27/2025,09,5GNR,Upstate New York,070,Buffalo,HNRT,0709003,NEW ROAD,3550,388,3.6,43,1193,100,710,710,3939.85,3.27,112.2,1.11,1,0.81,1.71,7.69,13.19,3951.46,0,137.27,196.48,2.39,0.41,1.57,NaN,0,0,0,NaN,0,NaN,0,0,NaN,0,0,NaN,NaN,NaN,NaN,NaN,0,NaN,0,NaN,NaN,NaN,NaN,0,0,0,0,0,3984.42
09/27/2025,09,5GNR,Upstate New York,070,Buffalo,HNRT,0709003,NEW ROAD,3550,389,0.93,11,1180,100,508,507,4295.92,1.92,130.96,0.73,0.57,0.24,2.73,8.1,13.82,3992.95,0.2,164.74,233.75,2.35,1.23,1.57,NaN,0,0,0,NaN,0,0,1,0,0,1,0,5750,750,750,0,NaN,0,0,0,NaN,0,NaN,0,0,0,0,0,0,4287.73
09/27/2025,09,5GNR,Upstate New York,070,Buffalo,HNRT,0709003,NEW ROAD,3550,390,18.97,332,1750,100,952,951,2675.06,2.41,57.89,0.8,1.74,2.99,13.29,5.67,6.85,2775.58,0.11,54.25,81.23,3.12,0.12,9.86,NaN,0,0.61,NaN,NaN,NaN,NaN,0,0,NaN,0,0,NaN,NaN,NaN,NaN,NaN,0,NaN,0,NaN,NaN,NaN,NaN,0,0,0,0,0,2789.91
09/27/2025,09,5GNR,Upstate New York,070,Buffalo,HNRT,0709003,NEWFANE_HD,3348,340,0.79,6,758,100,599,599,8431.16,2.38,352.59,2.12,1.43,0.05,0.63,7.96,17.22,7955.46,0,328.61,496.53,2.42,3.93,0,NaN,0,1.08,0,NaN,0,NaN,0,0,NaN,0,0,NaN,NaN,NaN,NaN,NaN,0,NaN,0,NaN,NaN,NaN,NaN,0,0,0,0,0,8333.32
09/27/2025,09,5GNR,Upstate New York,070,Buffalo,HNRT,0709003,NEWFANE_HD,3348,341,11.57,70,605,100,483,483,3226.64,2.06,159.82,0.83,0.61,0.04,0.76,7.85,13.03,3242.3,0,347.42,449.57,2.4,4.71,0,NaN,0,0,NaN,NaN,NaN,NaN,0,0,NaN,0,0,NaN,NaN,NaN,NaN,NaN,0,NaN,0,NaN,NaN,NaN,NaN,0,0,0,0,0,3269.52
09/27/2025,09,5GNR,Upstate New York,070,Buffalo,HNRT,0709003,NEWFANE_HD,3348,342,0.49,2,407,100,181,181,5199.61,1.69,278.28,0.48,0.37,0.04,0.26,7.96,15.64,4782.89,0,203.04,303.41,1.8,4.64,0,NaN,0,0,0,NaN,0,NaN,0,0,NaN,0,0,NaN,NaN,NaN,NaN,NaN,0,NaN,0,NaN,NaN,NaN,NaN,0,0,0,0,0,5203.3
09/27/2025,09,5GNR,Upstate New York,070,Buffalo,HNRT,0709003,NICHTER_ROAD,2549,63,0.46,2,437,100,299,299,394.82,5.19,19.59,1,0.8,0.36,11.26,8.97,11.52,236.08,0,1.38,42.19,0.89,1.58,1.09,NaN,0,0.14,0,NaN,0,NaN,0,0,NaN,0,0,3000,21833.33,9500,1400,NaN,0,0,0,NaN,0,NaN,0,0,0,0,0,0,551.44
09/27/2025,09,5GNR,Upstate New York,070,Buffalo,HNRT,0709003,NICHTER_ROAD,2549,64,4.93,38,771,100,374,374,1577.77,18.71,12.03,2.1,1.85,1.36,7.32,8.85,12.39,562.1,0,4.98,141.25,2.57,1.94,0.32,NaN,0,0.45,0,NaN,0,0,1,0,0,1,0,3105.26,2000,1000,2733.33,0,0,0,0,NaN,0,NaN,0,0.01,0.01,0,0,0,2675.48
09/27/2025,09,5GNR,Upstate New York,070,Buffalo,HNRT,0709003,NICHTER_ROAD,2549,65,0.82,20,2430,100,1977,1975,1534.41,36.81,8.59,12.22,10.14,7.01,11.98,8.09,9.2,1454.95,0.1,27.69,282.79,7.45,1.93,0.5,NaN,0.03,0.3,0,NaN,0,0,6,0,0,6,0,9555.23,8210,8458.55,23488.55,2.23,0,0,0.01,NaN,2081.25,NaN,365.08,0.07,0.03,0,0,0,2556.07
09/27/2025,09,5GNR,Upstate New York,070,Buffalo,HNRT,0709003,NICHTER_ROAD,3549,63,0.52,5,965,100,684,684,18433.93,5.05,297.8,1.81,1.11,0.09,0.82,7.38,10.82,17406.42,0,896.87,1186.71,11.4,3.71,0.33,NaN,0,0.82,0,NaN,0,NaN,0,0,NaN,0,0,NaN,NaN,NaN,NaN,NaN,0,NaN,0,NaN,NaN,NaN,NaN,0,0,0,0,0,18170.55
09/27/2025,09,5GNR,Upstate New York,070,Buffalo,HNRT,0709003,NICHTER_ROAD,3549,64,0.44,4,908,100,433,433,20781.12,6.35,365.77,1.81,1.22,0.07,0.69,7.64,13.98,17307.89,0,872.96,1273.12,6.7,6.23,1.22,NaN,0,0.29,0,NaN,0,NaN,0,0,NaN,0,0,NaN,NaN,NaN,NaN,NaN,0,NaN,0,NaN,NaN,NaN,NaN,0,0,0,0,0,19429.78
09/27/2025,09,5GNR,Upstate New York,070,Buffalo,HNRT,0709003,NICHTER_ROAD,3549,65,8.19,336,4103,100,3189,3189,75107.39,27.34,157.83,0.86,3.1,6.4,2.55,6.78,4.53,56634.17,0,1465.93,2631.02,55.01,1.06,0.97,NaN,0,0.75,0,NaN,0,0,4,0,0,4,0,7793.65,704.08,695.31,7408,NaN,0,0,0,NaN,0,NaN,40,0.03,0.02,0,0,0,73789.34
09/27/2025,09,5GNR,Upstate New York,070,Buffalo,HNRT,0709003,NORTH_COLLINS_RELO,3063,330,2.26,5,221,100,172,172,2870.82,0.95,246.42,0.15,0.15,0.14,0.36,7.83,15.05,3050.5,0,91.24,121.04,0.7,1.92,3.64,NaN,0,0,0,NaN,0,NaN,0,0,NaN,0,0,NaN,NaN,NaN,NaN,NaN,0,NaN,0,NaN,NaN,NaN,NaN,0,0,0,0,0,3051.4
09/27/2025,09,5GNR,Upstate New York,070,Buffalo,HNRT,0709003,NORTH_COLLINS_RELO,3063,331,2.15,2,93,100,83,83,973.79,0.33,422.54,0.1,0.1,0.08,0.93,8.16,13.16,938.97,0,17.89,28.73,0.19,1.22,0,NaN,0,0,NaN,NaN,NaN,NaN,0,0,NaN,0,0,NaN,NaN,NaN,NaN,NaN,0,NaN,0,NaN,NaN,NaN,NaN,0,0,0,0,0,963.68
09/27/2025,09,5GNR,Upstate New York,070,Buffalo,HNRT,0709003,NORTH_COLLINS_RELO,3063,332,10.85,50,461,100,339,339,2202.46,1.09,167.45,0.41,0.35,0.2,1.8,6.67,5.92,2222.19,0,60.15,76.98,1.45,0.68,0,NaN,0,0,NaN,NaN,NaN,NaN,0,0,NaN,0,0,NaN,NaN,NaN,NaN,NaN,0,NaN,0,NaN,NaN,NaN,NaN,0,0,0,0,0,2228.97
09/27/2025,09,5GNR,Upstate New York,070,Buffalo,HNRT,0709003,NYBUFSCRANTON_RELHR,2085,391,3.96,129,3261,100,3101,3098,3478.08,39.97,9.9,7.53,7.12,6.71,3.76,7.99,9.77,1549.22,0.1,24.81,658.12,16.87,1.61,0.73,NaN,0,0.2,0,NaN,0,0,13,0,0,13,0,3398.4,10181.82,4639.96,1541.67,13.68,0,0,0,NaN,613.48,NaN,144.83,0.36,0.13,0,0,0,5479.46
09/27/2025,09,5GNR,Upstate New York,070,Buffalo,HNRT,0709003,NYBUFSCRANTON_RELHR,2085,392,4.46,63,1413,100,1113,1111,1643.57,21.74,7.86,5.54,4.43,3.08,7.75,8.52,11.25,595.82,0.18,12.97,302.76,6.68,2.03,3.38,NaN,0,0.96,3.7,NaN,3.7,0,3,0,0,3,0,3404.55,2896.55,1481.82,1254.55,5.12,0,0,0,NaN,1172.73,NaN,0,0.05,0.02,0,0,0,3188.96
09/27/2025,09,5GNR,Upstate New York,070,Buffalo,HNRT,0709003,NYBUFSCRANTON_RELHR,2085,393,2.81,109,3874,100,3230,3220,3916.23,57.28,8.7,13.99,12.73,11.28,27.97,8.28,11.08,2937.35,0.31,59.54,910.39,21.18,2.08,8.58,NaN,0.01,0.31,0,NaN,0,0,29,0,0,29,0,3943.46,2931.22,3121.19,1782.85,5.43,0,0,0.02,NaN,37670.05,NaN,73.49,0.95,0.22,0,0,0,6938.09
09/27/2025,09,5GNR,Upstate New York,070,Buffalo,HNRT,0709003,NYBUFSCRANTON_RELHR,3085,391,6.03,584,9685,100,7464,7442,31635.96,20.74,81.45,2.07,4.55,8,7.36,5.63,13.97,24222.52,0.29,1023.22,4592.19,49.43,1.58,1.67,100,0,0.46,0,NaN,0,0,36,0,0,36,0,9315.75,774.24,867.12,6443.91,44.98,0.02,0,0.2,NaN,3.65,NaN,1506.51,298.97,186.27,0,0,0,29557.48
09/27/2025,09,5GNR,Upstate New York,070,Buffalo,HNRT,0709003,NYBUFSCRANTON_RELHR,3085,392,1.31,51,3905,100,2464,2464,15059.96,8.6,162.8,1,1.18,1.47,3.63,7.66,13.04,10180.12,0,363.83,734.23,6.84,0.93,1.28,NaN,0,0.7,0,NaN,0,NaN,0,0,NaN,0,0,NaN,NaN,NaN,NaN,NaN,0,NaN,0,NaN,NaN,NaN,NaN,0,0,0,0,0,13451.77
09/27/2025,09,5GNR,Upstate New York,070,Buffalo,HNRT,0709003,NYBUFSCRANTON_RELHR,3085,393,23.23,2510,10807,100,5340,5338,31944.98,26.11,39.01,8.18,21.81,43.55,15.91,5.32,12.25,24059.1,0.04,1509.93,4573.97,53.36,0.58,9.67,NaN,0.02,10.45,1.52,NaN,1.52,10.71,28,3,10.71,28,3,8414.98,899.89,842.93,21443.95,22.42,0,0,0,NaN,167.97,NaN,877.85,8.72,1.68,0,0,0,29480.98
09/27/2025,09,5GNR,Upstate New York,070,Buffalo,HNRT,0709003,OCONNELL,2100,57,0.93,6,643,100,328,328,545.84,7.57,20.6,0.95,0.86,0.67,6.62,8.94,11.03,461.46,0,5.53,43.93,0.95,1.39,2.11,NaN,0,0.31,0,NaN,0,0,3,0,0,3,0,3195.95,5853.66,2770.27,2129.03,6.14,0,0,0,NaN,114.29,NaN,2426.23,0.02,0.01,0,0,0,1084.92
09/27/2025,09,5GNR,Upstate New York,070,Buffalo,HNRT,0709003,OCONNELL,2100,58,1.65,12,728,100,235,235,914.4,11.77,14.47,1.34,1.09,0.39,1.23,8.75,11.54,1001,0,2.15,50.59,1.06,2.65,4.83,NaN,0,0.17,0,NaN,0,NaN,0,0,NaN,0,0,NaN,4000,2000,0,NaN,0,0,0,NaN,NaN,NaN,NaN,0,0,0,0,0,1272.18
09/27/2025,09,5GNR,Upstate New York,070,Buffalo,HNRT,0709003,OCONNELL,2100,59,2.71,9,332,100,142,142,144.54,2.44,13.51,0.43,0.36,0.12,6.67,8.06,10.51,126.57,0,0.81,16.14,0.41,1.35,0.69,NaN,0,0.67,0,NaN,0,NaN,0,0,NaN,0,0,NaN,NaN,NaN,NaN,NaN,0,NaN,0,NaN,NaN,NaN,NaN,0,0,0,0,0,173.61
09/27/2025,09,5GNR,Upstate New York,070,Buffalo,HNRT,0709003,OCONNELL,3100,57,0.08,1,1301,100,778,778,9311.15,3.5,354.86,0.4,0.33,0.17,1.01,8.15,10.92,6325.37,0,183.66,313.3,3.75,1.47,1.91,NaN,0,0.51,0,NaN,0,0,1,0,0,1,0,7535.24,949.01,827.62,2156.56,60.07,0,0,0,NaN,0,NaN,1238.28,0.22,0.12,0,0,0,8719.15
09/27/2025,09,5GNR,Upstate New York,070,Buffalo,HNRT,0709003,OCONNELL,3100,58,0.27,4,1458,100,797,797,21214.97,7.53,296.4,2.62,1.73,0.12,0.71,7.74,10.13,19249.66,0,425.42,762.53,5.66,1.84,0.29,NaN,0,0.48,0,NaN,0,0,2,0,0,2,0,8864.79,961.54,885.92,1980.39,NaN,0,0,0,NaN,0,NaN,95.77,0.15,0.08,0,0,0,20631.34
09/27/2025,09,5GNR,Upstate New York,070,Buffalo,HNRT,0709003,OCONNELL,3100,59,6.43,74,1151,100,634,634,6962.32,2.82,276.6,0.37,0.53,0.8,5.71,6.69,5.92,6836.58,0,129.7,165.37,3.99,0.81,4.35,NaN,0,0,NaN,NaN,NaN,NaN,0,0,NaN,0,0,5500,87500,87500,0,NaN,0,0,0,NaN,NaN,NaN,NaN,0,0,0,0,0,6958.13
09/27/2025,09,5GNR,Upstate New York,070,Buffalo,HNRT,0709003,OLCOTT_CDMA,3174,448,0.76,11,1445,100,1078,1077,9405.21,2.73,264.09,2.19,1.47,0.16,0.83,8.19,15.56,7525.29,0.09,526.54,1041.97,4.32,4.56,0.1,NaN,0,0.32,0,NaN,0,0,1,0,0,1,0,7500,625,625,0,NaN,0,0,0,NaN,0,NaN,0,0,0,0,0,0,9261.75
09/27/2025,09,5GNR,Upstate New York,070,Buffalo,HNRT,0709003,OLCOTT_CDMA,3174,449,0,0,517,100,211,211,2652.81,1.09,314.29,0.21,0.18,0.05,0.59,8.66,14.06,1970.85,0,43.42,85.74,0.47,1.92,0,NaN,0,0,NaN,NaN,NaN,NaN,0,0,NaN,0,0,NaN,NaN,NaN,NaN,NaN,0,NaN,0,NaN,NaN,NaN,NaN,0,0,0,0,0,2628.34
09/27/2025,09,5GNR,Upstate New York,070,Buffalo,HNRT,0709003,OLCOTT_CDMA,3174,450,8.37,38,454,100,326,326,4989.38,1.43,198.36,1.6,1.21,0.23,1.16,7.75,16.42,4249.01,0,118.86,184.99,1.59,0.78,0,NaN,0,0.29,0,NaN,0,NaN,0,0,NaN,0,0,NaN,NaN,NaN,NaN,NaN,0,NaN,0,NaN,NaN,NaN,NaN,0,0,0,0,0,4913.62
09/27/2025,09,5GNR,Upstate New York,070,Buffalo,HNRT,0709003,OLEAN,3234,254,1.19,1,84,100,78,77,244.1,0.07,18.64,0.01,0.02,0.08,0.15,7.63,14.77,17.06,1.28,2.32,13.95,0.06,0.78,0,NaN,0,0,NaN,NaN,NaN,NaN,0,0,NaN,0,0,NaN,NaN,NaN,NaN,NaN,0,NaN,0,NaN,NaN,NaN,NaN,0,0,0,0,0,236.97
09/27/2025,09,5GNR,Upstate New York,070,Buffalo,HNRT,0709003,OLEAN,3234,255,1.16,57,4912,100,3465,3463,38388.18,19.67,144.21,1.36,1.91,2.94,0.54,7.83,11.95,38261.53,0.06,1283.9,1798.77,14.4,1.15,0.69,NaN,0,0.07,0,NaN,0,0,1,0,0,1,0,7750,875,875,0,NaN,0,0,0,NaN,0,NaN,0,0,0,0,0,0,38988.69
09/27/2025,09,5GNR,Upstate New York,070,Buffalo,HNRT,0709003,OLEAN,3234,256,0.73,75,10223,100,7864,7859,106443.21,47.78,78.29,1.47,3.98,8.68,0.69,7.8,12.21,87990.7,0.06,3281.42,5351.49,38.83,1.45,0.13,NaN,0,0.2,0,NaN,0,0,30,0,0,30,0,8656.99,808.01,1140.49,2006.66,147.64,0,0,0.01,NaN,47.94,NaN,17.48,7.05,1.22,0,0,0,106361.22
09/27/2025,09,5GNR,Upstate New York,070,Buffalo,HNRT,0709003,ORCHARD_PARK,2273,93,14.23,68,478,100,354,354,296.53,6.48,3.39,2.84,2.39,1.9,16.21,7.95,9.35,82.39,0,9.46,57.6,1.79,0.57,2.72,NaN,0,0.84,0,NaN,0,0,5,0,0,5,0,3272.19,2057.02,1407.87,1618.18,13.47,0,0,0,NaN,2274.71,NaN,128.86,0.42,0.14,0,0,0,318.66
09/27/2025,09,5GNR,Upstate New York,070,Buffalo,HNRT,0709003,ORCHARD_PARK,2273,94,1.91,27,1413,100,1010,1010,1170.34,20.66,15.15,4.64,3.99,3.02,9.93,8.85,11.09,712.95,0,7.58,210.31,4.85,2.3,3.47,NaN,0,0.29,0,NaN,0,0,1,0,0,1,0,3844.59,4710.18,3424.49,8709.8,2.53,0,0,0.04,NaN,1227.62,NaN,14.68,0.73,0.39,0,0,0,1862.18
09/27/2025,09,5GNR,Upstate New York,070,Buffalo,HNRT,0709003,ORCHARD_PARK,2273,95,1.29,7,544,100,384,384,439.07,5.08,19.87,0.38,0.34,0.23,15.88,8.58,13.05,418.39,0,0.66,33.79,0.56,1.62,2.24,NaN,0,0,0,NaN,0,NaN,0,0,NaN,0,0,NaN,NaN,NaN,NaN,NaN,0,NaN,0,NaN,NaN,NaN,NaN,0,0,0,0,0,582.53
09/27/2025,09,5GNR,Upstate New York,070,Buffalo,HNRT,0709003,ORCHARD_PARK,3273,93,9.29,13,140,100,83,83,431.39,0.17,488.53,0.04,0.05,0.23,1.37,8.4,16.7,365.85,0,37.54,60.56,0.25,5.65,0,NaN,0,1.27,0,NaN,0,NaN,0,0,NaN,0,0,NaN,NaN,NaN,NaN,NaN,0,NaN,0,NaN,NaN,NaN,NaN,0,0,0,0,0,398.13
09/27/2025,09,5GNR,Upstate New York,070,Buffalo,HNRT,0709003,ORCHARD_PARK,3273,94,1.45,24,1659,100,1109,1107,4114.89,2.65,207.62,0.44,0.47,0.55,1.62,8.15,10.33,3313.55,0.18,75.57,115.91,1.57,0.43,2.11,NaN,0,0.78,0,NaN,0,NaN,0,0,NaN,0,0,NaN,NaN,NaN,NaN,NaN,0,NaN,0,NaN,NaN,NaN,NaN,0,0,0,0,0,3379.24
09/27/2025,09,5GNR,Upstate New York,070,Buffalo,HNRT,0709003,ORCHARD_PARK,3273,95,21.03,396,1883,100,987,986,4388.42,3.37,77.18,1.54,2.36,3.39,17.6,4.87,7.5,3339.91,0.1,119.77,236.37,5.2,0.44,8.17,NaN,0,5.22,0,NaN,0,NaN,0,0,NaN,0,0,NaN,NaN,NaN,NaN,NaN,0,NaN,0,NaN,NaN,NaN,NaN,0,0,0,0,0,4285.51
09/27/2025,09,5GNR,Upstate New York,070,Buffalo,HNRT,0709003,ORCHARD_PARK_SOUTH,3355,139,0,0,46,100,33,33,350.58,0.23,93.41,0.03,0.03,0.04,0.81,7.42,6.92,316.03,0,10.23,16.54,0.27,0.71,0,NaN,0,0,NaN,NaN,NaN,NaN,0,0,NaN,0,0,NaN,NaN,NaN,NaN,NaN,0,NaN,0,NaN,NaN,NaN,NaN,0,0,0,0,0,346.81
09/27/2025,09,5GNR,Upstate New York,070,Buffalo,HNRT,0709003,ORCHARD_PARK_SOUTH,3355,140,1.04,5,479,100,380,379,9964.57,3.76,299.49,1.07,0.78,0.03,0.21,7.45,10.86,9647.28,0.26,189.8,252.42,1.76,1.65,0,NaN,0,0,NaN,NaN,NaN,NaN,0,0,NaN,0,0,NaN,NaN,NaN,NaN,NaN,0,NaN,0,NaN,NaN,NaN,NaN,0,0,0,0,0,9856.24
09/27/2025,09,5GNR,Upstate New York,070,Buffalo,HNRT,0709003,ORCHARD_PARK_SOUTH,3355,141,0,0,234,100,194,194,1860.46,0.69,100.87,0.25,0.22,0.1,0.43,8.06,11.81,1267.74,0,15.27,200.69,1.64,3.76,0.43,NaN,0,0,0,NaN,0,NaN,0,0,NaN,0,0,NaN,NaN,NaN,NaN,NaN,0,NaN,0,NaN,NaN,NaN,NaN,0,0,0,0,0,1832.85
09/27/2025,09,5GNR,Upstate New York,070,Buffalo,HNRT,0709003,PARKEDGE_AND_SHERIDAN,2591,66,4.51,12,266,100,229,229,531.17,4.82,23.56,0.43,0.39,0.25,4.19,8.36,14.93,580.53,0,16.93,33.79,0.46,3,2.75,NaN,0,5.15,NaN,NaN,NaN,NaN,0,0,NaN,0,0,NaN,NaN,3780.49,NaN,NaN,0,NaN,0,NaN,NaN,NaN,NaN,0,0,0,0,0,586.86
09/27/2025,09,5GNR,Upstate New York,070,Buffalo,HNRT,0709003,PARKEDGE_AND_SHERIDAN,2591,67,1.4,8,572,100,380,380,138.19,2.41,12.41,0.76,0.68,0.28,27.06,9.59,15.47,136.75,0,4.16,21.65,0.34,1.78,4.07,100,0,0,0,NaN,0,NaN,0,0,NaN,0,0,NaN,NaN,NaN,NaN,NaN,0,NaN,0,NaN,NaN,NaN,NaN,0,0,0,0,0,157.89
09/27/2025,09,5GNR,Upstate New York,070,Buffalo,HNRT,0709003,PARKEDGE_AND_SHERIDAN,2591,68,4.17,11,264,100,200,200,258.29,3.12,12.49,0.46,0.42,0.24,6.72,8.34,11.34,154.89,0,1.66,20.66,0.35,2.44,13.51,NaN,0,7.26,NaN,NaN,NaN,NaN,0,0,NaN,0,0,5921.05,NaN,1973.68,NaN,NaN,0,NaN,0,NaN,NaN,NaN,NaN,0,0,0,0,0,355.91
09/27/2025,09,5GNR,Upstate New York,070,Buffalo,HNRT,0709003,PARKEDGE_AND_SHERIDAN,3591,66,0.89,12,1347,100,810,810,6522.78,2.41,357.04,0.57,0.52,0.41,4.42,8.06,14,5805.24,0,246.31,348.41,2.13,3.58,0.44,NaN,0,0.26,0,NaN,0,NaN,0,0,NaN,0,0,7310.66,1155.18,1405.14,450.73,0,0,0,0,NaN,0,NaN,57.97,0.13,0.12,0,0,0,6506.34
09/27/2025,09,5GNR,Upstate New York,070,Buffalo,HNRT,0709003,PARKEDGE_AND_SHERIDAN,3591,67,2.03,25,1232,100,619,619,2875.97,1.39,228.69,0.63,0.93,1.7,4.98,8.34,9.47,2634.86,0,119.74,178.49,3.94,2.9,1.01,NaN,0,0,0,NaN,0,NaN,0,0,NaN,0,0,NaN,NaN,NaN,NaN,NaN,0,NaN,0,NaN,NaN,NaN,NaN,0,0,0,0,0,2836.46
09/27/2025,09,5GNR,Upstate New York,070,Buffalo,HNRT,0709003,PARKEDGE_AND_SHERIDAN,3591,68,1.65,50,3033,100,1571,1571,11099.69,4.2,215.18,1.47,1.18,0.7,0.94,8.34,12.78,8722.76,0,422.1,751.13,7.13,1.7,1.27,NaN,0,0.38,0,NaN,0,0,1,0,0,1,0,9284.97,939.47,1666.93,940.68,283.75,0,0,0,NaN,71.38,NaN,31.42,5.2,0.43,0,0,0,10896.71
09/27/2025,09,5GNR,Upstate New York,070,Buffalo,HNRT,0709003,PARKER_BLVD,2113,7,13.35,65,487,100,329,329,183.75,5.76,3,2.88,2.47,1.82,17.94,7.69,8.52,78.61,0,1.67,49.52,1.73,0.91,1.62,NaN,0,1.17,0,NaN,0,0,1,0,0,1,0,3234.51,2111.11,2668.14,797.39,11.32,0,0,0,NaN,24902.65,NaN,64.1,0.24,0.01,0,0,0,249.11
09/27/2025,09,5GNR,Upstate New York,070,Buffalo,HNRT,0709003,PARKER_BLVD,2113,8,10.57,140,1325,100,936,936,690.67,13.44,11.14,4.14,3.02,1.45,14.27,8.01,8.98,390.78,0,5.2,138.82,3.7,1.75,0.45,100,0,0.22,0,NaN,0,0,2,0,0,2,0,3636.36,16111.11,9363.64,0,NaN,0,0,0,NaN,0,NaN,0,0,0,0,0,0,2074.09
09/27/2025,09,5GNR,Upstate New York,070,Buffalo,HNRT,0709003,PARKER_BLVD,2113,9,3.14,31,987,100,496,496,931.41,12.15,16.62,1.89,1.45,0.72,2.11,8.25,11.3,566.08,0,10.32,185.92,3.28,4.96,0.27,100,0,0.63,0,NaN,0,0,1,0,0,1,0,5843.75,2000,1000,1740.74,4.92,0,0,0,NaN,17774.95,NaN,371.82,2,0.05,0,0,0,1255.42
09/27/2025,09,5GNR,Upstate New York,070,Buffalo,HNRT,0709003,PARKER_BLVD,3113,7,1.71,51,2988,100,2740,2739,17241.35,7.42,180.62,2.05,1.58,0.78,0.59,7.84,13.25,13706.44,0.04,537.31,1036.14,7.48,1.87,0.54,100,0,0.35,0,NaN,0,0,5,0,0,5,0,9752.49,1206.67,998.34,2173.47,24.58,0,0,0,NaN,26.94,NaN,0,0.23,0.04,0,0,0,17199.35
09/27/2025,09,5GNR,Upstate New York,070,Buffalo,HNRT,0709003,PARKER_BLVD,3113,8,0.78,24,3073,100,2413,2410,17686.03,8.75,172.51,1.19,1.03,0.74,0.81,8.09,14.36,13621.85,0.12,757.11,2929.26,11.55,6.76,0.41,100,0,0.21,0,NaN,0,0,1,0,0,1,0,10083.33,620.69,604.17,1068.97,NaN,0,0,0,NaN,0,NaN,0,0.02,0.03,0,0,0,16165.76
09/27/2025,09,5GNR,Upstate New York,070,Buffalo,HNRT,0709003,PARKER_BLVD,3113,9,1.54,15,971,100,370,370,3787.61,2.98,138.87,0.84,0.7,0.41,1.27,7.67,6.79,3044.2,0,240.31,382.87,7.34,1.96,0.99,100,0,0.72,0,NaN,0,NaN,0,0,NaN,0,0,NaN,NaN,NaN,NaN,NaN,0,NaN,0,NaN,NaN,NaN,NaN,0,0,0,0,0,3428.12
09/27/2025,09,5GNR,Upstate New York,070,Buffalo,HNRT,0709003,PARTRIDGE_ROAD,3107,155,0,0,37,100,25,25,75.82,0.03,331.09,0.01,0.01,0.35,0.25,9.15,16.7,31.51,0,2.36,4.5,0.03,0.85,0,NaN,0,0,NaN,NaN,NaN,NaN,0,0,NaN,0,0,NaN,NaN,NaN,NaN,NaN,0,NaN,0,NaN,NaN,NaN,NaN,0,0,0,0,0,74.7
09/27/2025,09,5GNR,Upstate New York,070,Buffalo,HNRT,0709003,PARTRIDGE_ROAD,3107,156,1.85,2,108,100,76,76,1299.06,0.29,749.65,0.03,0.04,0.09,0.84,7.97,15.71,1264.21,0,40.59,53.82,0.24,6.54,0,NaN,0,0,NaN,NaN,NaN,NaN,0,0,NaN,0,0,NaN,NaN,NaN,NaN,NaN,0,NaN,0,NaN,NaN,NaN,NaN,0,0,0,0,0,1272.98
09/27/2025,09,5GNR,Upstate New York,070,Buffalo,HNRT,0709003,PARTRIDGE_ROAD,3107,157,1.06,1,94,100,72,72,112.78,0.07,193.64,0.01,0.01,0.01,0.21,9.1,11.71,109.99,0,11.29,12.71,0.1,1.2,0,NaN,0,0,NaN,NaN,NaN,NaN,0,0,NaN,0,0,NaN,NaN,NaN,NaN,NaN,0,NaN,0,NaN,NaN,NaN,NaN,0,0,0,0,0,112.18
09/27/2025,09,5GNR,Upstate New York,070,Buffalo,HNRT,0709003,PATWOOD,3701,302,0.84,9,1069,100,608,608,4837.55,2.87,144.29,0.94,0.67,0.18,0.97,8.02,13.06,4351.68,0,226.7,380.74,2.52,1.62,0,NaN,0,0,NaN,NaN,NaN,NaN,0,0,NaN,0,0,NaN,NaN,NaN,NaN,NaN,0,NaN,0,NaN,NaN,NaN,NaN,0,0,0,0,0,4801.8
09/27/2025,09,5GNR,Upstate New York,070,Buffalo,HNRT,0709003,PATWOOD,3701,303,2.05,9,439,100,351,348,2899.03,1.98,122.2,0.46,0.43,0.34,0.61,7.77,11.88,2778.94,0.85,95.53,153.58,1.35,1.18,0,NaN,0,0,NaN,NaN,NaN,0,1,0,0,1,0,6300,30100,30100,0,NaN,0,0,0,NaN,0,NaN,0,0,0,0,0,0,2879.57
09/27/2025,09,5GNR,Upstate New York,070,Buffalo,HNRT,0709003,PATWOOD,3701,304,1.96,23,1175,100,760,760,11798.02,4.33,252.89,1.31,0.9,0.2,0.89,7.58,11.11,11624.02,0,390.63,506.54,3.37,1.13,0,NaN,0,0,0,NaN,0,NaN,0,0,NaN,0,0,NaN,NaN,NaN,NaN,NaN,0,NaN,0,NaN,NaN,NaN,NaN,0,0,0,0,0,11692.48
09/27/2025,09,5GNR,Upstate New York,070,Buffalo,HNRT,0709003,PEACE_BRIDGE,2286,42,5.23,59,1128,100,933,932,2164.88,27.17,10.35,3,2.68,1.91,2.38,8.16,9.69,1039.33,0.11,15.15,150.44,3.21,2.22,0.65,NaN,0,0.35,0,NaN,0,NaN,0,0,NaN,0,0,NaN,NaN,NaN,NaN,NaN,0,NaN,0,NaN,0,NaN,0,0,0,0,0,0,2616.74
09/27/2025,09,5GNR,Upstate New York,070,Buffalo,HNRT,0709003,PEACE_BRIDGE,2286,43,9.13,374,4095,100,3030,3028,1732.05,41.04,7.52,11.14,9.28,6.6,8.5,7.74,8.25,2184.49,0.07,19.66,220.63,8.13,1.13,0.59,NaN,0,0.83,0,NaN,0,0,4,0,0,4,0,3463.97,2638.68,3144.61,1631.78,31.14,0,0,0.11,NaN,67531.1,NaN,136.79,22.06,1.23,0,0,0,3130.33
09/27/2025,09,5GNR,Upstate New York,070,Buffalo,HNRT,0709003,PEACE_BRIDGE,2286,44,3.49,80,2294,100,1555,1554,1434.06,31.03,7.66,5.19,4.54,2.94,2.68,8.04,8.84,1505.54,0.06,7.68,74.97,2.8,0.96,1.72,100,0,1.17,0,NaN,0,0,1,0,0,1,0,3000,2000,1000,NaN,NaN,0,0,0,NaN,0,NaN,NaN,0,0,0,0,0,1837.61
09/27/2025,09,5GNR,Upstate New York,070,Buffalo,HNRT,0709003,PEACE_BRIDGE,3286,42,1.21,14,1161,100,819,819,4238.48,1.72,279,0.76,0.65,0.37,0.59,8.55,18.35,3391.03,0,280.37,567.04,2.16,13.29,0.77,NaN,0,1.07,0,NaN,0,0,1,0,0,1,0,6000,34250,34250,0,NaN,0,0,0,NaN,NaN,NaN,NaN,0,0,0,0,0,3754.45
09/27/2025,09,5GNR,Upstate New York,070,Buffalo,HNRT,0709003,PEACE_BRIDGE,3286,43,0.97,65,6735,100,5062,5061,78179.18,35.23,133.54,0.32,0.73,1.42,0.71,7.33,10.5,72704.71,0.02,5557.16,7633.03,63.41,2.62,0.46,NaN,0,0.14,0,NaN,0,0,14,0,0,14,0,8394.54,873.56,3187.33,2281.8,40.96,0,0,0.01,NaN,0,NaN,48,0.43,0.14,0,0,0,77458.87
09/27/2025,09,5GNR,Upstate New York,070,Buffalo,HNRT,0709003,PEACE_BRIDGE,3286,44,2.63,115,4379,100,2982,2970,37778.75,15.76,195.37,0.68,1.28,2.26,0.9,7.46,9.53,34420.45,0.4,2082.42,3094.47,35.15,3.57,1.63,100,0,0.32,0,NaN,0,NaN,0,0,NaN,0,0,22500,2000,2000,0,NaN,0,0,0,NaN,NaN,NaN,NaN,0,0,0,0,0,37097.96
09/27/2025,09,5GNR,Upstate New York,070,Buffalo,HNRT,0709003,POLAND-FREWSBURG,3043,174,1.46,4,274,100,172,172,1046.7,0.42,235.75,0.1,0.12,0.25,0.27,7.57,14.97,1036.6,0,79.17,99.62,0.43,2.44,0,NaN,0,0,NaN,NaN,NaN,NaN,0,0,NaN,0,0,NaN,NaN,NaN,NaN,NaN,0,NaN,0,NaN,NaN,NaN,NaN,0,0,0,0,0,1036.65
09/27/2025,09,5GNR,Upstate New York,070,Buffalo,HNRT,0709003,POLAND-FREWSBURG,3043,175,1.64,14,854,100,614,614,6635.8,3.2,192.04,0.48,0.36,0.07,0.41,7.54,12.69,6475.72,0,200.27,266.32,1.48,0.74,0,NaN,0,1.28,0,NaN,0,NaN,0,0,NaN,0,0,NaN,NaN,NaN,NaN,NaN,0,NaN,0,NaN,NaN,NaN,NaN,0,0,0,0,0,6576.16
09/27/2025,09,5GNR,Upstate New York,070,Buffalo,HNRT,0709003,POLAND-FREWSBURG,3043,176,0.4,2,497,100,270,269,2409.43,0.95,405.29,0.12,0.12,0.11,0.32,7.88,12.94,2344.31,0.37,89.48,122.28,0.78,1.13,0,NaN,0,0,0,NaN,0,NaN,0,0,NaN,0,0,NaN,NaN,NaN,NaN,NaN,0,NaN,0,NaN,NaN,NaN,NaN,0,0,0,0,0,2380.81
09/27/2025,09,5GNR,Upstate New York,070,Buffalo,HNRT,0709003,POLISH_HILL_RD_RTE_219,2386,19,0.81,9,1118,100,716,715,1356.4,15.91,21.07,1.98,1.6,1.06,2.68,8.65,10.7,996.07,0.14,12.6,155.12,3.48,1.4,5.38,NaN,0,0.19,0,NaN,0,0,1,0,0,1,0,3000,2038.46,1013.51,848.48,0.91,0,0,0,NaN,0,NaN,0,0.01,0.01,0,0,0,2065.16
09/27/2025,09,5GNR,Upstate New York,070,Buffalo,HNRT,0709003,POLISH_HILL_RD_RTE_219,2386,20,1.71,22,1286,100,800,799,626.87,10.24,11.62,2.99,2.47,1.47,9.02,8.96,11.45,410.5,0.12,4.5,69.39,1.73,1.35,6.63,NaN,0,1.6,0,NaN,0,NaN,0,0,NaN,0,0,NaN,NaN,NaN,NaN,NaN,0,NaN,0,NaN,NaN,NaN,NaN,0,0,0,0,0,846.82
09/27/2025,09,5GNR,Upstate New York,070,Buffalo,HNRT,0709003,POLISH_HILL_RD_RTE_219,2386,21,15.27,89,583,100,191,191,266.28,9.39,4.73,1.08,0.94,0.41,3.69,8.16,10.35,222.61,0,0.69,25.99,0.63,1.19,4.22,NaN,0,2.13,NaN,NaN,NaN,NaN,0,0,NaN,0,0,NaN,NaN,NaN,NaN,NaN,0,NaN,0,NaN,NaN,NaN,NaN,0,0,0,0,0,283.22
09/27/2025,09,5GNR,Upstate New York,070,Buffalo,HNRT,0709003,POLISH_HILL_RD_RTE_219,3386,19,1.62,43,2655,100,1916,1914,39953.13,12.24,309.4,3.89,2.58,0.37,0.32,7.48,12.26,28594.74,0.1,1216.38,1921.09,13.05,2.2,0.41,NaN,0,0.2,0,NaN,0,NaN,0,0,NaN,0,0,NaN,2000,2000,0,NaN,0,0,0,NaN,NaN,NaN,NaN,0,0,0,0,0,38795.67
09/27/2025,09,5GNR,Upstate New York,070,Buffalo,HNRT,0709003,POLISH_HILL_RD_RTE_219,3386,20,1.99,40,2008,100,1294,1294,6439.64,3.16,243.44,0.87,0.69,0.35,1.27,7.84,11.91,5880.6,0,292.87,403.44,2.86,1.27,3.69,NaN,0,1.68,NaN,NaN,NaN,NaN,0,0,NaN,0,0,NaN,NaN,NaN,NaN,NaN,0,NaN,0,NaN,NaN,NaN,NaN,0,0,0,0,0,6164.31
09/27/2025,09,5GNR,Upstate New York,070,Buffalo,HNRT,0709003,POLISH_HILL_RD_RTE_219,3386,21,4.05,46,1137,100,681,681,12948.58,6.59,142.87,0.81,0.82,0.84,1.9,6.78,5.95,12817.07,0,194.82,287.94,5.8,0.75,1.28,NaN,0,0.47,0,NaN,0,NaN,0,0,NaN,0,0,NaN,NaN,NaN,NaN,NaN,0,NaN,0,NaN,NaN,NaN,NaN,0,0,0,0,0,12913.16
09/27/2025,09,5GNR,Upstate New York,070,Buffalo,HNRT,0709003,PORTLAND,3239,406,3.04,72,2369,100,1432,1431,13126.62,7.43,203.51,1.17,1.01,0.79,0.85,6.78,9.96,13624.81,0.07,761.82,865.86,11.2,1.14,1.53,NaN,0,0.54,0,NaN,0,NaN,0,0,NaN,0,0,NaN,NaN,NaN,NaN,NaN,0,NaN,0,NaN,NaN,NaN,NaN,0,0,0,0,0,13664.64
09/27/2025,09,5GNR,Upstate New York,070,Buffalo,HNRT,0709003,PORTLAND,3239,407,3.28,6,183,100,167,167,565.46,0.27,156.11,0.04,0.04,0.07,0.41,7.14,9.92,612.17,0,25.44,34.29,0.3,1.71,0,NaN,0,0,NaN,NaN,NaN,NaN,0,0,NaN,0,0,NaN,NaN,NaN,NaN,NaN,0,NaN,0,NaN,NaN,NaN,NaN,0,0,0,0,0,612.58
09/27/2025,09,5GNR,Upstate New York,070,Buffalo,HNRT,0709003,PORTLAND,3239,408,7.83,110,1404,100,686,686,5584.83,5.98,65.91,1,1.35,1.98,3.38,6.56,7.1,5633.21,0,61.89,95.71,2.76,0.21,1.84,NaN,0,0,0,NaN,0,0,1,0,0,1,0,7625,750,750,0,NaN,0,0,0,NaN,0,NaN,0,0,0,0,0,0,5659.07
09/27/2025,09,5GNR,Upstate New York,070,Buffalo,HNRT,0709003,QUINSBERRY,3598,387,0,0,213,100,158,158,1116.2,0.63,196.43,0.03,0.03,0.03,0.56,8.07,13.88,1012.19,0,82.91,114.26,0.55,4.14,0.21,NaN,0,0,0,NaN,0,NaN,0,0,NaN,0,0,NaN,NaN,NaN,NaN,NaN,0,NaN,0,NaN,NaN,NaN,NaN,0,0,0,0,0,1098.42
09/27/2025,09,5GNR,Upstate New York,070,Buffalo,HNRT,0709003,RANSOMVILLE,3360,165,2.68,11,410,100,273,273,10833.17,3.52,311.58,1.15,0.83,0.08,0.29,7.72,14.02,10679.31,0,445.84,555.9,2.17,4.84,0,NaN,0,0,0,NaN,0,NaN,0,0,NaN,0,0,NaN,NaN,NaN,NaN,NaN,0,NaN,0,NaN,NaN,NaN,NaN,0,0,0,0,0,10750.92
09/27/2025,09,5GNR,Upstate New York,070,Buffalo,HNRT,0709003,RANSOMVILLE,3360,166,2.91,53,1824,100,1584,1584,24899.68,8.27,275.73,1.34,1,0.37,0.31,7.62,14.56,19688.49,0,960.09,1675.55,8.64,3.73,0.62,NaN,0,0.09,0,NaN,0,NaN,0,0,NaN,0,0,NaN,NaN,NaN,NaN,NaN,0,NaN,0,NaN,NaN,NaN,NaN,0,0,0,0,0,24785.6
09/27/2025,09,5GNR,Upstate New York,070,Buffalo,HNRT,0709003,RANSOMVILLE,3360,167,3.82,19,497,100,431,431,5949.4,2.17,252.51,0.74,0.52,0.16,0.83,7.49,15.42,5176.75,0,5208.25,5888.6,21.75,28.45,2.25,NaN,0,0,NaN,NaN,NaN,0,1,0,0,1,0,8750,625,625,0,NaN,0,0,0,NaN,0,NaN,0,0,0,0,0,0,5866.88
09/27/2025,09,5GNR,Upstate New York,070,Buffalo,HNRT,0709003,RANSOM_ROAD,2110,96,1.37,31,2270,100,1534,1532,2731.72,38.37,12.36,5.94,4.84,2.56,3.26,8.03,9.03,3258.61,0.13,23.99,124.57,3.72,1.04,1.63,NaN,0,0.27,0,NaN,0,0,1,0,0,1,0,NaN,NaN,NaN,NaN,NaN,0,NaN,0,NaN,NaN,NaN,NaN,0,0,0,0,0,3616.84
09/27/2025,09,5GNR,Upstate New York,070,Buffalo,HNRT,0709003,RANSOM_ROAD,2110,97,3.28,36,1097,100,420,419,1043.35,10.94,10.52,1.4,1.07,0.38,22.52,8.92,12.47,280.08,0.24,3.75,76.43,1.32,2.09,2.83,NaN,0,0.18,0,NaN,0,0,2,0,0,2,0,4006.91,2094.02,2532.43,554.75,53.34,0,0,0.03,NaN,53754.54,NaN,94.26,5.26,0.12,0,0,0,831.26
09/27/2025,09,5GNR,Upstate New York,070,Buffalo,HNRT,0709003,RANSOM_ROAD,2110,98,3.91,71,1817,100,1493,1493,802.12,13.89,12.17,3.07,2.4,1.33,19.99,8,10.02,679.66,0,13.36,92.68,2.65,0.94,13.75,NaN,0,1.11,0,NaN,0,0,2,0,0,2,0,4274.19,5310.34,2932.43,1970.59,NaN,0,0,0,NaN,0,NaN,NaN,0,0,0,0,0,1383.74
09/27/2025,09,5GNR,Upstate New York,070,Buffalo,HNRT,0709003,RANSOM_ROAD,3110,96,2.02,51,2528,100,1533,1532,16821.32,9.5,212.73,1.07,0.97,0.8,3.1,5.61,5.91,13024.54,0.07,234.48,382.85,9.23,0.72,2.68,NaN,0,0,NaN,NaN,NaN,NaN,0,0,NaN,0,0,52400,47750,47750,0,NaN,0,0,0,NaN,NaN,NaN,NaN,0,0,0,0,0,16104.57
09/27/2025,09,5GNR,Upstate New York,070,Buffalo,HNRT,0709003,RANSOM_ROAD,3110,97,3.23,132,4084,100,1507,1507,18610.13,8.62,179.97,1.32,1.62,2.11,3.72,8.1,14.1,12333.12,0,466.47,865.31,7.62,1.07,1.03,NaN,0,0.54,0,NaN,0,0,5,0,0,5,0,9334.04,732.3,1657.45,2229.98,265.26,0,0,0.01,NaN,2124.71,NaN,65.1,11.31,0.66,0,0,0,18765.18
09/27/2025,09,5GNR,Upstate New York,070,Buffalo,HNRT,0709003,RANSOM_ROAD,3110,98,12.52,823,6575,100,4531,4530,17264.04,9.56,117.52,1.96,8.47,16.55,8.58,6.77,8.45,15102.23,0.02,291.21,1200.11,25.85,0.7,11.47,NaN,0,3.98,0,NaN,0,0,4,0,0,4,0,8573.17,100964.29,100964.29,15142.86,NaN,0,0,0,NaN,10250,NaN,0,0,0,0,0,0,16869.36
09/27/2025,09,5GNR,Upstate New York,070,Buffalo,HNRT,0709003,ROLL_ROAD_RELO,2135,327,0.47,9,1914,100,1675,1673,1770.75,29.41,12.67,6.97,6.37,5.54,11.11,7.68,8.93,1646.2,0.12,20.49,172.75,5.34,0.95,0.71,NaN,0,0.25,0,NaN,0,0,2,0,0,2,0,3980.14,5228.57,4496.95,7650.33,8.37,0,0,0.03,NaN,71868.16,NaN,628.76,1.38,0.09,0,0,0,2449.3
09/27/2025,09,5GNR,Upstate New York,070,Buffalo,HNRT,0709003,ROLL_ROAD_RELO,2135,328,0.59,9,1528,100,965,964,1910.83,29,20.14,5.34,4.9,4.19,0,8.1,9.87,987.99,0.1,13.19,164.44,3.63,1,0.51,NaN,0,0.77,0,NaN,0,0,2,0,0,2,0,3465.03,2659.09,1319.73,1225,5,0,0,0,NaN,230.77,NaN,138.36,0.05,0.02,0,0,0,2909.48
09/27/2025,09,5GNR,Upstate New York,070,Buffalo,HNRT,0709003,ROLL_ROAD_RELO,2135,329,0.58,11,1902,100,1455,1451,3462.88,51.57,7.33,10.79,10.64,10.46,3.7,7.77,8.93,1100.3,0.27,31.14,389.12,10.42,0.86,0.84,NaN,0.05,0.39,0,NaN,0,0,5,0,0,5,0,3393.62,2382.35,1287.23,1193.55,3.51,0,0,0,NaN,0,NaN,0,0.01,0,0,0,0,4490.74
09/27/2025,09,5GNR,Upstate New York,070,Buffalo,HNRT,0709003,ROLL_ROAD_RELO,3135,327,5.83,12,206,100,71,70,5030.04,2.17,490.82,0.13,0.12,0.07,0.44,7.93,17.37,4621.94,1.41,84.57,121.2,0.48,7.38,2.56,NaN,0,0,NaN,NaN,NaN,NaN,0,0,NaN,0,0,NaN,NaN,NaN,NaN,NaN,0,NaN,0,NaN,NaN,NaN,NaN,0,0,0,0,0,4763.92
09/27/2025,09,5GNR,Upstate New York,070,Buffalo,HNRT,0709003,ROLL_ROAD_RELO,3135,328,0.53,4,758,100,359,359,5807.38,2.12,364.49,0.52,0.43,0.11,0.41,7.99,13.72,4415.66,0,106.55,151.04,1.44,1.99,1.25,NaN,0,1.09,0,NaN,0,NaN,0,0,NaN,0,0,NaN,NaN,NaN,NaN,NaN,0,NaN,0,NaN,NaN,NaN,NaN,0,0,0,0,0,4742.65
09/27/2025,09,5GNR,Upstate New York,070,Buffalo,HNRT,0709003,ROLL_ROAD_RELO,3135,329,19.36,85,439,100,173,173,1735.75,1.63,32.73,1.64,1.57,1.11,0.82,8.18,12.01,442.55,0,23.51,39.61,0.49,1.03,16.39,NaN,0,2.5,0,NaN,0,NaN,0,0,NaN,0,0,NaN,NaN,NaN,NaN,NaN,0,NaN,0,NaN,NaN,NaN,NaN,0,0,0,0,0,678.07
09/27/2025,09,5GNR,Upstate New York,070,Buffalo,HNRT,0709003,RTE_263_GETZVILLE,2005,100,6.88,24,349,100,254,254,192.07,3.42,11.68,0.98,0.83,0.47,1.2,8.14,10.85,135.62,0,0.72,34.96,0.78,1.96,0.12,NaN,0,0.09,0,NaN,0,NaN,0,0,NaN,0,0,4844.59,2666.67,2122.52,5197.67,13.08,0,0,0,NaN,3910.34,NaN,60.24,0.16,0.04,0,0,0,260.06
09/27/2025,09,5GNR,Upstate New York,070,Buffalo,HNRT,0709003,RTE_263_GETZVILLE,2005,101,1.8,6,334,100,286,286,103.88,1.9,11.04,0.46,0.41,0.19,0.43,8.45,12.22,95.9,0,3.22,15.33,0.26,1.91,0,NaN,0,0,0,NaN,0,NaN,0,0,NaN,0,0,3000,4250,2125,0,NaN,0,0,0,NaN,0,NaN,NaN,0,0,0,0,0,107.66
09/27/2025,09,5GNR,Upstate New York,070,Buffalo,HNRT,0709003,RTE_263_GETZVILLE,2005,99,0.13,1,750,100,257,257,352.96,4.83,19.96,0.91,0.71,0.44,10.87,7.79,9.1,312.98,0,3.64,42.03,1.43,0.67,1.17,NaN,0,0.11,0,NaN,0,0,3,0,0,3,0,3275.42,2090.91,1055.56,979.59,NaN,0,0,0,NaN,40.54,NaN,41.38,0.05,0.04,0,0,0,486.33
09/27/2025,09,5GNR,Upstate New York,070,Buffalo,HNRT,0709003,RTE_263_GETZVILLE,3005,100,0.9,9,1005,100,800,800,9994.61,2.79,145.96,1.01,0.72,0.11,0.41,8.06,16.56,9251.4,0,344.94,536.35,2.71,3.72,0.14,NaN,0,0.53,0,NaN,0,NaN,0,0,NaN,0,0,7537.04,1157.89,1407.41,96280,NaN,0,0,0,NaN,0,NaN,0,0.02,0.01,0,0,0,9816.5
09/27/2025,09,5GNR,Upstate New York,070,Buffalo,HNRT,0709003,RTE_263_GETZVILLE,3005,101,2.13,2,94,100,44,44,63.36,0.05,79.32,0.01,0.01,0.11,1.12,10.04,16.09,46.15,0,1.55,4.63,0.02,1.72,0,NaN,0,0,NaN,NaN,NaN,NaN,0,0,NaN,0,0,5000,2500,2500,0,NaN,0,0,0,NaN,NaN,NaN,NaN,0,0,0,0,0,56.67
09/27/2025,09,5GNR,Upstate New York,070,Buffalo,HNRT,0709003,RTE_263_GETZVILLE,3005,99,0.73,10,1367,100,471,471,4852.46,2.5,174.06,0.37,0.47,0.71,1.1,8.32,11.97,4562.36,0,99.46,162.08,1.22,1.01,1.91,NaN,0,1.27,0,NaN,0,0,4,0,0,4,0,8035.21,1519.48,1491.2,1714.86,38.23,0,0,0,NaN,0,NaN,0,0.13,0.06,0,0,0,4683.28
09/27/2025,09,5GNR,Upstate New York,070,Buffalo,HNRT,0709003,SALAMANCA,3405,352,1.43,5,349,100,301,301,3450.76,1.33,253.38,0.15,0.12,0.06,0.42,7.33,14,3385.95,0,119.94,173.58,0.83,1.13,0,NaN,0,0.52,0,NaN,0,NaN,0,0,NaN,0,0,NaN,NaN,NaN,NaN,NaN,0,NaN,0,NaN,NaN,NaN,NaN,0,0,0,0,0,3413.55
09/27/2025,09,5GNR,Upstate New York,070,Buffalo,HNRT,0709003,SALAMANCA,3405,353,9.66,28,290,100,103,103,152.85,0.35,41.54,0.16,0.4,2.12,1.69,8.41,13.33,144.37,0,9.11,14.56,0.17,0.34,34.04,NaN,0,0,NaN,NaN,NaN,NaN,0,0,NaN,0,0,NaN,NaN,NaN,NaN,NaN,0,NaN,0,NaN,NaN,NaN,NaN,0,0,0,0,0,163.42
09/27/2025,09,5GNR,Upstate New York,070,Buffalo,HNRT,0709003,SALAMANCA,3405,354,1.24,27,2182,100,1830,1826,33987.12,14.14,156.26,1.07,1.29,1.61,0.61,7.4,13.18,32502.06,0.22,2789.06,3621.74,27.97,3.17,0.45,NaN,0,0,0,NaN,0,0,3,0,0,3,0,7732.56,595.24,645.35,9796.3,21.85,0,0,0,NaN,0,NaN,0,0.06,0.01,0,0,0,33964.75
09/27/2025,09,5GNR,Upstate New York,070,Buffalo,HNRT,0709003,SCRIBNER_RD,3578,117,0,0,105,100,72,72,620.81,0.43,246.25,0.03,0.04,0.15,0.46,8.04,7.6,615.86,0,19.19,23.46,0.48,1.36,0,NaN,0,0,NaN,NaN,NaN,NaN,0,0,NaN,0,0,NaN,NaN,NaN,NaN,NaN,0,NaN,0,NaN,NaN,NaN,NaN,0,0,0,0,0,615.86
09/27/2025,09,5GNR,Upstate New York,070,Buffalo,HNRT,0709003,SCRIBNER_RD,3578,118,3.28,28,854,100,709,709,4110.09,4.04,102.75,0.73,0.64,0.39,1.17,7.92,9.93,4089.84,0,75.44,96,1.09,0.49,12.5,NaN,0,0,NaN,NaN,NaN,NaN,0,0,NaN,0,0,NaN,NaN,NaN,NaN,NaN,0,NaN,0,NaN,NaN,NaN,NaN,0,0,0,0,0,4089.87
09/27/2025,09,5GNR,Upstate New York,070,Buffalo,HNRT,0709003,SCRIBNER_RD,3578,119,1.48,3,203,100,138,138,461.57,0.56,96.52,0.09,0.16,0.88,3.29,7.5,5.6,459.88,0,6.53,8.49,0.25,0.37,0,NaN,0,0,NaN,NaN,NaN,NaN,0,0,NaN,0,0,NaN,NaN,NaN,NaN,NaN,0,NaN,0,NaN,NaN,NaN,NaN,0,0,0,0,0,459.9
09/27/2025,09,5GNR,Upstate New York,070,Buffalo,HNRT,0709003,SEACAGO,3140,239,4.44,47,1059,100,684,684,7460.83,5.03,153.91,0.95,0.98,1.04,2.12,7.74,13.93,7386.73,0,211.78,295.67,3.16,0.61,4.12,NaN,0,0.24,NaN,NaN,NaN,NaN,0,0,NaN,0,0,NaN,NaN,NaN,NaN,NaN,0,NaN,0,NaN,NaN,NaN,NaN,0,0,0,0,0,7438.38
09/27/2025,09,5GNR,Upstate New York,070,Buffalo,HNRT,0709003,SEACAGO,3140,240,2.8,21,750,100,198,198,877.89,1,43.76,0.35,0.67,1.83,17.5,6.57,18.89,888.36,0,32.38,51.17,0.72,0.62,36.96,NaN,0,0,NaN,NaN,NaN,NaN,0,0,NaN,0,0,NaN,NaN,NaN,NaN,NaN,0,NaN,0,NaN,NaN,NaN,NaN,0,0,0,0,0,898.01
09/27/2025,09,5GNR,Upstate New York,070,Buffalo,HNRT,0709003,SEACAGO,3140,241,21.54,401,1862,100,1099,1096,3159.84,1.7,110.26,0.83,1.57,2.52,10.35,6.88,8.39,3065.77,0.27,67.08,116.6,4.56,0.27,12.14,NaN,0,1.05,0,NaN,0,0,2,0,0,2,0,8444.44,15200,15200,0,NaN,0,0,0,NaN,0,NaN,0,0,0,0,0,0,3176.83
09/27/2025,09,5GNR,Upstate New York,070,Buffalo,HNRT,0709003,SHASHAVILLE,3131,251,1.51,13,859,100,376,376,2699.5,1.1,194.93,0.48,0.41,0.29,1.07,8,15.2,2509.19,0,113.07,170.18,4.63,0.98,0.42,NaN,0,0.42,0,NaN,0,NaN,0,0,NaN,0,0,NaN,NaN,NaN,NaN,NaN,0,NaN,0,NaN,NaN,NaN,NaN,0,0,0,0,0,2705.05
09/27/2025,09,5GNR,Upstate New York,070,Buffalo,HNRT,0709003,SHASHAVILLE,3131,252,3.1,10,323,100,116,116,186.52,0.1,174.46,0.04,0.06,0.24,6.01,7.6,15.36,176.82,0,13,16.62,0.22,0.7,0,NaN,0,0,NaN,NaN,NaN,NaN,0,0,NaN,0,0,NaN,NaN,NaN,NaN,NaN,0,NaN,0,NaN,NaN,NaN,NaN,0,0,0,0,0,187.02
09/27/2025,09,5GNR,Upstate New York,070,Buffalo,HNRT,0709003,SHASHAVILLE,3131,253,8.95,156,1743,100,855,854,11435.34,5.62,176.09,1.29,1.15,0.94,3.13,6.97,8.96,11006.85,0.12,171.5,296.58,10.19,0.56,7.37,NaN,0,0,0,NaN,0,NaN,0,0,NaN,0,0,NaN,NaN,NaN,NaN,NaN,0,NaN,0,NaN,NaN,NaN,NaN,0,0,0,0,0,11406.19
09/27/2025,09,5GNR,Upstate New York,070,Buffalo,HNRT,0709003,SOUTH_NEWSTEAD,2322,299,6.82,70,1027,100,526,525,189.92,5.16,11.3,2.62,2.11,0.95,9.08,9.39,11.27,298.4,0.19,8.68,26.48,0.86,0.91,0.91,NaN,0,0.75,0,NaN,0,NaN,0,0,NaN,0,0,NaN,3500,1750,7000,NaN,0,0,0,NaN,NaN,NaN,NaN,0,0,0,0,0,318.83
09/27/2025,09,5GNR,Upstate New York,070,Buffalo,HNRT,0709003,SOUTH_NEWSTEAD,2322,300,6.67,6,90,100,49,49,39.13,0.65,17.25,0.12,0.13,0.32,10.2,9.15,12.39,59.32,0,0.25,4.31,0.08,2.49,0,NaN,0,0.72,0,NaN,0,NaN,0,0,NaN,0,0,NaN,NaN,NaN,NaN,NaN,0,NaN,0,NaN,NaN,NaN,NaN,0,0,0,0,0,64.46
09/27/2025,09,5GNR,Upstate New York,070,Buffalo,HNRT,0709003,SOUTH_NEWSTEAD,2322,301,0.44,2,459,100,189,189,121.06,2.4,14.32,0.87,0.77,0.52,11.28,9.59,9.67,123.16,0,1.97,12.43,0.43,0.49,39.35,NaN,0,0,NaN,NaN,NaN,NaN,0,0,NaN,0,0,NaN,NaN,NaN,NaN,NaN,0,NaN,0,NaN,NaN,NaN,NaN,0,0,0,0,0,199.68
09/27/2025,09,5GNR,Upstate New York,070,Buffalo,HNRT,0709003,SOUTH_NEWSTEAD,3322,299,3.35,46,1374,100,799,798,5873.32,2.47,159.84,0.73,0.73,0.74,1.54,8.74,14.69,5507.15,0.13,254.79,364.86,2.73,1.97,0.17,NaN,0,0.34,0,NaN,0,0,2,0,0,2,0,8000,25937.5,25937.5,0,NaN,0,0,0,NaN,0,NaN,0,0,0,0,0,0,5699.8
09/27/2025,09,5GNR,Upstate New York,070,Buffalo,HNRT,0709003,SOUTH_NEWSTEAD,3322,300,1.4,3,214,100,122,122,946.13,0.28,319.97,0.07,0.07,0.09,0.17,8.13,12.69,879.21,0,42.17,56.93,0.3,2.61,1.3,NaN,0,0,0,NaN,0,NaN,0,0,NaN,0,0,NaN,NaN,NaN,NaN,NaN,0,NaN,0,NaN,NaN,NaN,NaN,0,0,0,0,0,907.47
09/27/2025,09,5GNR,Upstate New York,070,Buffalo,HNRT,0709003,SOUTH_NEWSTEAD,3322,301,1.32,10,755,100,242,242,1035.29,0.47,189.69,0.21,0.25,0.4,0.96,9.05,10.93,917.29,0,31.2,50.32,0.91,0.72,7.27,NaN,0,2.27,NaN,NaN,NaN,NaN,0,0,NaN,0,0,NaN,NaN,NaN,NaN,NaN,0,NaN,0,NaN,NaN,NaN,NaN,0,0,0,0,0,948.06
09/27/2025,09,5GNR,Upstate New York,070,Buffalo,HNRT,0709003,SOUTH_WALES_RELO,3299,278,1.72,21,1223,100,948,948,5509.68,2.87,183.89,0.88,0.64,0.21,0.44,7.75,12.17,5527.22,0,432.02,507.69,4.25,2.03,0,NaN,0,0,0,NaN,0,NaN,0,0,NaN,0,0,NaN,NaN,NaN,NaN,NaN,0,NaN,0,NaN,NaN,NaN,NaN,0,0,0,0,0,5555.66
09/27/2025,09,5GNR,Upstate New York,070,Buffalo,HNRT,0709003,SOUTH_WALES_RELO,3299,279,1.5,12,801,100,584,584,5109.12,2.32,187.15,1.26,0.82,0.12,0.42,7.98,14.15,4441.32,0,524.81,738.28,3.91,2.57,0,NaN,0,0.21,0,NaN,0,0,17,0,0,17,0,8016.07,784.17,1339.22,777.99,736.25,0,0,0.03,NaN,517.97,NaN,41.12,119.29,5.18,0,0,0,5042.47
09/27/2025,09,5GNR,Upstate New York,070,Buffalo,HNRT,0709003,SOUTH_WALES_RELO,3299,280,0,0,9,100,6,6,10.78,0,155.75,0.01,0.01,0.6,1.13,9.86,20.45,5.96,0,0.67,2.54,0.01,2.83,0,NaN,0,0,0,NaN,0,NaN,0,0,NaN,0,0,NaN,NaN,NaN,NaN,NaN,0,NaN,0,NaN,NaN,NaN,NaN,0,0,0,0,0,10.49
09/27/2025,09,5GNR,Upstate New York,070,Buffalo,HNRT,0709003,SPRINGVILLE,3169,318,0.75,8,1063,100,652,651,9671.14,2.33,360.93,2.59,1.77,0.07,0.29,7.94,14.25,9401.3,0.15,423.68,541.33,2.88,2.61,0,NaN,0,0,0,NaN,0,0,2,0,0,2,0,6831.58,663.27,642.11,1197.92,NaN,0,0,0,NaN,0,NaN,0,0.2,0.04,0,0,0,9578.37
09/27/2025,09,5GNR,Upstate New York,070,Buffalo,HNRT,0709003,SPRINGVILLE,3169,319,1.78,66,3716,100,2701,2700,33670.02,15.22,174.27,1.39,1.19,0.82,0.4,7.73,13.34,31753.38,0.04,1081.71,1769.51,11.79,1.97,0.05,NaN,0,0.2,0,NaN,0,0,4,0,0,4,0,7108.55,1021.55,1075.66,14298.14,0,0,0,0,NaN,0,NaN,24.39,0.05,0.07,0,0,0,33693.07
09/27/2025,09,5GNR,Upstate New York,070,Buffalo,HNRT,0709003,SPRINGVILLE,3169,320,0.93,41,4404,100,2996,2991,34589.32,19.12,120.3,0.97,1.58,2.65,0.48,7.84,12.66,31891.59,0.17,1476.06,2283.36,16.76,1.72,0.19,NaN,0,0.19,0,NaN,0,0,3,0,0,3,0,8259.59,1100.69,994.88,1495.24,24.58,0,0,0,NaN,0,NaN,0,0.15,0.12,0,0,0,34903.73
09/27/2025,09,5GNR,Upstate New York,070,Buffalo,HNRT,0709003,STOLLE_RD,2638,158,0.71,9,1263,100,873,872,410.64,5.58,12.53,1.22,0.96,0.57,1.18,8.29,10.14,238.94,0.11,3.4,47.03,1.47,0.87,3.76,NaN,0,0.32,0,NaN,0,NaN,0,0,NaN,0,0,NaN,4000,2000,0,NaN,0,0,0,NaN,NaN,NaN,NaN,0,0,0,0,0,376.22
09/27/2025,09,5GNR,Upstate New York,070,Buffalo,HNRT,0709003,STOLLE_RD,2638,159,2.1,15,715,100,527,527,505.53,5.54,16.73,0.71,0.6,0.4,3.54,8.7,11.93,305.87,0,9.23,79.11,1.39,2.57,4.59,NaN,0,0.25,0,NaN,0,0,2,0,0,2,0,3239.44,2013.51,1136.36,1555.56,8.61,0,0,0,NaN,69.93,NaN,156.98,0.07,0.04,0,0,0,600.53
09/27/2025,09,5GNR,Upstate New York,070,Buffalo,HNRT,0709003,STOLLE_RD,2638,160,2.67,14,524,100,307,307,404.6,5.67,16.78,0.64,0.54,0.19,9.56,9.29,12.54,337.64,0,1.53,44.17,0.74,3.32,1.73,NaN,0,0.2,0,NaN,0,NaN,0,0,NaN,0,0,NaN,NaN,NaN,NaN,NaN,0,NaN,0,NaN,NaN,NaN,NaN,0,0,0,0,0,545.19
09/27/2025,09,5GNR,Upstate New York,070,Buffalo,HNRT,0709003,STOLLE_RD,3638,158,1.65,16,972,100,690,690,5803.3,2.85,182.95,0.66,0.47,0.11,0.43,7.68,12.92,4833.7,0,164.65,446,2.52,1.44,0,NaN,0,0,NaN,NaN,NaN,0,1,0,0,1,0,6548.78,629.63,634.15,781.25,0,0,0,0,NaN,0,NaN,0,0.02,0.01,0,0,0,5882.51
09/27/2025,09,5GNR,Upstate New York,070,Buffalo,HNRT,0709003,STOLLE_RD,3638,159,0.43,2,465,100,305,305,8527.89,3.7,299.1,1.02,0.73,0.06,0.27,7.43,12.29,8459.7,0,265.32,352.8,2.53,1.77,0.68,NaN,0,0,0,NaN,0,NaN,0,0,NaN,0,0,9000,750,750,0,NaN,0,0,0,NaN,0,NaN,NaN,0,0,0,0,0,8826.05
09/27/2025,09,5GNR,Upstate New York,070,Buffalo,HNRT,0709003,STOLLE_RD,3638,160,2.43,35,1440,100,1088,1088,12755.59,4.7,262.47,1.9,1.53,0.87,0.53,7.71,6.78,11436.8,0,232.5,360.97,6.65,0.85,1.04,NaN,0,0.28,0,NaN,0,NaN,0,0,NaN,0,0,NaN,NaN,NaN,NaN,NaN,0,NaN,0,NaN,NaN,NaN,NaN,0,0,0,0,0,12520.44
09/27/2025,09,5GNR,Upstate New York,070,Buffalo,HNRT,0709003,STRYKERSVILLE,3061,370,1.12,2,178,100,108,108,1961.86,0.59,277,0.1,0.09,0.06,0.41,7.63,15.13,1932.1,0,89.36,123.16,0.66,3.7,0,NaN,0,5.88,NaN,NaN,NaN,NaN,0,0,NaN,0,0,NaN,NaN,NaN,NaN,NaN,0,NaN,0,NaN,NaN,NaN,NaN,0,0,0,0,0,1932.18
09/27/2025,09,5GNR,Upstate New York,070,Buffalo,HNRT,0709003,STRYKERSVILLE,3061,371,0.52,4,765,100,675,674,11976.13,3.71,407.96,1.71,1.16,0.04,0.1,7.29,14.95,10654.6,0.15,937.47,1354.85,7.11,10.95,0,NaN,0,0,0,NaN,0,0,1,0,0,1,0,6500,500,500,NaN,NaN,0,0,0,NaN,0,NaN,NaN,0,0,0,0,0,11868.44
09/27/2025,09,5GNR,Upstate New York,070,Buffalo,HNRT,0709003,STRYKERSVILLE,3061,372,7.11,16,225,100,206,206,172.95,0.16,135.2,0.13,0.13,0.1,0.7,8.53,18.84,175.3,0,12.59,19.46,0.09,1.23,0,NaN,0,0,NaN,NaN,NaN,NaN,0,0,NaN,0,0,NaN,NaN,NaN,NaN,NaN,0,NaN,0,NaN,NaN,NaN,NaN,0,0,0,0,0,175.67
09/27/2025,09,5GNR,Upstate New York,070,Buffalo,HNRT,0709003,TAYLOR_ROAD,3333,60,1.38,14,1017,100,697,696,5567.58,2.94,159.83,0.78,0.67,0.44,0.9,7.97,11.89,5414.32,0.14,215.69,272.87,2.26,1.56,0.98,NaN,0,0,0,NaN,0,NaN,0,0,NaN,0,0,8500,2250,2250,0,NaN,0,0,0,NaN,NaN,NaN,NaN,0,0,0,0,0,5540.78
09/27/2025,09,5GNR,Upstate New York,070,Buffalo,HNRT,0709003,TAYLOR_ROAD,3333,61,0.69,7,1020,100,652,652,6032.3,2.07,258.75,1.2,0.97,0.46,0.97,8.25,14.3,5188.6,0,235.94,381.19,2.6,2.57,0.41,NaN,0,0.37,0,NaN,0,0,1,0,0,1,0,6900,1000,1000,0,NaN,0,0,0,NaN,0,NaN,0,0,0,0,0,0,6025.4
09/27/2025,09,5GNR,Upstate New York,070,Buffalo,HNRT,0709003,TAYLOR_ROAD,3333,62,0.63,3,476,100,203,203,1700.59,0.6,228,0.28,0.3,0.34,0.8,8.52,14.14,1640.23,0,62.31,92.41,0.83,1.33,4.52,NaN,0,0,NaN,NaN,NaN,NaN,0,0,NaN,0,0,NaN,NaN,NaN,NaN,NaN,0,NaN,0,NaN,NaN,NaN,NaN,0,0,0,0,0,1706.59
09/27/2025,09,5GNR,Upstate New York,070,Buffalo,HNRT,0709003,TONAWANDA_COURT,2115,78,8.13,154,1895,100,1438,1438,1623.78,24.17,7.47,6.57,5.11,3.49,7.49,8.71,11.66,857.12,0,19.7,364.04,8.09,2.83,0.97,NaN,0,0.95,0,NaN,0,0,25,0,0,25,0,3758.97,2672.05,2132.81,2882.74,12.19,0,0,0.03,NaN,12825.35,NaN,445.86,2.36,0.93,0,0,0,2059.31
09/27/2025,09,5GNR,Upstate New York,070,Buffalo,HNRT,0709003,TONAWANDA_COURT,2115,79,5.54,81,1463,100,930,930,1234.32,20.21,8.18,4.2,3.02,1.52,2.98,8.04,9.55,963.84,0,7.26,414.18,11.46,4.59,0.45,NaN,0,0.44,0,NaN,5.56,0,5,0,0,5,0,9891.18,6085.37,27919.19,3420,1.26,0,0,0.01,NaN,3973.12,NaN,65,0.08,0.06,0,0,0,1477.83
09/27/2025,09,5GNR,Upstate New York,070,Buffalo,HNRT,0709003,TONAWANDA_COURT,2115,80,7.21,37,513,100,254,253,410.54,4.83,13.17,0.76,0.61,0.26,15.68,8.69,12.69,235.81,0.39,4.59,56.69,1.01,2,0.48,NaN,0,1.31,0,NaN,0,0,1,0,0,1,0,3263.64,1971.43,1018.18,1068.97,1.64,0,0,0,NaN,0,NaN,137.93,0.01,0.01,0,0,0,379.77
09/27/2025,09,5GNR,Upstate New York,070,Buffalo,HNRT,0709003,TONAWANDA_COURT,3115,78,2.19,60,2739,100,2043,2042,16311.85,6.08,195.52,1.48,1.06,0.39,1.6,8.2,15.85,10539.21,0.05,572.46,1489.1,7.73,4.29,0.6,100,0,0.23,0,NaN,0,0,18,0,0,18,0,8370.63,987.26,1021.44,1379,208.78,0,0,0,NaN,570.69,NaN,92.69,17.06,0.61,0,0,0,15688.29
09/27/2025,09,5GNR,Upstate New York,070,Buffalo,HNRT,0709003,TONAWANDA_COURT,3115,79,1.28,37,2895,100,2031,2031,23462.44,12.21,231.54,1.49,1.31,0.98,0.85,7.77,6.87,23161.82,0,607.22,1015.18,19.84,1.25,0.16,100,0,0.39,0,NaN,0,0,1,0,0,1,0,8409.09,954.55,954.55,0,NaN,0,0,0,NaN,0,NaN,0,0,0,0,0,0,25094.54
09/27/2025,09,5GNR,Upstate New York,070,Buffalo,HNRT,0709003,TONAWANDA_COURT,3115,80,2.04,62,3038,100,2561,2559,18435.81,6.14,153.11,2.58,1.96,1.12,1.27,7.74,9.96,11592.25,0.08,896.78,1733.92,25.69,2.15,0.21,100,0,0.34,0,NaN,0,0,12,0,0,12,0,8168.92,793.1,766.35,2596.59,41.29,0,0,0,NaN,0,NaN,95.98,0.43,0.25,0,0,0,18295.07
09/27/2025,09,5GNR,Upstate New York,070,Buffalo,HNRT,0709003,TREADWELL AND NIAGARA MICRO,3743,451,0.57,1,176,100,162,162,1161.16,0.48,330.19,0,0.01,0.05,0.32,8.1,13.89,1096.84,0,26,45.58,0.2,7.64,0,NaN,0,0.76,0,NaN,0,NaN,0,0,NaN,0,0,NaN,NaN,NaN,NaN,NaN,0,NaN,0,NaN,NaN,NaN,NaN,0,0,0,0,0,1145.26
09/27/2025,09,5GNR,Upstate New York,070,Buffalo,HNRT,0709003,TRICKSBURY,3608,412,1.02,7,687,100,709,709,7695.35,2.63,218.71,0.44,0.76,1.51,0.16,8.09,15.34,7553.1,0,457.86,606.81,2.76,7.21,0,NaN,0,0,0,NaN,0,NaN,0,0,NaN,0,0,NaN,NaN,NaN,NaN,NaN,0,NaN,0,NaN,NaN,NaN,NaN,0,0,0,0,0,7716.49
09/27/2025,09,5GNR,Upstate New York,070,Buffalo,HNRT,0709003,VERSAILLES,3122,394,0,0,591,100,330,330,11605.64,4.91,242.44,2.12,1.48,0.08,0.17,7.21,11.3,11488.71,0,207.19,287.45,2.13,1.09,0,NaN,0,0,NaN,NaN,NaN,NaN,0,0,NaN,0,0,NaN,NaN,NaN,NaN,NaN,0,NaN,0,NaN,NaN,NaN,NaN,0,0,0,0,0,11510.33
09/27/2025,09,5GNR,Upstate New York,070,Buffalo,HNRT,0709003,VERSAILLES,3122,395,1.04,7,671,100,562,562,14421.84,4.69,299.72,2.41,1.34,0.04,0.17,7.44,13.58,12336.75,0,1176.56,1877.7,10.71,1.61,0,NaN,0,0.32,0,NaN,0,NaN,0,0,NaN,0,0,NaN,NaN,NaN,NaN,NaN,0,NaN,0,NaN,NaN,NaN,NaN,0,0,0,0,0,14254.48
09/27/2025,09,5GNR,Upstate New York,070,Buffalo,HNRT,0709003,VERSAILLES,3122,396,0,0,479,100,395,395,8251.52,2.67,337.93,0.3,0.21,0.05,0.11,7.39,14.9,8523.36,0,344.13,1057.22,5.6,5.53,0,NaN,0,0,NaN,NaN,NaN,NaN,0,0,NaN,0,0,NaN,NaN,NaN,NaN,NaN,0,NaN,0,NaN,NaN,NaN,NaN,0,0,0,0,0,8849.86
09/27/2025,09,5GNR,Upstate New York,070,Buffalo,HNRT,0709003,WALDEN PARK,2130,233,15.07,11,73,100,40,40,418.05,6.55,6.72,2.08,2.93,6.67,2.43,7.93,11.3,25.68,0,0.14,42.15,0.61,6.99,0,NaN,0,0,0,NaN,0,NaN,0,0,NaN,0,0,NaN,NaN,NaN,NaN,NaN,0,NaN,0,NaN,NaN,NaN,NaN,0,0,0,0,0,412.31
09/27/2025,09,5GNR,Upstate New York,070,Buffalo,HNRT,0709003,WALDEN PARK,2130,234,4.11,16,389,100,301,295,241.39,3.03,16.66,1.15,1.65,3.43,2.48,8.8,12.96,65.86,1.99,0.98,23.81,0.37,2.01,0,NaN,0,0.39,0,NaN,0,NaN,0,0,NaN,0,0,NaN,NaN,NaN,NaN,NaN,0,NaN,0,NaN,NaN,NaN,NaN,0,0,0,0,0,237.37
09/27/2025,09,5GNR,Upstate New York,070,Buffalo,HNRT,0709003,WALDEN PARK,2130,235,1.67,4,240,100,96,96,235.27,2.56,19.61,0.57,0.57,0.55,10.61,8.9,13.8,200.52,0,2.39,17.42,0.26,3.34,0.34,NaN,0,0,0,NaN,0,NaN,0,0,NaN,0,0,3674.58,2843.75,3157.48,6101.69,NaN,0,0,0,NaN,341.27,NaN,16.85,0.15,0.08,0,0,0,231.2
09/27/2025,09,5GNR,Upstate New York,070,Buffalo,HNRT,0709003,WALDEN PARK,3130,233,0.78,25,3204,100,2955,2954,77628.91,25.11,168.89,2.79,2.36,1.55,1.2,7.47,11.82,76157.11,0.03,3487.32,5068.04,55.86,1.69,0.15,NaN,0,0,0,NaN,0,0,1,0,0,1,0,8189.31,707.38,740.57,4712.41,27.31,0,0,0,NaN,269.25,NaN,327.96,6.24,4.6,0,0,0,79869.36
09/27/2025,09,5GNR,Upstate New York,070,Buffalo,HNRT,0709003,WALDEN PARK,3130,234,3.09,95,3072,100,2639,2639,36119.97,16.13,129.29,1.01,1.03,1.05,1.09,7.04,8.41,31816.94,0,1085.25,1571.38,20.84,1.68,0.61,NaN,0,0.2,0,NaN,0,NaN,0,0,NaN,0,0,7700,1900,1900,0,NaN,0,0,0,NaN,0,NaN,NaN,0,0,0,0,0,36612.65
09/27/2025,09,5GNR,Upstate New York,070,Buffalo,HNRT,0709003,WALDEN PARK,3130,235,0.6,8,1328,100,1054,1054,59503.03,25,182.85,0.77,0.92,1.19,0.78,7.51,5.63,53469.81,0,2270.96,3274.27,44.99,3.21,0.46,NaN,0,0,0,NaN,0,0,6,0,0,6,0,8799.93,674.57,678.06,3569.95,22.3,0,0,0,NaN,56.96,NaN,380.34,3.68,3.42,0,0,0,60677.07
09/27/2025,09,5GNR,Upstate New York,070,Buffalo,HNRT,0709003,WELLSVILLE,3343,397,1.16,60,5167,100,3475,3468,63496.72,27.04,142.99,2.16,2.32,2.65,0.3,7.78,11.75,63549.14,0.2,1871.54,2748.98,19.14,1.65,0.04,NaN,0,0.22,0,NaN,0,0,7,0,0,7,0,8452.78,710,1037.32,1127.84,245.86,0,0,0.01,NaN,627.02,NaN,6.91,30.89,1.17,0,0,0,65588.77
09/27/2025,09,5GNR,Upstate New York,070,Buffalo,HNRT,0709003,WELLSVILLE,3343,398,0.83,21,2531,100,1771,1770,29826.77,15.5,172.12,1.23,0.99,0.52,0.27,7.62,12.08,27447.72,0.06,967.63,1662.85,13.16,1.99,0,NaN,0,0.11,0,NaN,0,NaN,0,0,NaN,0,0,NaN,NaN,NaN,NaN,NaN,0,NaN,0,NaN,NaN,NaN,NaN,0,0,0,0,0,30906.99
09/27/2025,09,5GNR,Upstate New York,070,Buffalo,HNRT,0709003,WELLSVILLE,3343,399,0,0,143,100,83,83,937.36,0.35,392.98,0.05,0.05,0.09,0.17,8.35,14.87,927.69,0,25.64,35.56,0.2,1.67,0,NaN,0,0,NaN,NaN,NaN,NaN,0,0,NaN,0,0,NaN,NaN,NaN,NaN,NaN,0,NaN,0,NaN,NaN,NaN,NaN,0,0,0,0,0,931.05
09/27/2025,09,5GNR,Upstate New York,070,Buffalo,HNRT,0709003,WEST VALLEY CENTRAL,3642,136,0,0,135,100,124,124,720.31,0.35,210.3,0.01,0.02,0.05,0.47,8.45,12.9,603.87,0,8.22,19.18,0.11,0.7,0,NaN,0,0,NaN,NaN,NaN,NaN,0,0,NaN,0,0,NaN,NaN,NaN,NaN,NaN,0,NaN,0,NaN,NaN,NaN,NaN,0,0,0,0,0,715.63
09/27/2025,09,5GNR,Upstate New York,070,Buffalo,HNRT,0709003,WEST VALLEY CENTRAL,3642,137,0,0,306,100,247,244,5262.58,1.86,217.85,0.37,0.28,0.05,0.41,7.69,11.64,5115.08,1.21,104.12,150.04,0.91,1.21,0,NaN,0,0,NaN,NaN,NaN,NaN,0,0,NaN,0,0,NaN,NaN,NaN,NaN,NaN,0,NaN,0,NaN,NaN,NaN,NaN,0,0,0,0,0,5188.39
09/27/2025,09,5GNR,Upstate New York,070,Buffalo,HNRT,0709003,WEST VALLEY CENTRAL,3642,138,1.37,9,659,100,567,567,890.21,0.56,150.11,0.23,0.21,0.1,0.32,8.22,10.79,769.45,0,18.94,33.73,0.32,0.48,0,NaN,0,0,0,NaN,0,NaN,0,0,NaN,0,0,NaN,NaN,NaN,NaN,NaN,0,NaN,0,NaN,NaN,NaN,NaN,0,0,0,0,0,879.84
09/27/2025,09,5GNR,Upstate New York,070,Buffalo,HNRT,0709003,WESTFIELD DT,3091,257,0.99,16,1612,100,815,814,5555.31,2.49,208.84,0.86,0.61,0.23,0.85,7.85,12.53,5420,0.12,182.2,265.27,8.31,0.74,1.39,NaN,0,0.79,NaN,NaN,NaN,0,3,0,0,3,0,7791.67,7416.67,7416.67,0,NaN,0,0,0,NaN,0,NaN,0,0,0,0,0,0,5548.92
09/27/2025,09,5GNR,Upstate New York,070,Buffalo,HNRT,0709003,WESTFIELD DT,3091,258,0.76,11,1445,100,480,480,12826.86,6.46,223.09,0.86,0.65,0.21,11.58,5.47,6.85,13520.88,0,398.47,480.78,12,1.71,5.56,NaN,0,1.25,NaN,NaN,NaN,0,1,0,0,1,0,7134.41,694.44,693.55,1598.13,49.15,0,0,0,NaN,0,NaN,0,0.04,0.03,0,0,0,13583.3
09/27/2025,09,5GNR,Upstate New York,070,Buffalo,HNRT,0709003,WESTFIELD DT,3091,259,14.05,469,3337,100,1455,1455,13983.89,7.05,116.33,1.61,2.71,4.19,9.49,6.4,6.78,11932.12,0,217.29,532.72,11.57,0.57,2.7,NaN,0,0.79,0,NaN,0,0,1,0,0,1,0,7435.27,661.54,665.18,4527.95,NaN,0,0,0,NaN,0,NaN,795.03,0.18,0.03,0,0,0,13982.87
09/27/2025,09,5GNR,Upstate New York,070,Buffalo,HNRT,0709003,WHITEHAVEN_RD,3649,227,1.55,5,322,100,159,159,14711.01,3.99,515.76,0.29,0.22,0.05,1.43,8.03,14.44,8729.87,0,500.45,702.79,3.6,11.21,0,NaN,0,0.44,NaN,NaN,NaN,0,2,0,0,2,0,8141.11,812.32,1409.57,564.25,335.09,0,0,0,NaN,164.07,NaN,3.19,4.92,0.22,0,0,0,14599.33
09/27/2025,09,5GNR,Upstate New York,070,Buffalo,HNRT,0709003,WHITEHAVEN_RD,3649,228,3.33,4,120,100,50,50,1116.87,0.49,370.33,0.07,0.06,0.02,0.28,7.43,10.96,1181.14,0,124.72,149.41,1.25,14.13,NaN,NaN,NaN,NaN,NaN,NaN,NaN,NaN,0,0,NaN,0,0,NaN,NaN,NaN,NaN,NaN,0,NaN,0,NaN,NaN,NaN,NaN,0,0,0,0,0,1181.14
09/27/2025,09,5GNR,Upstate New York,070,Buffalo,HNRT,0709003,WHITEHAVEN_RD,3649,229,0.52,3,577,100,363,363,4414.42,1.67,178.75,1.89,1.24,0.05,1.59,7.84,11.61,4353.19,0,292.31,412.04,3.66,1.92,0,NaN,0,0.69,0,NaN,0,0,6,0,0,6,0,7967.04,750,770.66,1106.59,256.68,0,0,0,NaN,416.9,NaN,22.32,0.92,0.2,0,0,0,4562.65
09/27/2025,09,5GNR,Upstate New York,070,Buffalo,HNRT,0709003,WILLARD PARK,3143,400,0.74,39,5266,100,2245,2244,47671.95,18.72,186.11,1.76,1.7,1.59,0.59,7.56,12.25,46878.1,0.04,2513.65,3847.99,26.61,2.26,0.07,NaN,0,0.28,0,NaN,0,NaN,0,0,NaN,0,0,NaN,NaN,NaN,NaN,NaN,0,NaN,0,NaN,NaN,NaN,NaN,0,0,0,0,0,47840.31
09/27/2025,09,5GNR,Upstate New York,070,Buffalo,HNRT,0709003,WILLARD PARK,3143,401,2,12,601,100,314,313,7173.37,3.33,227.4,1.4,0.93,0.03,0.38,7.34,12.11,7070.79,0.32,322.14,422.38,2.68,1.91,0,NaN,0,0.65,0,NaN,0,NaN,0,0,NaN,0,0,NaN,NaN,NaN,NaN,NaN,0,NaN,0,NaN,NaN,NaN,NaN,0,0,0,0,0,7152.11
09/27/2025,09,5GNR,Upstate New York,070,Buffalo,HNRT,0709003,WILLARD PARK,3143,402,1.79,124,6912,100,3506,3504,92059.53,42.58,94.31,0.74,1.48,2.83,0.98,7.42,13.21,83886.62,0.06,3815.68,5199.48,35.07,2.69,0.19,NaN,0,0.38,0,NaN,0,0,7,0,0,7,0,13731.9,1189.54,4532.67,3402.59,14.04,0,0,0.07,NaN,838.04,NaN,362.9,8.48,0.61,0,0,0,92520.96
09/27/2025,09,5GNR,Upstate New York,070,Buffalo,HNRT,0709006,GATE 45 COLT,3659,47,1.82,2,110,59.72,116,116,535.04,0.77,133.27,0,0,0.01,1.52,8.47,17.23,328.82,0,42.31,86.23,1.11,9.48,0.43,100,0,1.61,NaN,NaN,NaN,0,4,0,0,4,0,5781.25,555.56,541.67,833.33,NaN,0,0,0,NaN,0,NaN,0,0,0,0,0,0,525.76
09/27/2025,09,5GNR,Upstate New York,070,Buffalo,HNRT,0709006,MUSIC ART FESTIVAL TEMP 25,3657,45,2.3,9,392,100,352,351,11170.24,4.39,457.47,0.26,0.87,3.2,0.73,7.88,17.11,10714.87,0.28,166.16,301.16,1.74,3.51,1.12,100,0,0.23,0,NaN,0,0,1,0,0,1,0,6786.41,712.77,780.3,1126.76,16.38,0,0,0,NaN,0,NaN,0,0.01,0.02,0,0,0,11124.09
09/27/2025,09,5GNR,Upstate New York,070,Buffalo,HNRT,0709006,MUSIC ART FESTIVAL TEMP 25,3657,46,1.08,5,464,100,409,409,752.47,0.54,156.4,0.05,0.18,1.06,2.7,8.79,18.22,669.08,0,31.63,41.82,0.31,1.53,7.22,100,0,0,0,NaN,0,NaN,0,0,NaN,0,0,NaN,NaN,NaN,NaN,NaN,0,NaN,0,NaN,NaN,NaN,NaN,0,0,0,0,0,757.64
09/27/2025,09,5GNR,Upstate New York,070,Buffalo,HNRT,0709099,BUFFALO BILLS DAS,3011,2,0,0,32,100,15,15,162.31,0.05,264.12,0,0.01,0.18,0.48,9.13,18.05,159.73,0,24.39,27.77,0.08,18.85,0,NaN,0,0,NaN,NaN,NaN,NaN,0,0,NaN,0,0,NaN,NaN,NaN,NaN,NaN,0,NaN,0,NaN,NaN,NaN,NaN,0,0,0,0,0,159.81
09/27/2025,09,5GNR,Upstate New York,070,Buffalo,HNRT,0709099,BUFFALO BILLS DAS,3011,3,0,0,4,100,4,4,0.38,0,NaN,0,0,0,0.97,9.39,18.24,0.32,0,0.07,0.13,0,2.18,0,100,0,0,NaN,NaN,NaN,NaN,0,0,NaN,0,0,NaN,NaN,NaN,NaN,NaN,0,NaN,0,NaN,NaN,NaN,NaN,0,0,0,0,0,0.34
09/27/2025,09,5GNR,Upstate New York,070,Buffalo,HNRT,0709099,BUFFALO BILLS DAS,3012,4,0,0,17,100,14,14,12.26,0.01,39.05,0,0,0,0,9.82,25.02,11.59,0,1.53,5.11,0.01,2.9,NaN,NaN,NaN,NaN,NaN,NaN,NaN,NaN,0,0,NaN,0,0,NaN,NaN,NaN,NaN,NaN,0,NaN,0,NaN,NaN,NaN,NaN,0,0,0,0,0,11.59
09/27/2025,09,5GNR,Upstate New York,070,Buffalo,HNRT,0709099,BUFFALO BILLS DAS,3012,5,0,0,9,100,7,7,4,0.01,15.38,0,0,0,0,8.76,13.48,3.8,0,0.17,0.45,0,0.87,0,NaN,NaN,NaN,NaN,NaN,NaN,NaN,0,0,NaN,0,0,NaN,NaN,NaN,NaN,NaN,0,NaN,0,NaN,NaN,NaN,NaN,0,0,0,0,0,3.8
09/27/2025,09,5GNR,Upstate New York,070,Buffalo,HNRT,0709099,HIGHMARK STADIUM TEMP IBS,3001,45,3.03,1,33,100,21,21,187.21,0.08,135.54,0,0.01,0.09,0.52,8.5,14.9,82.1,0,14.3,22.34,0.11,8.69,0,100,0,0,NaN,NaN,NaN,0,2,0,0,2,0,9055.56,888.89,888.89,0,NaN,0,0,0,NaN,0,NaN,0,0,0,0,0,0,185.34
09/27/2025,09,5GNR,Upstate New York,070,Buffalo,HNRT,0709099,HIGHMARK STADIUM TEMP IBS,3001,46,13.89,5,36,100,31,31,43.79,0.03,64.1,0,0.01,0.09,0.9,9.16,16.17,6.23,0,41.61,47.84,0.19,12.54,0,NaN,0,0,NaN,NaN,NaN,0,3,0,0,3,0,6653.85,3961.54,3961.54,0,NaN,0,0,0,NaN,0,NaN,0,0,0,0,0,0,43.7
09/27/2025,09,5GNR,Upstate New York,070,Buffalo,HNRT,0709099,ROSWELL PARK CANCER INSTITUTE IBS,3041,6,0,0,77,100,61,61,338.77,0.73,47.31,0,0.01,0.15,3.57,3.83,2.03,338.95,0,1.12,2.1,0.07,0.1,0,NaN,0,0,NaN,NaN,NaN,NaN,0,0,NaN,0,0,NaN,NaN,NaN,NaN,NaN,0,NaN,0,NaN,NaN,NaN,NaN,0,0,0,0,0,339.09
09/27/2025,09,5GNR,Upstate New York,070,Buffalo,HNRT,0709099,ROSWELL PARK CANCER INSTITUTE IBS,3041,7,0.25,1,398,100,393,392,8078.3,4.3,206.27,0.23,0.16,0.04,0,7.32,5.13,5935.68,0.25,237.98,465.13,6.64,1.58,0,NaN,0,0.13,0,NaN,0,0,1,0,0,1,0,7785.54,681.58,755.43,6742.2,48.35,0,0,0.01,NaN,145.02,NaN,62.27,10.53,0.71,0,0,0,8000.94
09/27/2025,09,5GNR,Upstate New York,070,Buffalo,HNRT,0709099,ROSWELL PARK CANCER INSTITUTE IBS,3041,8,32.73,18,55,100,47,47,60.25,0.16,40.59,0,0.01,0.15,0,2.68,1.58,54.16,0,0.36,1.4,0.06,0.15,0,NaN,0,0,NaN,NaN,NaN,NaN,0,0,NaN,0,0,NaN,NaN,NaN,NaN,NaN,0,NaN,0,NaN,NaN,NaN,NaN,0,0,0,0,0,59.04
09/27/2025,09,5GNR,Upstate New York,070,Buffalo,ROCH100_HNRT,0700100,BUFFALO BILLS DAS,0032,32,NaN,0,0,100,0,0,0,0,NaN,NaN,NaN,NaN,NaN,0,0,0,NaN,0,0,0,NaN,NaN,NaN,NaN,NaN,NaN,NaN,NaN,NaN,0,0,NaN,0,0,NaN,NaN,NaN,NaN,NaN,NaN,NaN,NaN,NaN,NaN,NaN,NaN,0,0,0,0,0,0
09/27/2025,09,5GNR,Upstate New York,070,Buffalo,ROCH100_HNRT,0700100,BUFFALO BILLS DAS,0033,33,NaN,0,0,100,0,0,0,0,NaN,NaN,NaN,NaN,NaN,0,0,0,NaN,0,0,0,NaN,NaN,NaN,NaN,NaN,NaN,NaN,NaN,NaN,0,0,NaN,0,0,NaN,NaN,NaN,NaN,NaN,NaN,NaN,NaN,NaN,NaN,NaN,NaN,0,0,0,0,0,0
09/27/2025,09,5GNR,Upstate New York,070,Buffalo,ROCH100_HNRT,0700100,BUFFALO BILLS DAS,0034,34,NaN,0,0,100,0,0,0,0,NaN,NaN,NaN,NaN,NaN,0,0,0,NaN,0,0,0,NaN,NaN,NaN,NaN,NaN,NaN,NaN,NaN,NaN,0,0,NaN,0,0,NaN,NaN,NaN,NaN,NaN,NaN,NaN,NaN,NaN,NaN,NaN,NaN,0,0,0,0,0,0
09/27/2025,09,5GNR,Upstate New York,070,Buffalo,ROCH100_HNRT,0700100,BUFFALO BILLS DAS,0035,35,NaN,0,0,100,0,0,0,0,NaN,NaN,NaN,NaN,NaN,0,0,0,NaN,0,0,0,NaN,NaN,NaN,NaN,NaN,NaN,NaN,NaN,NaN,0,0,NaN,0,0,NaN,NaN,NaN,NaN,NaN,NaN,NaN,NaN,NaN,NaN,NaN,NaN,0,0,0,0,0,0
09/27/2025,09,5GNR,Upstate New York,070,Buffalo,ROCH100_HNRT,0700100,BUFFALO BILLS DAS,0036,36,NaN,0,0,100,0,0,0,0,NaN,NaN,NaN,NaN,NaN,0,0,0,NaN,0,0,0,NaN,NaN,NaN,NaN,NaN,NaN,NaN,NaN,NaN,0,0,NaN,0,0,NaN,NaN,NaN,NaN,NaN,NaN,NaN,NaN,NaN,NaN,NaN,NaN,0,0,0,0,0,0
09/27/2025,09,5GNR,Upstate New York,070,Buffalo,ROCH100_HNRT,0700100,BUFFALO BILLS DAS,0037,37,NaN,0,0,100,0,0,0,0,NaN,NaN,NaN,NaN,NaN,0,0,0,NaN,0,0,0,NaN,NaN,NaN,NaN,NaN,NaN,NaN,NaN,NaN,0,0,NaN,0,0,NaN,NaN,NaN,NaN,NaN,NaN,NaN,NaN,NaN,NaN,NaN,NaN,0,0,0,0,0,0
09/27/2025,09,5GNR,Upstate New York,070,Buffalo,ROCH100_HNRT,0700100,GATE 45 COLT,0001,1,0,0,2,68.75,2,2,32.55,0.01,179.25,0,0,0,0.94,16.57,16.22,22.84,0,1.7,3.24,0,23.93,NaN,NaN,NaN,NaN,NaN,NaN,NaN,NaN,0,0,NaN,0,0,NaN,NaN,NaN,NaN,NaN,NaN,NaN,NaN,NaN,NaN,NaN,NaN,0,0,0,0,0,22.84
09/27/2025,09,5GNR,Upstate New York,070,Buffalo,ROCH100_HNRT,0700100,HIGHMARK STADIUM TEMP IBS,0028,28,100,1,1,100,0,0,0.01,0,NaN,0,0,0,3.46,16.8,13.78,0,NaN,0,0.02,0,NaN,NaN,NaN,NaN,NaN,NaN,NaN,NaN,NaN,0,0,NaN,0,0,NaN,NaN,NaN,NaN,NaN,NaN,NaN,NaN,NaN,NaN,NaN,NaN,0,0,0,0,0,0
09/27/2025,09,5GNR,Upstate New York,070,Buffalo,ROCH100_HNRT,0700100,HIGHMARK STADIUM TEMP IBS,0029,29,0,0,2,100,2,2,1.74,0,103.53,0,0,0,0.94,16.14,13.46,0.97,0,0.08,0.18,0,5.71,NaN,NaN,NaN,NaN,NaN,NaN,NaN,NaN,0,0,NaN,0,0,NaN,NaN,NaN,NaN,NaN,NaN,NaN,NaN,NaN,NaN,NaN,NaN,0,0,0,0,0,0.97
09/27/2025,09,5GNR,Upstate New York,070,Buffalo,ROCH100_HNRT,0700100,MILITARY ROAD-ORION,0023,23,1.37,1,73,100,56,56,1570.66,0.21,383.48,0,0,0,5.67,24.84,21.22,1055.82,0,18.42,38.94,0.08,25.59,NaN,NaN,NaN,NaN,NaN,NaN,NaN,NaN,0,0,NaN,0,0,2314.57,2469.44,2176.81,376.62,36.73,NaN,0,NaN,NaN,4172.41,NaN,617.02,0.4,0.12,0,0,0,1056.94
09/27/2025,09,5GNR,Upstate New York,070,Buffalo,ROCH100_HNRT,0700100,MILITARY ROAD-ORION,0024,24,0.98,1,102,100,102,102,919.9,0.1,222.33,0,0,0,2.61,26.13,26.25,548.76,0,17.1,35.15,0.04,19.4,NaN,NaN,NaN,NaN,NaN,NaN,NaN,NaN,0,0,NaN,0,0,NaN,1000,1000,NaN,NaN,NaN,0,NaN,NaN,NaN,NaN,NaN,0,0,0,0,0,548.78
09/27/2025,09,5GNR,Upstate New York,070,Buffalo,SABRES_ARENA_IBS_2,0700012,BILLS_LOT_1_Y4_MICRO-HNRT,0040,40,7.14,4,56,100,28,28,277.65,0.06,161.96,0.01,0.01,0,2.94,16.26,18.58,147.75,0,19.26,50.45,0.03,13.67,NaN,NaN,NaN,NaN,NaN,NaN,NaN,NaN,0,0,NaN,0,0,NaN,NaN,NaN,NaN,NaN,NaN,NaN,NaN,NaN,NaN,NaN,NaN,0,0,0,0,0,183.22
09/27/2025,09,5GNR,Upstate New York,070,Buffalo,SABRES_ARENA_IBS_2,0700012,BILLS_LOT_1_Y4_MICRO-HNRT,0041,41,0,0,16,100,5,5,313.31,0.03,855.36,0,0,0,0.76,16.78,20.21,223.43,0,2.51,5.69,0,31.42,NaN,NaN,NaN,NaN,NaN,NaN,NaN,NaN,0,0,NaN,0,0,NaN,NaN,NaN,NaN,NaN,NaN,NaN,NaN,NaN,NaN,NaN,NaN,0,0,0,0,0,224.62
09/27/2025,09,5GNR,Upstate New York,070,Buffalo,SABRES_ARENA_IBS_2,0700012,BILLS_LOT_1_Y4_MICRO-HNRT,0042,42,4.26,2,47,100,8,8,777.84,0.33,134.3,0,0,0.01,3.68,13.54,12.27,599.66,0,13.73,19.6,0.02,9.96,NaN,NaN,NaN,NaN,NaN,NaN,NaN,NaN,0,0,NaN,0,0,NaN,NaN,NaN,NaN,NaN,NaN,NaN,NaN,NaN,NaN,NaN,NaN,0,0,0,0,0,600.13
09/27/2025,09,5GNR,Upstate New York,070,Buffalo,SABRES_ARENA_IBS_2,0700012,BILLS_LOT_1_Y5_MICRO-HNRT,0046,46,0,0,26,100,16,16,102.82,0.01,387.26,0,0,0,3.54,16.48,17.75,72.12,0,2.24,4.41,0,12.3,NaN,NaN,NaN,NaN,NaN,NaN,NaN,NaN,0,0,NaN,0,0,NaN,NaN,NaN,NaN,NaN,NaN,NaN,NaN,NaN,NaN,NaN,NaN,0,0,0,0,0,72.12
09/27/2025,09,5GNR,Upstate New York,070,Buffalo,SABRES_ARENA_IBS_2,0700012,BILLS_LOT_1_Y5_MICRO-HNRT,0047,47,25,1,4,100,4,4,6.58,0,108.49,0,0,0,0.68,16.37,17.43,2.27,0,0.85,2.21,0,13.49,NaN,NaN,NaN,NaN,NaN,NaN,NaN,NaN,0,0,NaN,0,0,NaN,NaN,NaN,NaN,NaN,NaN,NaN,NaN,NaN,NaN,NaN,NaN,0,0,0,0,0,3.69
09/27/2025,09,5GNR,Upstate New York,070,Buffalo,SABRES_ARENA_IBS_2,0700012,BILLS_LOT_1_Y5_MICRO-HNRT,0048,48,3.33,1,30,100,8,8,46.3,0.01,189.74,0,0,0,1.33,16.36,17.7,28.94,0,1.8,4.04,0,8.37,NaN,NaN,NaN,NaN,NaN,NaN,NaN,NaN,0,0,NaN,0,0,NaN,NaN,NaN,NaN,NaN,NaN,NaN,NaN,NaN,NaN,NaN,NaN,0,0,0,0,0,28.94
09/27/2025,09,5GNR,Upstate New York,070,Buffalo,SABRES_ARENA_IBS_2,0700012,BILLS_LOT_2_Y1_MICRO-HNRT,0034,34,16.67,5,30,100,17,17,194.8,0.04,232.05,0.01,0.02,0.1,2.9,15.78,16.51,125.28,0,2.06,10.01,0.01,5.97,NaN,NaN,NaN,NaN,NaN,NaN,NaN,NaN,0,0,NaN,0,0,NaN,NaN,NaN,NaN,NaN,NaN,NaN,NaN,NaN,NaN,NaN,NaN,0,0,0,0,0,137.56
09/27/2025,09,5GNR,Upstate New York,070,Buffalo,SABRES_ARENA_IBS_2,0700012,BILLS_LOT_2_Y1_MICRO-HNRT,0035,35,5.97,4,67,100,30,30,645.93,0.28,93.97,0.04,0.05,0.1,3.02,13.43,13.04,477.51,0,25.38,46.38,0.05,5.26,NaN,NaN,NaN,NaN,NaN,NaN,NaN,NaN,0,0,NaN,0,0,NaN,NaN,NaN,NaN,NaN,NaN,NaN,NaN,NaN,NaN,NaN,NaN,0,0,0,0,0,494.37
09/27/2025,09,5GNR,Upstate New York,070,Buffalo,SABRES_ARENA_IBS_2,0700012,BILLS_LOT_2_Y1_MICRO-HNRT,0036,36,4.74,12,253,100,193,193,1893.26,0.42,130.8,0.05,0.05,0.02,6.21,14.91,15.28,926.57,0,100.96,195.23,0.12,17.01,NaN,NaN,NaN,NaN,NaN,NaN,NaN,NaN,0,0,NaN,0,0,NaN,NaN,NaN,NaN,NaN,NaN,NaN,NaN,NaN,NaN,NaN,NaN,0,0,0,0,0,1272.67
09/27/2025,09,5GNR,Upstate New York,070,Buffalo,SABRES_ARENA_IBS_2,0700012,BILLS_LOT_5_B4_MICRO-HNRT,0013,13,2.56,3,117,100,69,67,181.2,0.04,112.44,0.01,0.01,0,3.94,15.7,13.15,106.19,2.9,56.39,69.36,0.06,11.38,NaN,NaN,NaN,NaN,NaN,NaN,NaN,NaN,0,0,NaN,0,0,NaN,NaN,NaN,NaN,NaN,NaN,NaN,NaN,NaN,NaN,NaN,NaN,0,0,0,0,0,111.23
09/27/2025,09,5GNR,Upstate New York,070,Buffalo,SABRES_ARENA_IBS_2,0700012,BILLS_LOT_5_B4_MICRO-HNRT,0014,14,6.45,2,31,100,10,10,50.74,0.01,108.98,0.01,0.02,0.06,5.06,16.6,14.46,30.21,0,2.58,7.95,0.01,6.71,NaN,NaN,NaN,NaN,NaN,NaN,NaN,NaN,0,0,NaN,0,0,NaN,NaN,NaN,NaN,NaN,NaN,NaN,NaN,NaN,NaN,NaN,NaN,0,0,0,0,0,30.21
09/27/2025,09,5GNR,Upstate New York,070,Buffalo,SABRES_ARENA_IBS_2,0700012,BILLS_LOT_5_B4_MICRO-HNRT,0015,15,2.59,9,348,100,272,272,675.99,0.19,89.95,0.01,0.02,0.06,4.76,15.4,14.32,391.61,0,38.35,71.03,0.05,9.79,NaN,NaN,NaN,NaN,NaN,NaN,NaN,NaN,0,0,NaN,0,0,NaN,NaN,NaN,NaN,NaN,NaN,NaN,NaN,NaN,NaN,NaN,NaN,0,0,0,0,0,454.71
09/27/2025,09,5GNR,Upstate New York,070,Buffalo,SABRES_ARENA_IBS_2,0700012,BILLS_LOT_6_B1_MICRO-HNRT,0019,19,0,0,30,100,9,9,32.94,0.01,66.6,0,0,0,2.26,14.89,13.91,21.9,0,0.65,1.63,0,2.65,NaN,NaN,NaN,NaN,NaN,NaN,NaN,NaN,0,0,NaN,0,0,NaN,NaN,NaN,NaN,NaN,NaN,NaN,NaN,NaN,NaN,NaN,NaN,0,0,0,0,0,21.9
09/27/2025,09,5GNR,Upstate New York,070,Buffalo,SABRES_ARENA_IBS_2,0700012,BILLS_LOT_6_B1_MICRO-HNRT,0020,20,1.79,4,224,100,122,121,1266.21,0.33,251.64,0,0.01,0.04,3.92,15.6,16.47,999.05,0.82,5.63,20.03,0.01,7.28,NaN,NaN,NaN,NaN,NaN,NaN,NaN,NaN,0,0,NaN,0,0,NaN,NaN,NaN,NaN,NaN,NaN,NaN,NaN,NaN,NaN,NaN,NaN,0,0,0,0,0,1064.22
09/27/2025,09,5GNR,Upstate New York,070,Buffalo,SABRES_ARENA_IBS_2,0700012,BILLS_LOT_6_B1_MICRO-HNRT,0021,21,3.06,3,98,100,60,60,181.42,0.05,78.21,0.02,0.02,0,2.97,15.36,14.95,117.1,0,3.04,8.39,0.01,4.44,NaN,NaN,NaN,NaN,NaN,NaN,NaN,NaN,0,0,NaN,0,0,NaN,NaN,NaN,NaN,NaN,NaN,NaN,NaN,NaN,NaN,NaN,NaN,0,0,0,0,0,121.59
09/27/2025,09,5GNR,Upstate New York,070,Buffalo,SABRES_ARENA_IBS_2,0700012,BILLS_LOT_7_B2_MICRO-HNRT,0016,16,16.67,2,12,100,6,6,25.39,0,213.63,0,0,0,6.22,16.14,15.18,13.7,0,0.21,0.8,0,2.09,NaN,NaN,NaN,NaN,NaN,NaN,NaN,NaN,0,0,NaN,0,0,NaN,NaN,NaN,NaN,NaN,NaN,NaN,NaN,NaN,NaN,NaN,NaN,0,0,0,0,0,13.77
09/27/2025,09,5GNR,Upstate New York,070,Buffalo,SABRES_ARENA_IBS_2,0700012,BILLS_LOT_7_B2_MICRO-HNRT,0017,17,3.57,2,56,100,30,30,140.18,0.05,59.94,0.02,0.02,0.06,2.88,14.95,13.23,100.69,0,5.38,12.5,0.01,4.72,NaN,NaN,NaN,NaN,NaN,NaN,NaN,NaN,0,0,NaN,0,0,NaN,NaN,NaN,NaN,NaN,NaN,NaN,NaN,NaN,NaN,NaN,NaN,0,0,0,0,0,100.69
09/27/2025,09,5GNR,Upstate New York,070,Buffalo,SABRES_ARENA_IBS_2,0700012,BILLS_LOT_7_B2_MICRO-HNRT,0018,18,1.01,1,99,100,31,31,90.59,0.02,89.95,0,0,0,5.54,16.39,16.37,48.34,0,10.72,19.92,0.01,24.74,NaN,NaN,NaN,NaN,NaN,NaN,NaN,NaN,0,0,NaN,0,0,NaN,NaN,NaN,NaN,NaN,NaN,NaN,NaN,NaN,NaN,NaN,NaN,0,0,0,0,0,49.49
09/27/2025,09,5GNR,Upstate New York,070,Buffalo,SABRES_ARENA_IBS_2,0700012,BILLS_LOT_7_B5_MICRO-HNRT,0010,10,6.35,4,63,100,19,19,43.03,0.02,48.24,0.03,0.05,0.1,5.93,15.08,13.87,20.59,0,0.61,2.79,0,3.85,NaN,NaN,NaN,NaN,NaN,NaN,NaN,NaN,0,0,NaN,0,0,NaN,23041.67,23041.67,NaN,NaN,NaN,0,NaN,NaN,0,NaN,0,0,0,0,0,0,28.22
09/27/2025,09,5GNR,Upstate New York,070,Buffalo,SABRES_ARENA_IBS_2,0700012,BILLS_LOT_7_B5_MICRO-HNRT,0011,11,11.54,3,26,100,8,8,67.09,0.02,84.05,0,0,0,6.95,14.71,11.8,41.65,0,0.59,1.91,0,2.88,NaN,NaN,NaN,NaN,NaN,NaN,NaN,NaN,0,0,NaN,0,0,NaN,NaN,NaN,NaN,NaN,NaN,NaN,NaN,NaN,NaN,NaN,NaN,0,0,0,0,0,41.65
09/27/2025,09,5GNR,Upstate New York,070,Buffalo,SABRES_ARENA_IBS_2,0700012,BILLS_LOT_7_B5_MICRO-HNRT,0012,12,9.68,3,31,100,14,14,13.63,0.01,34.2,0.07,0.1,0.13,6.18,15.26,10.7,7.82,0,8.42,9.38,0.01,9.6,NaN,NaN,NaN,NaN,NaN,NaN,NaN,NaN,0,0,NaN,0,0,NaN,2750,2750,NaN,NaN,NaN,0,NaN,NaN,NaN,NaN,NaN,0,0,0,0,0,8.23
09/27/2025,09,5GNR,Upstate New York,070,Buffalo,SABRES_ARENA_IBS_2,0700012,BILLS_LOT_7_B6_MICRO-HNRT,0007,7,0,0,22,100,5,5,12.12,0.01,51.6,0,0,0,10.02,14.68,13.43,9.44,0,6.05,7.08,0,20.53,NaN,NaN,NaN,NaN,NaN,NaN,NaN,NaN,0,0,NaN,0,0,NaN,NaN,NaN,NaN,NaN,NaN,NaN,NaN,NaN,NaN,NaN,NaN,0,0,0,0,0,9.45
09/27/2025,09,5GNR,Upstate New York,070,Buffalo,SABRES_ARENA_IBS_2,0700012,BILLS_LOT_7_B6_MICRO-HNRT,0008,8,2.94,1,34,100,9,9,48.2,0.02,94.49,0,0,0,3.83,14.98,13.08,32.47,0,1.3,3.39,0,3.8,NaN,NaN,NaN,NaN,NaN,NaN,NaN,NaN,0,0,NaN,0,0,NaN,NaN,NaN,NaN,NaN,NaN,NaN,NaN,NaN,NaN,NaN,NaN,0,0,0,0,0,32.5
09/27/2025,09,5GNR,Upstate New York,070,Buffalo,SABRES_ARENA_IBS_2,0700012,BILLS_LOT_7_B6_MICRO-HNRT,0009,9,0,0,19,100,6,6,13.17,0,104.37,0,0,0,2.23,15.49,13.48,9.62,0,1.06,1.74,0,4.75,NaN,NaN,NaN,NaN,NaN,NaN,NaN,NaN,0,0,NaN,0,0,NaN,NaN,NaN,NaN,NaN,NaN,NaN,NaN,NaN,NaN,NaN,NaN,0,0,0,0,0,9.62
09/27/2025,09,5GNR,Upstate New York,070,Buffalo,SABRES_ARENA_IBS_2,0700012,NEW_ERA_STADIUM_IBS-HNRT,0001,1,0,0,2,100,2,2,0.08,0,10.64,0,0,0,12.24,14.89,9.78,0.04,0,0.03,0.05,0,7.67,NaN,NaN,NaN,NaN,NaN,NaN,NaN,NaN,0,0,NaN,0,0,NaN,NaN,NaN,NaN,NaN,NaN,NaN,NaN,NaN,NaN,NaN,NaN,0,0,0,0,0,0.04
09/27/2025,09,5GNR,Upstate New York,070,Buffalo,SABRES_ARENA_IBS_2,0700012,NEW_ERA_STADIUM_IBS-HNRT,0002,2,0,0,1,100,0,0,5.55,0,224.34,0,0,0,0.34,15.75,11.14,3.76,NaN,0.13,0.24,0,5.79,NaN,NaN,NaN,NaN,NaN,NaN,NaN,NaN,0,0,NaN,0,0,NaN,NaN,NaN,NaN,NaN,NaN,NaN,NaN,NaN,NaN,NaN,NaN,0,0,0,0,0,3.76
09/27/2025,09,5GNR,Upstate New York,070,Buffalo,SABRES_ARENA_IBS_2,0700012,NEW_ERA_STADIUM_IBS-HNRT,0003,3,0,0,2,100,1,1,35.09,0.01,170.3,0,0,0,2.65,14.92,7.53,23.44,0,0.03,0.12,0,1.88,NaN,NaN,NaN,NaN,NaN,NaN,NaN,NaN,0,0,NaN,0,0,NaN,NaN,NaN,NaN,NaN,NaN,NaN,NaN,NaN,NaN,NaN,NaN,0,0,0,0,0,23.44
09/27/2025,09,5GNR,Upstate New York,070,Buffalo,SABRES_ARENA_IBS_2,0700012,NEW_ERA_STADIUM_IBS-HNRT,0004,4,0,0,2,100,1,1,0,0,0,0,0,0,51.31,14.08,-3.37,0,0,0,0.01,0,NaN,NaN,NaN,NaN,NaN,NaN,NaN,NaN,NaN,0,0,NaN,0,0,NaN,NaN,NaN,NaN,NaN,NaN,NaN,NaN,NaN,NaN,NaN,NaN,0,0,0,0,0,0
09/27/2025,09,5GNR,Upstate New York,070,Buffalo,SABRES_ARENA_IBS_2,0700012,NEW_ERA_STADIUM_IBS-HNRT,0005,5,0,0,1,100,0,0,0,0,NaN,0,0,0,33.83,11.56,8.72,0,NaN,0,0,0,0,NaN,NaN,NaN,NaN,NaN,NaN,NaN,NaN,0,0,NaN,0,0,NaN,NaN,NaN,NaN,NaN,NaN,NaN,NaN,NaN,NaN,NaN,NaN,0,0,0,0,0,0
09/27/2025,09,5GNR,Upstate New York,070,Buffalo,SABRES_ARENA_IBS_2,0700012,NEW_ERA_STADIUM_IBS-HNRT,0006,6,0,0,2,100,1,1,0.77,0,20.13,0,0,0,5.65,14.53,11.27,0.33,0,0.21,0.37,0,1.58,NaN,NaN,NaN,NaN,NaN,NaN,NaN,NaN,0,0,NaN,0,0,NaN,NaN,NaN,NaN,NaN,NaN,NaN,NaN,NaN,NaN,NaN,NaN,0,0,0,0,0,0.33
09/27/2025,09,5GNR,Upstate New York,070,Buffalo,SABRES_ARENA_IBS_2,0700012,SABRES_ARENA_IBS_2,0091,91,11.11,1,9,100,1,1,14.68,0.01,63,0,0,0,2.86,15.97,10.86,7.31,0,4.12,5.82,0.01,6.36,NaN,NaN,NaN,NaN,NaN,NaN,NaN,NaN,0,0,NaN,0,0,NaN,NaN,NaN,NaN,NaN,NaN,NaN,NaN,NaN,NaN,NaN,NaN,0,0,0,0,0,7.31
09/27/2025,09,5GNR,Upstate New York,070,Buffalo,SABRES_ARENA_IBS_2,0700012,SABRES_ARENA_IBS_2,0092,92,0,0,8,100,0,0,33.19,0.01,66.79,0,0,0,3.77,15.57,11.51,13.96,NaN,11.88,17.28,0.01,6.64,NaN,NaN,NaN,NaN,NaN,NaN,NaN,NaN,0,0,NaN,0,0,NaN,NaN,NaN,NaN,NaN,NaN,NaN,NaN,NaN,NaN,NaN,NaN,0,0,0,0,0,13.96
09/27/2025,09,5GNR,Upstate New York,070,Buffalo,SABRES_ARENA_IBS_2,0700012,SABRES_ARENA_IBS_2,0093,93,15.38,2,13,100,1,1,40.33,0.02,36.71,0,0,0,5.27,15.82,14.12,16.48,0,17.44,26.41,0.02,7.07,NaN,NaN,NaN,NaN,NaN,NaN,NaN,NaN,0,0,NaN,0,0,NaN,NaN,NaN,NaN,NaN,NaN,NaN,NaN,NaN,NaN,NaN,NaN,0,0,0,0,0,16.48
09/27/2025,09,5GNR,Upstate New York,070,Buffalo,SABRES_ARENA_IBS_2,0700012,SABRES_ARENA_IBS_2,0094,94,23.08,3,13,100,9,9,9.98,0,31.28,0,0,0,4.33,15.57,13.05,4.14,0,4.84,7.54,0.01,11.3,NaN,NaN,NaN,NaN,NaN,NaN,NaN,NaN,0,0,NaN,0,0,NaN,NaN,NaN,NaN,NaN,NaN,NaN,NaN,NaN,NaN,NaN,NaN,0,0,0,0,0,4.14
09/27/2025,09,5GNR,Upstate New York,070,Buffalo,SABRES_ARENA_IBS_2,0700012,SABRES_ARENA_IBS_2,0095,95,0,0,6,100,5,5,0.33,0,32.96,0,0,0,4.51,14.96,12.1,0.16,0,0.19,0.32,0,6.51,NaN,NaN,NaN,NaN,NaN,NaN,NaN,NaN,0,0,NaN,0,0,NaN,NaN,NaN,NaN,NaN,NaN,NaN,NaN,NaN,NaN,NaN,NaN,0,0,0,0,0,0.16
09/27/2025,09,5GNR,Upstate New York,070,Buffalo,SABRES_ARENA_IBS_2,0700012,SABRES_ARENA_IBS_2,0096,96,0,0,6,100,3,3,10.02,0.01,63.21,0,0,0,14.19,14.39,9.94,7.05,0,0.21,0.36,0,1.84,NaN,NaN,NaN,NaN,NaN,NaN,NaN,NaN,0,0,NaN,0,0,NaN,NaN,NaN,NaN,NaN,NaN,NaN,NaN,NaN,NaN,NaN,NaN,0,0,0,0,0,7.05
09/27/2025,09,5GNR,Upstate New York,070,Buffalo,SABRES_ARENA_IBS_2,0700012,SABRES_ARENA_IBS_2,0097,97,7.5,3,40,100,28,28,364.43,0.04,216.88,0,0,0,0.98,16.68,18.05,184.43,0,20.17,38.82,0.01,23.67,NaN,NaN,NaN,NaN,NaN,NaN,NaN,NaN,0,0,NaN,0,0,NaN,NaN,NaN,NaN,NaN,NaN,NaN,NaN,NaN,NaN,NaN,NaN,0,0,0,0,0,184.43
09/27/2025,09,5GNR,Upstate New York,070,Buffalo,SABRES_ARENA_IBS_2,0700012,SABRES_ARENA_IBS_2,0098,98,0,0,28,100,17,17,108.35,0.05,75.04,0.03,0.03,0,5.34,15.36,16.22,71.63,0,6.22,10.34,0.01,21.19,NaN,NaN,NaN,NaN,NaN,NaN,NaN,NaN,0,0,NaN,0,0,NaN,NaN,NaN,NaN,NaN,NaN,NaN,NaN,NaN,NaN,NaN,NaN,0,0,0,0,0,71.63
09/27/2025,09,5GNR,Upstate New York,070,Buffalo,SABRES_ARENA_IBS_2,0700012,SABRES_ARENA_IBS_2,0099,99,NaN,0,0,100,0,0,0,0,NaN,NaN,NaN,NaN,NaN,0,0,0,NaN,0,0,0,NaN,NaN,NaN,NaN,NaN,NaN,NaN,NaN,NaN,0,0,NaN,0,0,NaN,NaN,NaN,NaN,NaN,NaN,NaN,NaN,NaN,NaN,NaN,NaN,0,0,0,0,0,0
09/27/2025,09,5GNR,Upstate New York,070,Buffalo,SABRES_ARENA_IBS_2,0700012,SABRES_ARENA_IBS_2,0100,100,NaN,0,0,100,0,0,0,0,NaN,NaN,NaN,NaN,NaN,0,0,0,NaN,0,0,0,NaN,NaN,NaN,NaN,NaN,NaN,NaN,NaN,NaN,0,0,NaN,0,0,NaN,NaN,NaN,NaN,NaN,NaN,NaN,NaN,NaN,NaN,NaN,NaN,0,0,0,0,0,0
09/27/2025,09,5GNR,Upstate New York,070,Buffalo,SABRES_ARENA_IBS_2,0700012,SABRES_ARENA_IBS_2,0101,101,NaN,0,0,100,0,0,0,0,NaN,NaN,NaN,NaN,NaN,0,0,0,NaN,0,0,0,NaN,NaN,NaN,NaN,NaN,NaN,NaN,NaN,NaN,0,0,NaN,0,0,NaN,NaN,NaN,NaN,NaN,NaN,NaN,NaN,NaN,NaN,NaN,NaN,0,0,0,0,0,0
09/27/2025,09,5GNR,Upstate New York,070,Buffalo,SABRES_ARENA_IBS_2,0700012,SABRES_ARENA_IBS_2,0102,102,14.29,6,42,100,48,48,1935.55,0.19,275.66,0,0,0,0.15,16.88,19.29,1396.51,0,24.36,61.97,0.03,20.05,NaN,NaN,NaN,NaN,NaN,NaN,NaN,NaN,0,0,NaN,0,0,NaN,NaN,NaN,NaN,NaN,NaN,NaN,NaN,NaN,NaN,NaN,NaN,0,0,0,0,0,1396.51
09/27/2025,09,5GNR,Upstate New York,070,Buffalo,SABRES_ARENA_IBS_2,0700012,SABRES_ARENA_IBS_2,0103,103,8.22,6,73,100,78,78,279.07,0.07,105.07,0,0,0,6.11,15.15,13.98,183.11,0,55.15,81.33,0.06,10.25,NaN,NaN,NaN,NaN,NaN,NaN,NaN,NaN,0,0,NaN,0,0,NaN,NaN,NaN,NaN,NaN,NaN,NaN,NaN,NaN,NaN,NaN,NaN,0,0,0,0,0,183.11
09/27/2025,09,5GNR,Upstate New York,070,Buffalo,SABRES_ARENA_IBS_2,0700012,SABRES_ARENA_IBS_2,0104,104,17.74,11,62,100,59,59,116.61,0.05,51.94,0,0.01,0.04,6.7,14.38,11.24,79.67,0,6.64,11.7,0.02,2.13,NaN,NaN,NaN,NaN,NaN,NaN,NaN,NaN,0,0,NaN,0,0,NaN,NaN,NaN,NaN,NaN,NaN,NaN,NaN,NaN,NaN,NaN,NaN,0,0,0,0,0,79.67
09/27/2025,09,5GNR,Upstate New York,070,Buffalo,HNRT,0709002,LANDERS,2296,362,7.19,21,292,NaN,174,174,0,NaN,NaN,NaN,NaN,NaN,NaN,0,0,0,0,0,0,NaN,NaN,0.33,NaN,0,0.33,0,NaN,0,NaN,0,0,NaN,0,0,NaN,NaN,NaN,NaN,NaN,NaN,NaN,NaN,NaN,NaN,NaN,NaN,0,0,0,0,0,0
09/27/2025,09,5GNR,Upstate New York,070,Buffalo,HNRT,0709002,LANDERS,2296,363,23.81,130,546,NaN,297,297,0,NaN,NaN,NaN,NaN,NaN,NaN,0,0,0,0,0,0,NaN,NaN,0.08,NaN,0,0.27,0,NaN,0,0,2,0,0,2,0,NaN,NaN,NaN,NaN,NaN,NaN,NaN,NaN,NaN,83984.95,NaN,343.28,0.55,0.01,0,0,0,0
09/27/2025,09,5GNR,Upstate New York,070,Buffalo,HNRT,0709002,LANDERS,2296,364,10.41,95,913,NaN,373,373,0,NaN,NaN,NaN,NaN,NaN,NaN,0,0,0,0,0,0,NaN,NaN,0.33,NaN,0,0.25,0,NaN,0,NaN,0,0,NaN,0,0,NaN,NaN,NaN,NaN,NaN,NaN,NaN,NaN,NaN,NaN,NaN,NaN,0,0,0,0,0,0
09/27/2025,09,5GNR,Upstate New York,070,Buffalo,HNRT,0700002,_DORRANCE_AVE,0051,51,NaN,0,0,0,0,0,0,NaN,NaN,NaN,NaN,NaN,NaN,0,0,0,NaN,0,0,NaN,NaN,NaN,NaN,NaN,NaN,NaN,NaN,NaN,NaN,0,0,NaN,0,0,NaN,NaN,NaN,NaN,NaN,NaN,NaN,NaN,NaN,NaN,NaN,NaN,0,0,0,0,0,0
09/27/2025,09,5GNR,Upstate New York,070,Buffalo,HNRT,0700002,_DORRANCE_AVE,0052,52,NaN,0,0,0,0,0,0,NaN,NaN,NaN,NaN,NaN,NaN,0,0,0,NaN,0,0,NaN,NaN,NaN,NaN,NaN,NaN,NaN,NaN,NaN,NaN,0,0,NaN,0,0,NaN,NaN,NaN,NaN,NaN,NaN,NaN,NaN,NaN,NaN,NaN,NaN,0,0,0,0,0,0
09/27/2025,09,5GNR,Upstate New York,070,Buffalo,HNRT,0700002,_DORRANCE_AVE,0053,53,NaN,0,0,0,0,0,0,NaN,NaN,NaN,NaN,NaN,NaN,0,0,0,NaN,0,0,NaN,NaN,NaN,NaN,NaN,NaN,NaN,NaN,NaN,NaN,0,0,NaN,0,0,NaN,NaN,NaN,NaN,NaN,NaN,NaN,NaN,NaN,NaN,NaN,NaN,0,0,0,0,0,0
09/27/2025,09,5GNR,Upstate New York,070,Buffalo,HNRT,0709001,290_NFB,2052,181,NaN,0,0,0,0,0,0,NaN,NaN,NaN,NaN,NaN,NaN,0,0,0,NaN,0,0,NaN,NaN,NaN,NaN,NaN,NaN,NaN,NaN,NaN,NaN,0,0,NaN,0,0,NaN,NaN,NaN,NaN,NaN,NaN,NaN,NaN,NaN,NaN,NaN,NaN,0,0,0,0,0,0
09/27/2025,09,5GNR,Upstate New York,070,Buffalo,HNRT,0709001,290_NFB,2052,182,NaN,0,0,0,0,0,0,NaN,NaN,NaN,NaN,NaN,NaN,0,0,0,NaN,0,0,NaN,NaN,NaN,NaN,NaN,NaN,NaN,NaN,NaN,NaN,0,0,NaN,0,0,NaN,NaN,NaN,NaN,NaN,NaN,NaN,NaN,NaN,NaN,NaN,NaN,0,0,0,0,0,0
09/27/2025,09,5GNR,Upstate New York,070,Buffalo,HNRT,0709001,290_NFB,2052,183,NaN,0,0,0,0,0,0,NaN,NaN,NaN,NaN,NaN,NaN,0,0,0,NaN,0,0,NaN,NaN,NaN,NaN,NaN,NaN,NaN,NaN,NaN,NaN,0,0,NaN,0,0,NaN,NaN,NaN,NaN,NaN,NaN,NaN,NaN,NaN,NaN,NaN,NaN,0,0,0,0,0,0
09/27/2025,09,5GNR,Upstate New York,070,Buffalo,HNRT,0709001,ALLEN_ROAD,2123,1,NaN,0,0,0,0,0,0,NaN,NaN,NaN,NaN,NaN,NaN,0,0,0,NaN,0,0,NaN,NaN,NaN,NaN,NaN,NaN,NaN,NaN,NaN,NaN,0,0,NaN,0,0,NaN,NaN,NaN,NaN,NaN,NaN,NaN,NaN,NaN,NaN,NaN,NaN,0,0,0,0,0,0
09/27/2025,09,5GNR,Upstate New York,070,Buffalo,HNRT,0709001,ALLEN_ROAD,2123,2,NaN,0,0,0,0,0,0,NaN,NaN,NaN,NaN,NaN,NaN,0,0,0,NaN,0,0,NaN,NaN,NaN,NaN,NaN,NaN,NaN,NaN,NaN,NaN,0,0,NaN,0,0,NaN,NaN,NaN,NaN,NaN,NaN,NaN,NaN,NaN,NaN,NaN,NaN,0,0,0,0,0,0
09/27/2025,09,5GNR,Upstate New York,070,Buffalo,HNRT,0709001,ALLEN_ROAD,2123,3,NaN,0,0,0,0,0,0,NaN,NaN,NaN,NaN,NaN,NaN,0,0,0,NaN,0,0,NaN,NaN,NaN,NaN,NaN,NaN,NaN,NaN,NaN,NaN,0,0,NaN,0,0,NaN,NaN,NaN,NaN,NaN,NaN,NaN,NaN,NaN,NaN,NaN,NaN,0,0,0,0,0,0
09/27/2025,09,5GNR,Upstate New York,070,Buffalo,HNRT,0709001,BRIGHTON_PARK,2346,175,NaN,0,0,0,0,0,0,NaN,NaN,NaN,NaN,NaN,NaN,0,0,0,NaN,0,0,NaN,NaN,NaN,NaN,NaN,NaN,NaN,NaN,NaN,NaN,0,0,NaN,0,0,NaN,NaN,NaN,NaN,NaN,NaN,NaN,NaN,NaN,NaN,NaN,NaN,0,0,0,0,0,0
09/27/2025,09,5GNR,Upstate New York,070,Buffalo,HNRT,0709001,BRIGHTON_PARK,2346,176,NaN,0,0,0,0,0,0,NaN,NaN,NaN,NaN,NaN,NaN,0,0,0,NaN,0,0,NaN,NaN,NaN,NaN,NaN,NaN,NaN,NaN,NaN,NaN,0,0,NaN,0,0,NaN,NaN,NaN,NaN,NaN,NaN,NaN,NaN,NaN,NaN,NaN,NaN,0,0,0,0,0,0
09/27/2025,09,5GNR,Upstate New York,070,Buffalo,HNRT,0709001,BRIGHTON_PARK,2346,177,NaN,0,0,0,0,0,0,NaN,NaN,NaN,NaN,NaN,NaN,0,0,0,NaN,0,0,NaN,NaN,NaN,NaN,NaN,NaN,NaN,NaN,NaN,NaN,0,0,NaN,0,0,NaN,NaN,NaN,NaN,NaN,NaN,NaN,NaN,NaN,NaN,NaN,NaN,0,0,0,0,0,0
09/27/2025,09,5GNR,Upstate New York,070,Buffalo,HNRT,0709001,BUFFALO_STATE,2288,134,NaN,0,0,0,0,0,0,NaN,NaN,NaN,NaN,NaN,NaN,0,0,0,NaN,0,0,NaN,NaN,NaN,NaN,NaN,NaN,NaN,NaN,NaN,NaN,0,0,NaN,0,0,NaN,NaN,NaN,NaN,NaN,NaN,NaN,NaN,NaN,NaN,NaN,NaN,0,0,0,0,0,0
09/27/2025,09,5GNR,Upstate New York,070,Buffalo,HNRT,0709001,BUFFALO_STATE,2288,135,NaN,0,0,0,0,0,0,NaN,NaN,NaN,NaN,NaN,NaN,0,0,0,NaN,0,0,NaN,NaN,NaN,NaN,NaN,NaN,NaN,NaN,NaN,NaN,0,0,NaN,0,0,NaN,NaN,NaN,NaN,NaN,NaN,NaN,NaN,NaN,NaN,NaN,NaN,0,0,0,0,0,0
09/27/2025,09,5GNR,Upstate New York,070,Buffalo,HNRT,0709001,BUFFALO_STATE,2288,136,NaN,0,0,0,0,0,0,NaN,NaN,NaN,NaN,NaN,NaN,0,0,0,NaN,0,0,NaN,NaN,NaN,NaN,NaN,NaN,NaN,NaN,NaN,NaN,0,0,NaN,0,0,NaN,NaN,NaN,NaN,NaN,NaN,NaN,NaN,NaN,NaN,NaN,NaN,0,0,0,0,0,0
09/27/2025,09,5GNR,Upstate New York,070,Buffalo,HNRT,0709001,CONCORD_HD,2281,10,NaN,0,0,0,0,0,0,NaN,NaN,NaN,NaN,NaN,NaN,0,0,0,NaN,0,0,NaN,NaN,NaN,NaN,NaN,NaN,NaN,NaN,NaN,NaN,0,0,NaN,0,0,NaN,NaN,NaN,NaN,NaN,NaN,NaN,NaN,NaN,NaN,NaN,NaN,0,0,0,0,0,0
09/27/2025,09,5GNR,Upstate New York,070,Buffalo,HNRT,0709001,CONCORD_HD,2281,11,NaN,0,0,0,0,0,0,NaN,NaN,NaN,NaN,NaN,NaN,0,0,0,NaN,0,0,NaN,NaN,NaN,NaN,NaN,NaN,NaN,NaN,NaN,NaN,0,0,NaN,0,0,NaN,NaN,NaN,NaN,NaN,NaN,NaN,NaN,NaN,NaN,NaN,NaN,0,0,0,0,0,0
09/27/2025,09,5GNR,Upstate New York,070,Buffalo,HNRT,0709001,CONCORD_HD,2281,12,NaN,0,0,0,0,0,0,NaN,NaN,NaN,NaN,NaN,NaN,0,0,0,NaN,0,0,NaN,NaN,NaN,NaN,NaN,NaN,NaN,NaN,NaN,NaN,0,0,NaN,0,0,NaN,NaN,NaN,NaN,NaN,NaN,NaN,NaN,NaN,NaN,NaN,NaN,0,0,0,0,0,0
09/27/2025,09,5GNR,Upstate New York,070,Buffalo,HNRT,0709001,EAST_LOCKPORT,2173,218,NaN,0,0,0,0,0,0,NaN,NaN,NaN,NaN,NaN,NaN,0,0,0,NaN,0,0,NaN,NaN,NaN,NaN,NaN,NaN,NaN,NaN,NaN,NaN,0,0,NaN,0,0,NaN,NaN,NaN,NaN,NaN,NaN,NaN,NaN,NaN,NaN,NaN,NaN,0,0,0,0,0,0
09/27/2025,09,5GNR,Upstate New York,070,Buffalo,HNRT,0709001,EAST_LOCKPORT,2173,219,NaN,0,0,0,0,0,0,NaN,NaN,NaN,NaN,NaN,NaN,0,0,0,NaN,0,0,NaN,NaN,NaN,NaN,NaN,NaN,NaN,NaN,NaN,NaN,0,0,NaN,0,0,NaN,NaN,NaN,NaN,NaN,NaN,NaN,NaN,NaN,NaN,NaN,NaN,0,0,0,0,0,0
09/27/2025,09,5GNR,Upstate New York,070,Buffalo,HNRT,0709001,EAST_LOCKPORT,2173,220,NaN,0,0,0,0,0,0,NaN,NaN,NaN,NaN,NaN,NaN,0,0,0,NaN,0,0,NaN,NaN,NaN,NaN,NaN,NaN,NaN,NaN,NaN,NaN,0,0,NaN,0,0,NaN,NaN,NaN,NaN,NaN,NaN,NaN,NaN,NaN,NaN,NaN,NaN,0,0,0,0,0,0
09/27/2025,09,5GNR,Upstate New York,070,Buffalo,HNRT,0709001,GALLERIA,2251,125,NaN,0,0,0,0,0,0,NaN,NaN,NaN,NaN,NaN,NaN,0,0,0,NaN,0,0,NaN,NaN,NaN,NaN,NaN,NaN,NaN,NaN,NaN,NaN,0,0,NaN,0,0,NaN,NaN,NaN,NaN,NaN,NaN,NaN,NaN,NaN,NaN,NaN,NaN,0,0,0,0,0,0
09/27/2025,09,5GNR,Upstate New York,070,Buffalo,HNRT,0709001,GALLERIA,2251,126,NaN,0,0,0,0,0,0,NaN,NaN,NaN,NaN,NaN,NaN,0,0,0,NaN,0,0,NaN,NaN,NaN,NaN,NaN,NaN,NaN,NaN,NaN,NaN,0,0,NaN,0,0,NaN,NaN,NaN,NaN,NaN,NaN,NaN,NaN,NaN,NaN,NaN,NaN,0,0,0,0,0,0
09/27/2025,09,5GNR,Upstate New York,070,Buffalo,HNRT,0709001,GALLERIA,2251,127,NaN,0,0,0,0,0,0,NaN,NaN,NaN,NaN,NaN,NaN,0,0,0,NaN,0,0,NaN,NaN,NaN,NaN,NaN,NaN,NaN,NaN,NaN,NaN,0,0,NaN,0,0,NaN,NaN,NaN,NaN,NaN,NaN,NaN,NaN,NaN,NaN,NaN,NaN,0,0,0,0,0,0
09/27/2025,09,5GNR,Upstate New York,070,Buffalo,HNRT,0709001,GARDENVILLE,2076,79,NaN,0,0,0,0,0,0,NaN,NaN,NaN,NaN,NaN,NaN,0,0,0,NaN,0,0,NaN,NaN,NaN,NaN,NaN,NaN,NaN,NaN,NaN,NaN,0,0,NaN,0,0,NaN,NaN,NaN,NaN,NaN,NaN,NaN,NaN,NaN,NaN,NaN,NaN,0,0,0,0,0,0
09/27/2025,09,5GNR,Upstate New York,070,Buffalo,HNRT,0709001,GARDENVILLE,2076,80,NaN,0,0,0,0,0,0,NaN,NaN,NaN,NaN,NaN,NaN,0,0,0,NaN,0,0,NaN,NaN,NaN,NaN,NaN,NaN,NaN,NaN,NaN,NaN,0,0,NaN,0,0,NaN,NaN,NaN,NaN,NaN,NaN,NaN,NaN,NaN,NaN,NaN,NaN,0,0,0,0,0,0
09/27/2025,09,5GNR,Upstate New York,070,Buffalo,HNRT,0709001,GARDENVILLE,2076,81,NaN,0,0,0,0,0,0,NaN,NaN,NaN,NaN,NaN,NaN,0,0,0,NaN,0,0,NaN,NaN,NaN,NaN,NaN,NaN,NaN,NaN,NaN,NaN,0,0,NaN,0,0,NaN,NaN,NaN,NaN,NaN,NaN,NaN,NaN,NaN,NaN,NaN,NaN,0,0,0,0,0,0
09/27/2025,09,5GNR,Upstate New York,070,Buffalo,HNRT,0709001,LANGFORD,2050,7,NaN,0,0,0,0,0,0,NaN,NaN,NaN,NaN,NaN,NaN,0,0,0,NaN,0,0,NaN,NaN,NaN,NaN,NaN,NaN,NaN,NaN,NaN,NaN,0,0,NaN,0,0,NaN,NaN,NaN,NaN,NaN,NaN,NaN,NaN,NaN,NaN,NaN,NaN,0,0,0,0,0,0
09/27/2025,09,5GNR,Upstate New York,070,Buffalo,HNRT,0709001,LANGFORD,2050,8,NaN,0,0,0,0,0,0,NaN,NaN,NaN,NaN,NaN,NaN,0,0,0,NaN,0,0,NaN,NaN,NaN,NaN,NaN,NaN,NaN,NaN,NaN,NaN,0,0,NaN,0,0,NaN,NaN,NaN,NaN,NaN,NaN,NaN,NaN,NaN,NaN,NaN,NaN,0,0,0,0,0,0
09/27/2025,09,5GNR,Upstate New York,070,Buffalo,HNRT,0709001,LANGFORD,2050,9,NaN,0,0,0,0,0,0,NaN,NaN,NaN,NaN,NaN,NaN,0,0,0,NaN,0,0,NaN,NaN,NaN,NaN,NaN,NaN,NaN,NaN,NaN,NaN,0,0,NaN,0,0,NaN,NaN,NaN,NaN,NaN,NaN,NaN,NaN,NaN,NaN,NaN,NaN,0,0,0,0,0,0
09/27/2025,09,5GNR,Upstate New York,070,Buffalo,HNRT,0709001,LOVELAND_RD,2542,206,NaN,0,0,0,0,0,0,NaN,NaN,NaN,NaN,NaN,NaN,0,0,0,NaN,0,0,NaN,NaN,NaN,NaN,NaN,NaN,NaN,NaN,NaN,NaN,0,0,NaN,0,0,NaN,NaN,NaN,NaN,NaN,NaN,NaN,NaN,NaN,NaN,NaN,NaN,0,0,0,0,0,0
09/27/2025,09,5GNR,Upstate New York,070,Buffalo,HNRT,0709001,LOVELAND_RD,2542,207,NaN,0,0,0,0,0,0,NaN,NaN,NaN,NaN,NaN,NaN,0,0,0,NaN,0,0,NaN,NaN,NaN,NaN,NaN,NaN,NaN,NaN,NaN,NaN,0,0,NaN,0,0,NaN,NaN,NaN,NaN,NaN,NaN,NaN,NaN,NaN,NaN,NaN,NaN,0,0,0,0,0,0
09/27/2025,09,5GNR,Upstate New York,070,Buffalo,HNRT,0709001,LOVELAND_RD,2542,208,NaN,0,0,0,0,0,0,NaN,NaN,NaN,NaN,NaN,NaN,0,0,0,NaN,0,0,NaN,NaN,NaN,NaN,NaN,NaN,NaN,NaN,NaN,NaN,0,0,NaN,0,0,NaN,NaN,NaN,NaN,NaN,NaN,NaN,NaN,NaN,NaN,NaN,NaN,0,0,0,0,0,0
09/27/2025,09,5GNR,Upstate New York,070,Buffalo,HNRT,0709001,RIVER_ROAD_DB-HNRT,2321,169,NaN,0,0,0,0,0,0,NaN,NaN,NaN,NaN,NaN,NaN,0,0,0,NaN,0,0,NaN,NaN,NaN,NaN,NaN,NaN,NaN,NaN,NaN,NaN,0,0,NaN,0,0,NaN,NaN,NaN,NaN,NaN,NaN,NaN,NaN,NaN,NaN,NaN,NaN,0,0,0,0,0,0
09/27/2025,09,5GNR,Upstate New York,070,Buffalo,HNRT,0709001,RIVER_ROAD_DB-HNRT,2321,170,NaN,0,0,0,0,0,0,NaN,NaN,NaN,NaN,NaN,NaN,0,0,0,NaN,0,0,NaN,NaN,NaN,NaN,NaN,NaN,NaN,NaN,NaN,NaN,0,0,NaN,0,0,NaN,NaN,NaN,NaN,NaN,NaN,NaN,NaN,NaN,NaN,NaN,NaN,0,0,0,0,0,0
09/27/2025,09,5GNR,Upstate New York,070,Buffalo,HNRT,0709001,RIVER_ROAD_DB-HNRT,2321,171,NaN,0,0,0,0,0,0,NaN,NaN,NaN,NaN,NaN,NaN,0,0,0,NaN,0,0,NaN,NaN,NaN,NaN,NaN,NaN,NaN,NaN,NaN,NaN,0,0,NaN,0,0,NaN,NaN,NaN,NaN,NaN,NaN,NaN,NaN,NaN,NaN,NaN,NaN,0,0,0,0,0,0
09/27/2025,09,5GNR,Upstate New York,070,Buffalo,HNRT,0709001,SHERIDAN,2178,166,NaN,0,0,0,0,0,0,NaN,NaN,NaN,NaN,NaN,NaN,0,0,0,NaN,0,0,NaN,NaN,NaN,NaN,NaN,NaN,NaN,NaN,NaN,NaN,0,0,NaN,0,0,NaN,NaN,NaN,NaN,NaN,NaN,NaN,NaN,NaN,NaN,NaN,NaN,0,0,0,0,0,0
09/27/2025,09,5GNR,Upstate New York,070,Buffalo,HNRT,0709001,SHERIDAN,2178,167,NaN,0,0,0,0,0,0,NaN,NaN,NaN,NaN,NaN,NaN,0,0,0,NaN,0,0,NaN,NaN,NaN,NaN,NaN,NaN,NaN,NaN,NaN,NaN,0,0,NaN,0,0,NaN,NaN,NaN,NaN,NaN,NaN,NaN,NaN,NaN,NaN,NaN,NaN,0,0,0,0,0,0
09/27/2025,09,5GNR,Upstate New York,070,Buffalo,HNRT,0709001,SHERIDAN,2178,168,NaN,0,0,0,0,0,0,NaN,NaN,NaN,NaN,NaN,NaN,0,0,0,NaN,0,0,NaN,NaN,NaN,NaN,NaN,NaN,NaN,NaN,NaN,NaN,0,0,NaN,0,0,NaN,NaN,NaN,NaN,NaN,NaN,NaN,NaN,NaN,NaN,NaN,NaN,0,0,0,0,0,0
09/27/2025,09,5GNR,Upstate New York,070,Buffalo,HNRT,0709001,WEST_SENECA_PD,2077,55,NaN,0,0,0,0,0,0,NaN,NaN,NaN,NaN,NaN,NaN,0,0,0,NaN,0,0,NaN,NaN,NaN,NaN,NaN,NaN,NaN,NaN,NaN,NaN,0,0,NaN,0,0,NaN,NaN,NaN,NaN,NaN,NaN,NaN,NaN,NaN,NaN,NaN,NaN,0,0,0,0,0,0
09/27/2025,09,5GNR,Upstate New York,070,Buffalo,HNRT,0709001,WEST_SENECA_PD,2077,56,NaN,0,0,0,0,0,0,NaN,NaN,NaN,NaN,NaN,NaN,0,0,0,NaN,0,0,NaN,NaN,NaN,NaN,NaN,NaN,NaN,NaN,NaN,NaN,0,0,NaN,0,0,NaN,NaN,NaN,NaN,NaN,NaN,NaN,NaN,NaN,NaN,NaN,NaN,0,0,0,0,0,0
09/27/2025,09,5GNR,Upstate New York,070,Buffalo,HNRT,0709001,WEST_SENECA_PD,2077,57,NaN,0,0,0,0,0,0,NaN,NaN,NaN,NaN,NaN,NaN,0,0,0,NaN,0,0,NaN,NaN,NaN,NaN,NaN,NaN,NaN,NaN,NaN,NaN,0,0,NaN,0,0,NaN,NaN,NaN,NaN,NaN,NaN,NaN,NaN,NaN,NaN,NaN,NaN,0,0,0,0,0,0
09/27/2025,09,5GNR,Upstate New York,070,Buffalo,HNRT,0709001,_62_356,3245,196,NaN,0,0,0,0,0,0,NaN,NaN,NaN,NaN,NaN,NaN,0,0,0,NaN,0,0,NaN,NaN,NaN,NaN,NaN,NaN,NaN,NaN,NaN,NaN,0,0,NaN,0,0,NaN,NaN,NaN,NaN,NaN,NaN,NaN,NaN,NaN,NaN,NaN,NaN,0,0,0,0,0,0
09/27/2025,09,5GNR,Upstate New York,070,Buffalo,HNRT,0709001,_62_356,3245,197,NaN,0,0,0,0,0,0,NaN,NaN,NaN,NaN,NaN,NaN,0,0,0,NaN,0,0,NaN,NaN,NaN,NaN,NaN,NaN,NaN,NaN,NaN,NaN,0,0,NaN,0,0,NaN,NaN,NaN,NaN,NaN,NaN,NaN,NaN,NaN,NaN,NaN,NaN,0,0,0,0,0,0
09/27/2025,09,5GNR,Upstate New York,070,Buffalo,HNRT,0709001,_62_356,3245,198,NaN,0,0,0,0,0,0,NaN,NaN,NaN,NaN,NaN,NaN,0,0,0,NaN,0,0,NaN,NaN,NaN,NaN,NaN,NaN,NaN,NaN,NaN,NaN,0,0,NaN,0,0,NaN,NaN,NaN,NaN,NaN,NaN,NaN,NaN,NaN,NaN,NaN,NaN,0,0,0,0,0,0
09/27/2025,09,5GNR,Upstate New York,070,Buffalo,HNRT,0709001,_TONAWANDA,3307,193,NaN,0,0,0,0,0,0,NaN,NaN,NaN,NaN,NaN,NaN,0,0,0,NaN,0,0,NaN,NaN,NaN,NaN,NaN,NaN,NaN,NaN,NaN,NaN,0,0,NaN,0,0,NaN,NaN,NaN,NaN,NaN,NaN,NaN,NaN,NaN,NaN,NaN,NaN,0,0,0,0,0,0
09/27/2025,09,5GNR,Upstate New York,070,Buffalo,HNRT,0709001,_TONAWANDA,3307,194,NaN,0,0,0,0,0,0,NaN,NaN,NaN,NaN,NaN,NaN,0,0,0,NaN,0,0,NaN,NaN,NaN,NaN,NaN,NaN,NaN,NaN,NaN,NaN,0,0,NaN,0,0,NaN,NaN,NaN,NaN,NaN,NaN,NaN,NaN,NaN,NaN,NaN,NaN,0,0,0,0,0,0
09/27/2025,09,5GNR,Upstate New York,070,Buffalo,HNRT,0709001,_TONAWANDA,3307,195,NaN,0,0,0,0,0,0,NaN,NaN,NaN,NaN,NaN,NaN,0,0,0,NaN,0,0,NaN,NaN,NaN,NaN,NaN,NaN,NaN,NaN,NaN,NaN,0,0,NaN,0,0,NaN,NaN,NaN,NaN,NaN,NaN,NaN,NaN,NaN,NaN,NaN,NaN,0,0,0,0,0,0
09/27/2025,09,5GNR,Upstate New York,070,Buffalo,HNRT,0709002,CHESTNUT_RIDGE,2570,404,NaN,0,0,0,0,0,0,NaN,NaN,NaN,NaN,NaN,NaN,0,0,0,NaN,0,0,NaN,NaN,NaN,NaN,NaN,NaN,NaN,NaN,NaN,NaN,0,0,NaN,0,0,NaN,NaN,NaN,NaN,NaN,NaN,NaN,NaN,NaN,NaN,NaN,NaN,0,0,0,0,0,0
09/27/2025,09,5GNR,Upstate New York,070,Buffalo,HNRT,0709002,CHESTNUT_RIDGE,2570,405,NaN,0,0,0,0,0,0,NaN,NaN,NaN,NaN,NaN,NaN,0,0,0,NaN,0,0,NaN,NaN,NaN,NaN,NaN,NaN,NaN,NaN,NaN,NaN,0,0,NaN,0,0,NaN,NaN,NaN,NaN,NaN,NaN,NaN,NaN,NaN,NaN,NaN,NaN,0,0,0,0,0,0
09/27/2025,09,5GNR,Upstate New York,070,Buffalo,HNRT,0709002,CHESTNUT_RIDGE,2570,406,NaN,0,0,0,0,0,0,NaN,NaN,NaN,NaN,NaN,NaN,0,0,0,NaN,0,0,NaN,NaN,NaN,NaN,NaN,NaN,NaN,NaN,NaN,NaN,0,0,NaN,0,0,NaN,NaN,NaN,NaN,NaN,NaN,NaN,NaN,NaN,NaN,NaN,NaN,0,0,0,0,0,0
09/27/2025,09,5GNR,Upstate New York,070,Buffalo,HNRT,0709002,DARIEN,2175,416,NaN,0,0,0,0,0,0,NaN,NaN,NaN,NaN,NaN,NaN,0,0,0,NaN,0,0,NaN,NaN,NaN,NaN,NaN,NaN,NaN,NaN,NaN,NaN,0,0,NaN,0,0,NaN,NaN,NaN,NaN,NaN,NaN,NaN,NaN,NaN,NaN,NaN,NaN,0,0,0,0,0,0
09/27/2025,09,5GNR,Upstate New York,070,Buffalo,HNRT,0709002,DARIEN,2175,417,NaN,0,0,0,0,0,0,NaN,NaN,NaN,NaN,NaN,NaN,0,0,0,NaN,0,0,NaN,NaN,NaN,NaN,NaN,NaN,NaN,NaN,NaN,NaN,0,0,NaN,0,0,NaN,NaN,NaN,NaN,NaN,NaN,NaN,NaN,NaN,NaN,NaN,NaN,0,0,0,0,0,0
09/27/2025,09,5GNR,Upstate New York,070,Buffalo,HNRT,0709002,DARIEN,2175,418,NaN,0,0,0,0,0,0,NaN,NaN,NaN,NaN,NaN,NaN,0,0,0,NaN,0,0,NaN,NaN,NaN,NaN,NaN,NaN,NaN,NaN,NaN,NaN,0,0,NaN,0,0,NaN,NaN,NaN,NaN,NaN,NaN,NaN,NaN,NaN,NaN,NaN,NaN,0,0,0,0,0,0
09/27/2025,09,5GNR,Upstate New York,070,Buffalo,HNRT,0709002,DEWITTVILLE,2636,467,NaN,0,0,0,0,0,0,NaN,NaN,NaN,NaN,NaN,NaN,0,0,0,NaN,0,0,NaN,NaN,NaN,NaN,NaN,NaN,NaN,NaN,NaN,NaN,0,0,NaN,0,0,NaN,NaN,NaN,NaN,NaN,NaN,NaN,NaN,NaN,NaN,NaN,NaN,0,0,0,0,0,0
09/27/2025,09,5GNR,Upstate New York,070,Buffalo,HNRT,0709002,DEWITTVILLE,2636,468,NaN,0,0,0,0,0,0,NaN,NaN,NaN,NaN,NaN,NaN,0,0,0,NaN,0,0,NaN,NaN,NaN,NaN,NaN,NaN,NaN,NaN,NaN,NaN,0,0,NaN,0,0,NaN,NaN,NaN,NaN,NaN,NaN,NaN,NaN,NaN,NaN,NaN,NaN,0,0,0,0,0,0
09/27/2025,09,5GNR,Upstate New York,070,Buffalo,HNRT,0709002,DEWITTVILLE,2636,469,NaN,0,0,0,0,0,0,NaN,NaN,NaN,NaN,NaN,NaN,0,0,0,NaN,0,0,NaN,NaN,NaN,NaN,NaN,NaN,NaN,NaN,NaN,NaN,0,0,NaN,0,0,NaN,NaN,NaN,NaN,NaN,NaN,NaN,NaN,NaN,NaN,NaN,NaN,0,0,0,0,0,0
09/27/2025,09,5GNR,Upstate New York,070,Buffalo,HNRT,0709002,DUNKIRK RACEWAY,2639,464,NaN,0,0,0,0,0,0,NaN,NaN,NaN,NaN,NaN,NaN,0,0,0,NaN,0,0,NaN,NaN,NaN,NaN,NaN,NaN,NaN,NaN,NaN,NaN,0,0,NaN,0,0,NaN,NaN,NaN,NaN,NaN,NaN,NaN,NaN,NaN,NaN,NaN,NaN,0,0,0,0,0,0
09/27/2025,09,5GNR,Upstate New York,070,Buffalo,HNRT,0709002,DUNKIRK RACEWAY,2639,465,NaN,0,0,0,0,0,0,NaN,NaN,NaN,NaN,NaN,NaN,0,0,0,NaN,0,0,NaN,NaN,NaN,NaN,NaN,NaN,NaN,NaN,NaN,NaN,0,0,NaN,0,0,NaN,NaN,NaN,NaN,NaN,NaN,NaN,NaN,NaN,NaN,NaN,NaN,0,0,0,0,0,0
09/27/2025,09,5GNR,Upstate New York,070,Buffalo,HNRT,0709002,DUNKIRK RACEWAY,2639,466,NaN,0,0,0,0,0,0,NaN,NaN,NaN,NaN,NaN,NaN,0,0,0,NaN,0,0,NaN,NaN,NaN,NaN,NaN,NaN,NaN,NaN,NaN,NaN,0,0,NaN,0,0,NaN,NaN,NaN,NaN,NaN,NaN,NaN,NaN,NaN,NaN,NaN,NaN,0,0,0,0,0,0
09/27/2025,09,5GNR,Upstate New York,070,Buffalo,HNRT,0709002,GERRY HILL,2359,488,NaN,0,0,0,0,0,0,NaN,NaN,NaN,NaN,NaN,NaN,0,0,0,NaN,0,0,NaN,NaN,NaN,NaN,NaN,NaN,NaN,NaN,NaN,NaN,0,0,NaN,0,0,NaN,NaN,NaN,NaN,NaN,NaN,NaN,NaN,NaN,NaN,NaN,NaN,0,0,0,0,0,0
09/27/2025,09,5GNR,Upstate New York,070,Buffalo,HNRT,0709002,GERRY HILL,2359,489,NaN,0,0,0,0,0,0,NaN,NaN,NaN,NaN,NaN,NaN,0,0,0,NaN,0,0,NaN,NaN,NaN,NaN,NaN,NaN,NaN,NaN,NaN,NaN,0,0,NaN,0,0,NaN,NaN,NaN,NaN,NaN,NaN,NaN,NaN,NaN,NaN,NaN,NaN,0,0,0,0,0,0
09/27/2025,09,5GNR,Upstate New York,070,Buffalo,HNRT,0709002,GERRY HILL,2359,490,NaN,0,0,0,0,0,0,NaN,NaN,NaN,NaN,NaN,NaN,0,0,0,NaN,0,0,NaN,NaN,NaN,NaN,NaN,NaN,NaN,NaN,NaN,NaN,0,0,NaN,0,0,NaN,NaN,NaN,NaN,NaN,NaN,NaN,NaN,NaN,NaN,NaN,NaN,0,0,0,0,0,0
09/27/2025,09,5GNR,Upstate New York,070,Buffalo,HNRT,0709002,INDIAN_CHURCH_RD,2573,503,NaN,0,0,0,0,0,0,NaN,NaN,NaN,NaN,NaN,NaN,0,0,0,NaN,0,0,NaN,NaN,NaN,NaN,NaN,NaN,NaN,NaN,NaN,NaN,0,0,NaN,0,0,NaN,NaN,NaN,NaN,NaN,NaN,NaN,NaN,NaN,NaN,NaN,NaN,0,0,0,0,0,0
09/27/2025,09,5GNR,Upstate New York,070,Buffalo,HNRT,0709002,INDIAN_CHURCH_RD,2573,504,NaN,0,0,0,0,0,0,NaN,NaN,NaN,NaN,NaN,NaN,0,0,0,NaN,0,0,NaN,NaN,NaN,NaN,NaN,NaN,NaN,NaN,NaN,NaN,0,0,NaN,0,0,NaN,NaN,NaN,NaN,NaN,NaN,NaN,NaN,NaN,NaN,NaN,NaN,0,0,0,0,0,0
09/27/2025,09,5GNR,Upstate New York,070,Buffalo,HNRT,0709002,INDIAN_CHURCH_RD,2573,505,NaN,0,0,0,0,0,0,NaN,NaN,NaN,NaN,NaN,NaN,0,0,0,NaN,0,0,NaN,NaN,NaN,NaN,NaN,NaN,NaN,NaN,NaN,NaN,0,0,NaN,0,0,NaN,NaN,NaN,NaN,NaN,NaN,NaN,NaN,NaN,NaN,NaN,NaN,0,0,0,0,0,0
09/27/2025,09,5GNR,Upstate New York,070,Buffalo,HNRT,0709002,LEWISTON_AND_MEADVILLE,2357,485,NaN,0,0,0,0,0,0,NaN,NaN,NaN,NaN,NaN,NaN,0,0,0,NaN,0,0,NaN,NaN,NaN,NaN,NaN,NaN,NaN,NaN,NaN,NaN,0,0,NaN,0,0,NaN,NaN,NaN,NaN,NaN,NaN,NaN,NaN,NaN,NaN,NaN,NaN,0,0,0,0,0,0
09/27/2025,09,5GNR,Upstate New York,070,Buffalo,HNRT,0709002,LEWISTON_AND_MEADVILLE,2357,486,NaN,0,0,0,0,0,0,NaN,NaN,NaN,NaN,NaN,NaN,0,0,0,NaN,0,0,NaN,NaN,NaN,NaN,NaN,NaN,NaN,NaN,NaN,NaN,0,0,NaN,0,0,NaN,NaN,NaN,NaN,NaN,NaN,NaN,NaN,NaN,NaN,NaN,NaN,0,0,0,0,0,0
09/27/2025,09,5GNR,Upstate New York,070,Buffalo,HNRT,0709002,LEWISTON_AND_MEADVILLE,2357,487,NaN,0,0,0,0,0,0,NaN,NaN,NaN,NaN,NaN,NaN,0,0,0,NaN,0,0,NaN,NaN,NaN,NaN,NaN,NaN,NaN,NaN,NaN,NaN,0,0,NaN,0,0,NaN,NaN,NaN,NaN,NaN,NaN,NaN,NaN,NaN,NaN,NaN,NaN,0,0,0,0,0,0
09/27/2025,09,5GNR,Upstate New York,070,Buffalo,HNRT,0709002,MILLETSPORT,2289,356,NaN,0,0,0,0,0,0,NaN,NaN,NaN,NaN,NaN,NaN,0,0,0,NaN,0,0,NaN,NaN,NaN,NaN,NaN,NaN,NaN,NaN,NaN,NaN,0,0,NaN,0,0,NaN,NaN,NaN,NaN,NaN,NaN,NaN,NaN,NaN,NaN,NaN,NaN,0,0,0,0,0,0
09/27/2025,09,5GNR,Upstate New York,070,Buffalo,HNRT,0709002,MILLETSPORT,2289,357,NaN,0,0,0,0,0,0,NaN,NaN,NaN,NaN,NaN,NaN,0,0,0,NaN,0,0,NaN,NaN,NaN,NaN,NaN,NaN,NaN,NaN,NaN,NaN,0,0,NaN,0,0,NaN,NaN,NaN,NaN,NaN,NaN,NaN,NaN,NaN,NaN,NaN,NaN,0,0,0,0,0,0
09/27/2025,09,5GNR,Upstate New York,070,Buffalo,HNRT,0709002,MILLETSPORT,2289,358,NaN,0,0,0,0,0,0,NaN,NaN,NaN,NaN,NaN,NaN,0,0,0,NaN,0,0,NaN,NaN,NaN,NaN,NaN,NaN,NaN,NaN,NaN,NaN,0,0,NaN,0,0,NaN,NaN,NaN,NaN,NaN,NaN,NaN,NaN,NaN,NaN,NaN,NaN,0,0,0,0,0,0
09/27/2025,09,5GNR,Upstate New York,070,Buffalo,HNRT,0709002,MT_VIEW,2314,431,NaN,0,0,0,0,0,0,NaN,NaN,NaN,NaN,NaN,NaN,0,0,0,NaN,0,0,NaN,NaN,NaN,NaN,NaN,NaN,NaN,NaN,NaN,NaN,0,0,NaN,0,0,NaN,NaN,NaN,NaN,NaN,NaN,NaN,NaN,NaN,NaN,NaN,NaN,0,0,0,0,0,0
09/27/2025,09,5GNR,Upstate New York,070,Buffalo,HNRT,0709002,MT_VIEW,2314,432,NaN,0,0,0,0,0,0,NaN,NaN,NaN,NaN,NaN,NaN,0,0,0,NaN,0,0,NaN,NaN,NaN,NaN,NaN,NaN,NaN,NaN,NaN,NaN,0,0,NaN,0,0,NaN,NaN,NaN,NaN,NaN,NaN,NaN,NaN,NaN,NaN,NaN,NaN,0,0,0,0,0,0
09/27/2025,09,5GNR,Upstate New York,070,Buffalo,HNRT,0709002,MT_VIEW,2314,433,NaN,0,0,0,0,0,0,NaN,NaN,NaN,NaN,NaN,NaN,0,0,0,NaN,0,0,NaN,NaN,NaN,NaN,NaN,NaN,NaN,NaN,NaN,NaN,0,0,NaN,0,0,NaN,NaN,NaN,NaN,NaN,NaN,NaN,NaN,NaN,NaN,NaN,NaN,0,0,0,0,0,0
09/27/2025,09,5GNR,Upstate New York,070,Buffalo,HNRT,0709002,NORTHTOWN_PLAZA,2163,305,NaN,0,0,0,0,0,0,NaN,NaN,NaN,NaN,NaN,NaN,0,0,0,NaN,0,0,NaN,NaN,NaN,NaN,NaN,NaN,NaN,NaN,NaN,NaN,0,0,NaN,0,0,NaN,NaN,NaN,NaN,NaN,NaN,NaN,NaN,NaN,NaN,NaN,NaN,0,0,0,0,0,0
09/27/2025,09,5GNR,Upstate New York,070,Buffalo,HNRT,0709002,NORTHTOWN_PLAZA,2163,306,NaN,0,0,0,0,0,0,NaN,NaN,NaN,NaN,NaN,NaN,0,0,0,NaN,0,0,NaN,NaN,NaN,NaN,NaN,NaN,NaN,NaN,NaN,NaN,0,0,NaN,0,0,NaN,NaN,NaN,NaN,NaN,NaN,NaN,NaN,NaN,NaN,NaN,NaN,0,0,0,0,0,0
09/27/2025,09,5GNR,Upstate New York,070,Buffalo,HNRT,0709002,NORTHTOWN_PLAZA,2163,307,NaN,0,0,0,0,0,0,NaN,NaN,NaN,NaN,NaN,NaN,0,0,0,NaN,0,0,NaN,NaN,NaN,NaN,NaN,NaN,NaN,NaN,NaN,NaN,0,0,NaN,0,0,NaN,NaN,NaN,NaN,NaN,NaN,NaN,NaN,NaN,NaN,NaN,NaN,0,0,0,0,0,0
09/27/2025,09,5GNR,Upstate New York,070,Buffalo,HNRT,0709002,POTOMAC,2049,260,NaN,0,0,0,0,0,0,NaN,NaN,NaN,NaN,NaN,NaN,0,0,0,NaN,0,0,NaN,NaN,NaN,NaN,NaN,NaN,NaN,NaN,NaN,NaN,0,0,NaN,0,0,NaN,NaN,NaN,NaN,NaN,NaN,NaN,NaN,NaN,NaN,NaN,NaN,0,0,0,0,0,0
09/27/2025,09,5GNR,Upstate New York,070,Buffalo,HNRT,0709002,POTOMAC,2049,261,NaN,0,0,0,0,0,0,NaN,NaN,NaN,NaN,NaN,NaN,0,0,0,NaN,0,0,NaN,NaN,NaN,NaN,NaN,NaN,NaN,NaN,NaN,NaN,0,0,NaN,0,0,NaN,NaN,NaN,NaN,NaN,NaN,NaN,NaN,NaN,NaN,NaN,NaN,0,0,0,0,0,0
09/27/2025,09,5GNR,Upstate New York,070,Buffalo,HNRT,0709002,POTOMAC,2049,262,NaN,0,0,0,0,0,0,NaN,NaN,NaN,NaN,NaN,NaN,0,0,0,NaN,0,0,NaN,NaN,NaN,NaN,NaN,NaN,NaN,NaN,NaN,NaN,0,0,NaN,0,0,NaN,NaN,NaN,NaN,NaN,NaN,NaN,NaN,NaN,NaN,NaN,NaN,0,0,0,0,0,0
09/27/2025,09,5GNR,Upstate New York,070,Buffalo,HNRT,0709002,ROYALTON,2274,347,NaN,0,0,0,0,0,0,NaN,NaN,NaN,NaN,NaN,NaN,0,0,0,NaN,0,0,NaN,NaN,NaN,NaN,NaN,NaN,NaN,NaN,NaN,NaN,0,0,NaN,0,0,NaN,NaN,NaN,NaN,NaN,NaN,NaN,NaN,NaN,NaN,NaN,NaN,0,0,0,0,0,0
09/27/2025,09,5GNR,Upstate New York,070,Buffalo,HNRT,0709002,ROYALTON,2274,348,NaN,0,0,0,0,0,0,NaN,NaN,NaN,NaN,NaN,NaN,0,0,0,NaN,0,0,NaN,NaN,NaN,NaN,NaN,NaN,NaN,NaN,NaN,NaN,0,0,NaN,0,0,NaN,NaN,NaN,NaN,NaN,NaN,NaN,NaN,NaN,NaN,NaN,NaN,0,0,0,0,0,0
09/27/2025,09,5GNR,Upstate New York,070,Buffalo,HNRT,0709002,ROYALTON,2274,349,NaN,0,0,0,0,0,0,NaN,NaN,NaN,NaN,NaN,NaN,0,0,0,NaN,0,0,NaN,NaN,NaN,NaN,NaN,NaN,NaN,NaN,NaN,NaN,0,0,NaN,0,0,NaN,NaN,NaN,NaN,NaN,NaN,NaN,NaN,NaN,NaN,NaN,NaN,0,0,0,0,0,0
09/27/2025,09,5GNR,Upstate New York,070,Buffalo,HNRT,0709002,SHERIDAN_AND_MILLERSPORT,2566,401,NaN,0,0,0,0,0,0,NaN,NaN,NaN,NaN,NaN,NaN,0,0,0,NaN,0,0,NaN,NaN,NaN,NaN,NaN,NaN,NaN,NaN,NaN,NaN,0,0,NaN,0,0,NaN,NaN,NaN,NaN,NaN,NaN,NaN,NaN,NaN,NaN,NaN,NaN,0,0,0,0,0,0
09/27/2025,09,5GNR,Upstate New York,070,Buffalo,HNRT,0709002,SHERIDAN_AND_MILLERSPORT,2566,402,NaN,0,0,0,0,0,0,NaN,NaN,NaN,NaN,NaN,NaN,0,0,0,NaN,0,0,NaN,NaN,NaN,NaN,NaN,NaN,NaN,NaN,NaN,NaN,0,0,NaN,0,0,NaN,NaN,NaN,NaN,NaN,NaN,NaN,NaN,NaN,NaN,NaN,NaN,0,0,0,0,0,0
09/27/2025,09,5GNR,Upstate New York,070,Buffalo,HNRT,0709002,SHERIDAN_AND_MILLERSPORT,2566,403,NaN,0,0,0,0,0,0,NaN,NaN,NaN,NaN,NaN,NaN,0,0,0,NaN,0,0,NaN,NaN,NaN,NaN,NaN,NaN,NaN,NaN,NaN,NaN,0,0,NaN,0,0,NaN,NaN,NaN,NaN,NaN,NaN,NaN,NaN,NaN,NaN,NaN,NaN,0,0,0,0,0,0
09/27/2025,09,5GNR,Upstate New York,070,Buffalo,HNRT,0709002,SHOSHONE,2297,365,NaN,0,0,0,0,0,0,NaN,NaN,NaN,NaN,NaN,NaN,0,0,0,NaN,0,0,NaN,NaN,NaN,NaN,NaN,NaN,NaN,NaN,NaN,NaN,0,0,NaN,0,0,NaN,NaN,NaN,NaN,NaN,NaN,NaN,NaN,NaN,NaN,NaN,NaN,0,0,0,0,0,0
09/27/2025,09,5GNR,Upstate New York,070,Buffalo,HNRT,0709002,SHOSHONE,2297,366,NaN,0,0,0,0,0,0,NaN,NaN,NaN,NaN,NaN,NaN,0,0,0,NaN,0,0,NaN,NaN,NaN,NaN,NaN,NaN,NaN,NaN,NaN,NaN,0,0,NaN,0,0,NaN,NaN,NaN,NaN,NaN,NaN,NaN,NaN,NaN,NaN,NaN,NaN,0,0,0,0,0,0
09/27/2025,09,5GNR,Upstate New York,070,Buffalo,HNRT,0709002,SHOSHONE,2297,367,NaN,0,0,0,0,0,0,NaN,NaN,NaN,NaN,NaN,NaN,0,0,0,NaN,0,0,NaN,NaN,NaN,NaN,NaN,NaN,NaN,NaN,NaN,NaN,0,0,NaN,0,0,NaN,NaN,NaN,NaN,NaN,NaN,NaN,NaN,NaN,NaN,NaN,NaN,0,0,0,0,0,0
09/27/2025,09,5GNR,Upstate New York,070,Buffalo,HNRT,0709002,TE_PEMBROKE_DB,2331,419,NaN,0,0,0,0,0,0,NaN,NaN,NaN,NaN,NaN,NaN,0,0,0,NaN,0,0,NaN,NaN,NaN,NaN,NaN,NaN,NaN,NaN,NaN,NaN,0,0,NaN,0,0,NaN,NaN,NaN,NaN,NaN,NaN,NaN,NaN,NaN,NaN,NaN,NaN,0,0,0,0,0,0
09/27/2025,09,5GNR,Upstate New York,070,Buffalo,HNRT,0709002,TE_PEMBROKE_DB,2331,420,NaN,0,0,0,0,0,0,NaN,NaN,NaN,NaN,NaN,NaN,0,0,0,NaN,0,0,NaN,NaN,NaN,NaN,NaN,NaN,NaN,NaN,NaN,NaN,0,0,NaN,0,0,NaN,NaN,NaN,NaN,NaN,NaN,NaN,NaN,NaN,NaN,NaN,NaN,0,0,0,0,0,0
09/27/2025,09,5GNR,Upstate New York,070,Buffalo,HNRT,0709002,TE_PEMBROKE_DB,2331,421,NaN,0,0,0,0,0,0,NaN,NaN,NaN,NaN,NaN,NaN,0,0,0,NaN,0,0,NaN,NaN,NaN,NaN,NaN,NaN,NaN,NaN,NaN,NaN,0,0,NaN,0,0,NaN,NaN,NaN,NaN,NaN,NaN,NaN,NaN,NaN,NaN,NaN,NaN,0,0,0,0,0,0
09/27/2025,09,5GNR,Upstate New York,070,Buffalo,HNRT,0709002,TOISUL,2315,368,NaN,0,0,0,0,0,0,NaN,NaN,NaN,NaN,NaN,NaN,0,0,0,NaN,0,0,NaN,NaN,NaN,NaN,NaN,NaN,NaN,NaN,NaN,NaN,0,0,NaN,0,0,NaN,NaN,NaN,NaN,NaN,NaN,NaN,NaN,NaN,NaN,NaN,NaN,0,0,0,0,0,0
09/27/2025,09,5GNR,Upstate New York,070,Buffalo,HNRT,0709002,TOISUL,2315,369,NaN,0,0,0,0,0,0,NaN,NaN,NaN,NaN,NaN,NaN,0,0,0,NaN,0,0,NaN,NaN,NaN,NaN,NaN,NaN,NaN,NaN,NaN,NaN,0,0,NaN,0,0,NaN,NaN,NaN,NaN,NaN,NaN,NaN,NaN,NaN,NaN,NaN,NaN,0,0,0,0,0,0
09/27/2025,09,5GNR,Upstate New York,070,Buffalo,HNRT,0709002,TOISUL,2315,370,NaN,0,0,0,0,0,0,NaN,NaN,NaN,NaN,NaN,NaN,0,0,0,NaN,0,0,NaN,NaN,NaN,NaN,NaN,NaN,NaN,NaN,NaN,NaN,0,0,NaN,0,0,NaN,NaN,NaN,NaN,NaN,NaN,NaN,NaN,NaN,NaN,NaN,NaN,0,0,0,0,0,0
09/27/2025,09,5GNR,Upstate New York,070,Buffalo,HNRT,0709002,WILSON_HD-HNRT,2277,461,NaN,0,0,0,0,0,0,NaN,NaN,NaN,NaN,NaN,NaN,0,0,0,NaN,0,0,NaN,NaN,NaN,NaN,NaN,NaN,NaN,NaN,NaN,NaN,0,0,NaN,0,0,NaN,NaN,NaN,NaN,NaN,NaN,NaN,NaN,NaN,NaN,NaN,NaN,0,0,0,0,0,0
09/27/2025,09,5GNR,Upstate New York,070,Buffalo,HNRT,0709002,WILSON_HD-HNRT,2277,462,NaN,0,0,0,0,0,0,NaN,NaN,NaN,NaN,NaN,NaN,0,0,0,NaN,0,0,NaN,NaN,NaN,NaN,NaN,NaN,NaN,NaN,NaN,NaN,0,0,NaN,0,0,NaN,NaN,NaN,NaN,NaN,NaN,NaN,NaN,NaN,NaN,NaN,NaN,0,0,0,0,0,0
09/27/2025,09,5GNR,Upstate New York,070,Buffalo,HNRT,0709002,WILSON_HD-HNRT,2277,463,NaN,0,0,0,0,0,0,NaN,NaN,NaN,NaN,NaN,NaN,0,0,0,NaN,0,0,NaN,NaN,NaN,NaN,NaN,NaN,NaN,NaN,NaN,NaN,0,0,NaN,0,0,NaN,NaN,NaN,NaN,NaN,NaN,NaN,NaN,NaN,NaN,NaN,NaN,0,0,0,0,0,0
09/27/2025,09,5GNR,Upstate New York,070,Buffalo,HNRT,0709002,WRIGHTS_CORNERS,2301,440,NaN,0,0,0,0,0,0,NaN,NaN,NaN,NaN,NaN,NaN,0,0,0,NaN,0,0,NaN,NaN,NaN,NaN,NaN,NaN,NaN,NaN,NaN,NaN,0,0,NaN,0,0,NaN,NaN,NaN,NaN,NaN,NaN,NaN,NaN,NaN,NaN,NaN,NaN,0,0,0,0,0,0
09/27/2025,09,5GNR,Upstate New York,070,Buffalo,HNRT,0709002,WRIGHTS_CORNERS,2301,441,NaN,0,0,0,0,0,0,NaN,NaN,NaN,NaN,NaN,NaN,0,0,0,NaN,0,0,NaN,NaN,NaN,NaN,NaN,NaN,NaN,NaN,NaN,NaN,0,0,NaN,0,0,NaN,NaN,NaN,NaN,NaN,NaN,NaN,NaN,NaN,NaN,NaN,NaN,0,0,0,0,0,0
09/27/2025,09,5GNR,Upstate New York,070,Buffalo,HNRT,0709002,WRIGHTS_CORNERS,2301,442,NaN,0,0,0,0,0,0,NaN,NaN,NaN,NaN,NaN,NaN,0,0,0,NaN,0,0,NaN,NaN,NaN,NaN,NaN,NaN,NaN,NaN,NaN,NaN,0,0,NaN,0,0,NaN,NaN,NaN,NaN,NaN,NaN,NaN,NaN,NaN,NaN,NaN,NaN,0,0,0,0,0,0
09/27/2025,09,5GNR,Upstate New York,070,Buffalo,HNRT,0709003,290_DELAWARE_AVE,2553,81,NaN,0,0,0,0,0,0,NaN,NaN,NaN,NaN,NaN,NaN,0,0,0,NaN,0,0,NaN,NaN,NaN,NaN,NaN,NaN,NaN,NaN,NaN,NaN,0,0,NaN,0,0,NaN,NaN,NaN,NaN,NaN,NaN,NaN,NaN,NaN,NaN,NaN,NaN,0,0,0,0,0,0
09/27/2025,09,5GNR,Upstate New York,070,Buffalo,HNRT,0709003,290_DELAWARE_AVE,2553,82,NaN,0,0,0,0,0,0,NaN,NaN,NaN,NaN,NaN,NaN,0,0,0,NaN,0,0,NaN,NaN,NaN,NaN,NaN,NaN,NaN,NaN,NaN,NaN,0,0,NaN,0,0,NaN,NaN,NaN,NaN,NaN,NaN,NaN,NaN,NaN,NaN,NaN,NaN,0,0,0,0,0,0
09/27/2025,09,5GNR,Upstate New York,070,Buffalo,HNRT,0709003,290_DELAWARE_AVE,2553,83,NaN,0,0,0,0,0,0,NaN,NaN,NaN,NaN,NaN,NaN,0,0,0,NaN,0,0,NaN,NaN,NaN,NaN,NaN,NaN,NaN,NaN,NaN,NaN,0,0,NaN,0,0,NaN,NaN,NaN,NaN,NaN,NaN,NaN,NaN,NaN,NaN,NaN,NaN,0,0,0,0,0,0
09/27/2025,09,5GNR,Upstate New York,070,Buffalo,HNRT,0709003,AKRON,2336,287,NaN,0,0,0,0,0,0,NaN,NaN,NaN,NaN,NaN,NaN,0,0,0,NaN,0,0,NaN,NaN,NaN,NaN,NaN,NaN,NaN,NaN,NaN,NaN,0,0,NaN,0,0,NaN,NaN,NaN,NaN,NaN,NaN,NaN,NaN,NaN,NaN,NaN,NaN,0,0,0,0,0,0
09/27/2025,09,5GNR,Upstate New York,070,Buffalo,HNRT,0709003,AKRON,2336,288,NaN,0,0,0,0,0,0,NaN,NaN,NaN,NaN,NaN,NaN,0,0,0,NaN,0,0,NaN,NaN,NaN,NaN,NaN,NaN,NaN,NaN,NaN,NaN,0,0,NaN,0,0,NaN,NaN,NaN,NaN,NaN,NaN,NaN,NaN,NaN,NaN,NaN,NaN,0,0,0,0,0,0
09/27/2025,09,5GNR,Upstate New York,070,Buffalo,HNRT,0709003,AKRON,2336,289,NaN,0,0,0,0,0,0,NaN,NaN,NaN,NaN,NaN,NaN,0,0,0,NaN,0,0,NaN,NaN,NaN,NaN,NaN,NaN,NaN,NaN,NaN,NaN,0,0,NaN,0,0,NaN,NaN,NaN,NaN,NaN,NaN,NaN,NaN,NaN,NaN,NaN,NaN,0,0,0,0,0,0
09/27/2025,09,5GNR,Upstate New York,070,Buffalo,HNRT,0709003,ANGELICA,2216,180,NaN,0,0,0,0,0,0,NaN,NaN,NaN,NaN,NaN,NaN,0,0,0,NaN,0,0,NaN,NaN,NaN,NaN,NaN,NaN,NaN,NaN,NaN,NaN,0,0,NaN,0,0,NaN,NaN,NaN,NaN,NaN,NaN,NaN,NaN,NaN,NaN,NaN,NaN,0,0,0,0,0,0
09/27/2025,09,5GNR,Upstate New York,070,Buffalo,HNRT,0709003,ANGELICA,2216,181,NaN,0,0,0,0,0,0,NaN,NaN,NaN,NaN,NaN,NaN,0,0,0,NaN,0,0,NaN,NaN,NaN,NaN,NaN,NaN,NaN,NaN,NaN,NaN,0,0,NaN,0,0,NaN,NaN,NaN,NaN,NaN,NaN,NaN,NaN,NaN,NaN,NaN,NaN,0,0,0,0,0,0
09/27/2025,09,5GNR,Upstate New York,070,Buffalo,HNRT,0709003,ANGELICA,2216,182,NaN,0,0,0,0,0,0,NaN,NaN,NaN,NaN,NaN,NaN,0,0,0,NaN,0,0,NaN,NaN,NaN,NaN,NaN,NaN,NaN,NaN,NaN,NaN,0,0,NaN,0,0,NaN,NaN,NaN,NaN,NaN,NaN,NaN,NaN,NaN,NaN,NaN,NaN,0,0,0,0,0,0
09/27/2025,09,5GNR,Upstate New York,070,Buffalo,HNRT,0709003,BLAKELEY RD,2127,293,NaN,0,0,0,0,0,0,NaN,NaN,NaN,NaN,NaN,NaN,0,0,0,NaN,0,0,NaN,NaN,NaN,NaN,NaN,NaN,NaN,NaN,NaN,NaN,0,0,NaN,0,0,NaN,NaN,NaN,NaN,NaN,NaN,NaN,NaN,NaN,NaN,NaN,NaN,0,0,0,0,0,0
09/27/2025,09,5GNR,Upstate New York,070,Buffalo,HNRT,0709003,BLAKELEY RD,2127,294,NaN,0,0,0,0,0,0,NaN,NaN,NaN,NaN,NaN,NaN,0,0,0,NaN,0,0,NaN,NaN,NaN,NaN,NaN,NaN,NaN,NaN,NaN,NaN,0,0,NaN,0,0,NaN,NaN,NaN,NaN,NaN,NaN,NaN,NaN,NaN,NaN,NaN,NaN,0,0,0,0,0,0
09/27/2025,09,5GNR,Upstate New York,070,Buffalo,HNRT,0709003,BLAKELEY RD,2127,295,NaN,0,0,0,0,0,0,NaN,NaN,NaN,NaN,NaN,NaN,0,0,0,NaN,0,0,NaN,NaN,NaN,NaN,NaN,NaN,NaN,NaN,NaN,NaN,0,0,NaN,0,0,NaN,NaN,NaN,NaN,NaN,NaN,NaN,NaN,NaN,NaN,NaN,NaN,0,0,0,0,0,0
09/27/2025,09,5GNR,Upstate New York,070,Buffalo,HNRT,0709003,BOWMANSVILLE,2364,218,NaN,0,0,0,0,0,0,NaN,NaN,NaN,NaN,NaN,NaN,0,0,0,NaN,0,0,NaN,NaN,NaN,NaN,NaN,NaN,NaN,NaN,NaN,NaN,0,0,NaN,0,0,NaN,NaN,NaN,NaN,NaN,NaN,NaN,NaN,NaN,NaN,NaN,NaN,0,0,0,0,0,0
09/27/2025,09,5GNR,Upstate New York,070,Buffalo,HNRT,0709003,BOWMANSVILLE,2364,219,NaN,0,0,0,0,0,0,NaN,NaN,NaN,NaN,NaN,NaN,0,0,0,NaN,0,0,NaN,NaN,NaN,NaN,NaN,NaN,NaN,NaN,NaN,NaN,0,0,NaN,0,0,NaN,NaN,NaN,NaN,NaN,NaN,NaN,NaN,NaN,NaN,NaN,NaN,0,0,0,0,0,0
09/27/2025,09,5GNR,Upstate New York,070,Buffalo,HNRT,0709003,BOWMANSVILLE,2364,220,NaN,0,0,0,0,0,0,NaN,NaN,NaN,NaN,NaN,NaN,0,0,0,NaN,0,0,NaN,NaN,NaN,NaN,NaN,NaN,NaN,NaN,NaN,NaN,0,0,NaN,0,0,NaN,NaN,NaN,NaN,NaN,NaN,NaN,NaN,NaN,NaN,NaN,NaN,0,0,0,0,0,0
09/27/2025,09,5GNR,Upstate New York,070,Buffalo,HNRT,0709003,CATTARAUGUS VLG,2420,200,NaN,0,0,0,0,0,0,NaN,NaN,NaN,NaN,NaN,NaN,0,0,0,NaN,0,0,NaN,NaN,NaN,NaN,NaN,NaN,NaN,NaN,NaN,NaN,0,0,NaN,0,0,NaN,NaN,NaN,NaN,NaN,NaN,NaN,NaN,NaN,NaN,NaN,NaN,0,0,0,0,0,0
09/27/2025,09,5GNR,Upstate New York,070,Buffalo,HNRT,0709003,CATTARAUGUS VLG,2420,201,NaN,0,0,0,0,0,0,NaN,NaN,NaN,NaN,NaN,NaN,0,0,0,NaN,0,0,NaN,NaN,NaN,NaN,NaN,NaN,NaN,NaN,NaN,NaN,0,0,NaN,0,0,NaN,NaN,NaN,NaN,NaN,NaN,NaN,NaN,NaN,NaN,NaN,NaN,0,0,0,0,0,0
09/27/2025,09,5GNR,Upstate New York,070,Buffalo,HNRT,0709003,CATTARAUGUS VLG,2420,202,NaN,0,0,0,0,0,0,NaN,NaN,NaN,NaN,NaN,NaN,0,0,0,NaN,0,0,NaN,NaN,NaN,NaN,NaN,NaN,NaN,NaN,NaN,NaN,0,0,NaN,0,0,NaN,NaN,NaN,NaN,NaN,NaN,NaN,NaN,NaN,NaN,NaN,NaN,0,0,0,0,0,0
09/27/2025,09,5GNR,Upstate New York,070,Buffalo,HNRT,0709003,CELORON SOUTH,2603,152,NaN,0,0,0,0,0,0,NaN,NaN,NaN,NaN,NaN,NaN,0,0,0,NaN,0,0,NaN,NaN,NaN,NaN,NaN,NaN,NaN,NaN,NaN,NaN,0,0,NaN,0,0,NaN,NaN,NaN,NaN,NaN,NaN,NaN,NaN,NaN,NaN,NaN,NaN,0,0,0,0,0,0
09/27/2025,09,5GNR,Upstate New York,070,Buffalo,HNRT,0709003,CELORON SOUTH,2603,153,NaN,0,0,0,0,0,0,NaN,NaN,NaN,NaN,NaN,NaN,0,0,0,NaN,0,0,NaN,NaN,NaN,NaN,NaN,NaN,NaN,NaN,NaN,NaN,0,0,NaN,0,0,NaN,NaN,NaN,NaN,NaN,NaN,NaN,NaN,NaN,NaN,NaN,NaN,0,0,0,0,0,0
09/27/2025,09,5GNR,Upstate New York,070,Buffalo,HNRT,0709003,CELORON SOUTH,2603,154,NaN,0,0,0,0,0,0,NaN,NaN,NaN,NaN,NaN,NaN,0,0,0,NaN,0,0,NaN,NaN,NaN,NaN,NaN,NaN,NaN,NaN,NaN,NaN,0,0,NaN,0,0,NaN,NaN,NaN,NaN,NaN,NaN,NaN,NaN,NaN,NaN,NaN,NaN,0,0,0,0,0,0
09/27/2025,09,5GNR,Upstate New York,070,Buffalo,HNRT,0709003,CHESTNUT_AND_425,2101,305,NaN,0,0,0,0,0,0,NaN,NaN,NaN,NaN,NaN,NaN,0,0,0,NaN,0,0,NaN,NaN,NaN,NaN,NaN,NaN,NaN,NaN,NaN,NaN,0,0,NaN,0,0,NaN,NaN,NaN,NaN,NaN,NaN,NaN,NaN,NaN,NaN,NaN,NaN,0,0,0,0,0,0
09/27/2025,09,5GNR,Upstate New York,070,Buffalo,HNRT,0709003,CHESTNUT_AND_425,2101,306,NaN,0,0,0,0,0,0,NaN,NaN,NaN,NaN,NaN,NaN,0,0,0,NaN,0,0,NaN,NaN,NaN,NaN,NaN,NaN,NaN,NaN,NaN,NaN,0,0,NaN,0,0,NaN,NaN,NaN,NaN,NaN,NaN,NaN,NaN,NaN,NaN,NaN,NaN,0,0,0,0,0,0
09/27/2025,09,5GNR,Upstate New York,070,Buffalo,HNRT,0709003,CHESTNUT_AND_425,2101,307,NaN,0,0,0,0,0,0,NaN,NaN,NaN,NaN,NaN,NaN,0,0,0,NaN,0,0,NaN,NaN,NaN,NaN,NaN,NaN,NaN,NaN,NaN,NaN,0,0,NaN,0,0,NaN,NaN,NaN,NaN,NaN,NaN,NaN,NaN,NaN,NaN,NaN,NaN,0,0,0,0,0,0
09/27/2025,09,5GNR,Upstate New York,070,Buffalo,HNRT,0709003,COLLINS_CENTER,2087,275,NaN,0,0,0,0,0,0,NaN,NaN,NaN,NaN,NaN,NaN,0,0,0,NaN,0,0,NaN,NaN,NaN,NaN,NaN,NaN,NaN,NaN,NaN,NaN,0,0,NaN,0,0,NaN,NaN,NaN,NaN,NaN,NaN,NaN,NaN,NaN,NaN,NaN,NaN,0,0,0,0,0,0
09/27/2025,09,5GNR,Upstate New York,070,Buffalo,HNRT,0709003,COLLINS_CENTER,2087,276,NaN,0,0,0,0,0,0,NaN,NaN,NaN,NaN,NaN,NaN,0,0,0,NaN,0,0,NaN,NaN,NaN,NaN,NaN,NaN,NaN,NaN,NaN,NaN,0,0,NaN,0,0,NaN,NaN,NaN,NaN,NaN,NaN,NaN,NaN,NaN,NaN,NaN,NaN,0,0,0,0,0,0
09/27/2025,09,5GNR,Upstate New York,070,Buffalo,HNRT,0709003,COLLINS_CENTER,2087,277,NaN,0,0,0,0,0,0,NaN,NaN,NaN,NaN,NaN,NaN,0,0,0,NaN,0,0,NaN,NaN,NaN,NaN,NaN,NaN,NaN,NaN,NaN,NaN,0,0,NaN,0,0,NaN,NaN,NaN,NaN,NaN,NaN,NaN,NaN,NaN,NaN,NaN,NaN,0,0,0,0,0,0
09/27/2025,09,5GNR,Upstate New York,070,Buffalo,HNRT,0709003,CUBA,3217,266,NaN,0,0,0,0,0,0,NaN,NaN,NaN,NaN,NaN,NaN,0,0,0,NaN,0,0,NaN,NaN,NaN,NaN,NaN,NaN,NaN,NaN,NaN,NaN,0,0,NaN,0,0,NaN,NaN,NaN,NaN,NaN,NaN,NaN,NaN,NaN,NaN,NaN,NaN,0,0,0,0,0,0
09/27/2025,09,5GNR,Upstate New York,070,Buffalo,HNRT,0709003,CUBA,3217,267,NaN,0,0,0,0,0,0,NaN,NaN,NaN,NaN,NaN,NaN,0,0,0,NaN,0,0,NaN,NaN,NaN,NaN,NaN,NaN,NaN,NaN,NaN,NaN,0,0,NaN,0,0,NaN,NaN,NaN,NaN,NaN,NaN,NaN,NaN,NaN,NaN,NaN,NaN,0,0,0,0,0,0
09/27/2025,09,5GNR,Upstate New York,070,Buffalo,HNRT,0709003,CUBA,3217,268,NaN,0,0,0,0,0,0,NaN,NaN,NaN,NaN,NaN,NaN,0,0,0,NaN,0,0,NaN,NaN,NaN,NaN,NaN,NaN,NaN,NaN,NaN,NaN,0,0,NaN,0,0,NaN,NaN,NaN,NaN,NaN,NaN,NaN,NaN,NaN,NaN,NaN,NaN,0,0,0,0,0,0
09/27/2025,09,5GNR,Upstate New York,070,Buffalo,HNRT,0709003,DUNKIRK AIRPORT,2366,194,NaN,0,0,0,0,0,0,NaN,NaN,NaN,NaN,NaN,NaN,0,0,0,NaN,0,0,NaN,NaN,NaN,NaN,NaN,NaN,NaN,NaN,NaN,NaN,0,0,NaN,0,0,NaN,NaN,NaN,NaN,NaN,NaN,NaN,NaN,NaN,NaN,NaN,NaN,0,0,0,0,0,0
09/27/2025,09,5GNR,Upstate New York,070,Buffalo,HNRT,0709003,DUNKIRK AIRPORT,2366,195,NaN,0,0,0,0,0,0,NaN,NaN,NaN,NaN,NaN,NaN,0,0,0,NaN,0,0,NaN,NaN,NaN,NaN,NaN,NaN,NaN,NaN,NaN,NaN,0,0,NaN,0,0,NaN,NaN,NaN,NaN,NaN,NaN,NaN,NaN,NaN,NaN,NaN,NaN,0,0,0,0,0,0
09/27/2025,09,5GNR,Upstate New York,070,Buffalo,HNRT,0709003,DUNKIRK AIRPORT,2366,196,NaN,0,0,0,0,0,0,NaN,NaN,NaN,NaN,NaN,NaN,0,0,0,NaN,0,0,NaN,NaN,NaN,NaN,NaN,NaN,NaN,NaN,NaN,NaN,0,0,NaN,0,0,NaN,NaN,NaN,NaN,NaN,NaN,NaN,NaN,NaN,NaN,NaN,NaN,0,0,0,0,0,0
09/27/2025,09,5GNR,Upstate New York,070,Buffalo,HNRT,0709003,DUNKIRK HARBOR,2209,355,NaN,0,0,0,0,0,0,NaN,NaN,NaN,NaN,NaN,NaN,0,0,0,NaN,0,0,NaN,NaN,NaN,NaN,NaN,NaN,NaN,NaN,NaN,NaN,0,0,NaN,0,0,NaN,NaN,NaN,NaN,NaN,NaN,NaN,NaN,NaN,NaN,NaN,NaN,0,0,0,0,0,0
09/27/2025,09,5GNR,Upstate New York,070,Buffalo,HNRT,0709003,DUNKIRK HARBOR,2209,356,NaN,0,0,0,0,0,0,NaN,NaN,NaN,NaN,NaN,NaN,0,0,0,NaN,0,0,NaN,NaN,NaN,NaN,NaN,NaN,NaN,NaN,NaN,NaN,0,0,NaN,0,0,NaN,NaN,NaN,NaN,NaN,NaN,NaN,NaN,NaN,NaN,NaN,NaN,0,0,0,0,0,0
09/27/2025,09,5GNR,Upstate New York,070,Buffalo,HNRT,0709003,DUNKIRK HARBOR,2209,357,NaN,0,0,0,0,0,0,NaN,NaN,NaN,NaN,NaN,NaN,0,0,0,NaN,0,0,NaN,NaN,NaN,NaN,NaN,NaN,NaN,NaN,NaN,NaN,0,0,NaN,0,0,NaN,NaN,NaN,NaN,NaN,NaN,NaN,NaN,NaN,NaN,NaN,NaN,0,0,0,0,0,0
09/27/2025,09,5GNR,Upstate New York,070,Buffalo,HNRT,0709003,EAST_AURORA,2335,75,NaN,0,0,0,0,0,0,NaN,NaN,NaN,NaN,NaN,NaN,0,0,0,NaN,0,0,NaN,NaN,NaN,NaN,NaN,NaN,NaN,NaN,NaN,NaN,0,0,NaN,0,0,NaN,NaN,NaN,NaN,NaN,NaN,NaN,NaN,NaN,NaN,NaN,NaN,0,0,0,0,0,0
09/27/2025,09,5GNR,Upstate New York,070,Buffalo,HNRT,0709003,EAST_AURORA,2335,76,NaN,0,0,0,0,0,0,NaN,NaN,NaN,NaN,NaN,NaN,0,0,0,NaN,0,0,NaN,NaN,NaN,NaN,NaN,NaN,NaN,NaN,NaN,NaN,0,0,NaN,0,0,NaN,NaN,NaN,NaN,NaN,NaN,NaN,NaN,NaN,NaN,NaN,NaN,0,0,0,0,0,0
09/27/2025,09,5GNR,Upstate New York,070,Buffalo,HNRT,0709003,EAST_AURORA,2335,77,NaN,0,0,0,0,0,0,NaN,NaN,NaN,NaN,NaN,NaN,0,0,0,NaN,0,0,NaN,NaN,NaN,NaN,NaN,NaN,NaN,NaN,NaN,NaN,0,0,NaN,0,0,NaN,NaN,NaN,NaN,NaN,NaN,NaN,NaN,NaN,NaN,NaN,NaN,0,0,0,0,0,0
09/27/2025,09,5GNR,Upstate New York,070,Buffalo,HNRT,0709003,EAST_AURORA_VILLAGE,2306,69,NaN,0,0,0,0,0,0,NaN,NaN,NaN,NaN,NaN,NaN,0,0,0,NaN,0,0,NaN,NaN,NaN,NaN,NaN,NaN,NaN,NaN,NaN,NaN,0,0,NaN,0,0,NaN,NaN,NaN,NaN,NaN,NaN,NaN,NaN,NaN,NaN,NaN,NaN,0,0,0,0,0,0
09/27/2025,09,5GNR,Upstate New York,070,Buffalo,HNRT,0709003,EAST_AURORA_VILLAGE,2306,70,NaN,0,0,0,0,0,0,NaN,NaN,NaN,NaN,NaN,NaN,0,0,0,NaN,0,0,NaN,NaN,NaN,NaN,NaN,NaN,NaN,NaN,NaN,NaN,0,0,NaN,0,0,NaN,NaN,NaN,NaN,NaN,NaN,NaN,NaN,NaN,NaN,NaN,NaN,0,0,0,0,0,0
09/27/2025,09,5GNR,Upstate New York,070,Buffalo,HNRT,0709003,EAST_AURORA_VILLAGE,2306,71,NaN,0,0,0,0,0,0,NaN,NaN,NaN,NaN,NaN,NaN,0,0,0,NaN,0,0,NaN,NaN,NaN,NaN,NaN,NaN,NaN,NaN,NaN,NaN,0,0,NaN,0,0,NaN,NaN,NaN,NaN,NaN,NaN,NaN,NaN,NaN,NaN,NaN,NaN,0,0,0,0,0,0
09/27/2025,09,5GNR,Upstate New York,070,Buffalo,HNRT,0709003,EAST_ELMA,2109,221,NaN,0,0,0,0,0,0,NaN,NaN,NaN,NaN,NaN,NaN,0,0,0,NaN,0,0,NaN,NaN,NaN,NaN,NaN,NaN,NaN,NaN,NaN,NaN,0,0,NaN,0,0,NaN,NaN,NaN,NaN,NaN,NaN,NaN,NaN,NaN,NaN,NaN,NaN,0,0,0,0,0,0
09/27/2025,09,5GNR,Upstate New York,070,Buffalo,HNRT,0709003,EAST_ELMA,2109,222,NaN,0,0,0,0,0,0,NaN,NaN,NaN,NaN,NaN,NaN,0,0,0,NaN,0,0,NaN,NaN,NaN,NaN,NaN,NaN,NaN,NaN,NaN,NaN,0,0,NaN,0,0,NaN,NaN,NaN,NaN,NaN,NaN,NaN,NaN,NaN,NaN,NaN,NaN,0,0,0,0,0,0
09/27/2025,09,5GNR,Upstate New York,070,Buffalo,HNRT,0709003,EAST_ELMA,2109,223,NaN,0,0,0,0,0,0,NaN,NaN,NaN,NaN,NaN,NaN,0,0,0,NaN,0,0,NaN,NaN,NaN,NaN,NaN,NaN,NaN,NaN,NaN,NaN,0,0,NaN,0,0,NaN,NaN,NaN,NaN,NaN,NaN,NaN,NaN,NaN,NaN,NaN,NaN,0,0,0,0,0,0
09/27/2025,09,5GNR,Upstate New York,070,Buffalo,HNRT,0709003,ELLICOTT,2231,171,NaN,0,0,0,0,0,0,NaN,NaN,NaN,NaN,NaN,NaN,0,0,0,NaN,0,0,NaN,NaN,NaN,NaN,NaN,NaN,NaN,NaN,NaN,NaN,0,0,NaN,0,0,NaN,NaN,NaN,NaN,NaN,NaN,NaN,NaN,NaN,NaN,NaN,NaN,0,0,0,0,0,0
09/27/2025,09,5GNR,Upstate New York,070,Buffalo,HNRT,0709003,ELLICOTT,2231,172,NaN,0,0,0,0,0,0,NaN,NaN,NaN,NaN,NaN,NaN,0,0,0,NaN,0,0,NaN,NaN,NaN,NaN,NaN,NaN,NaN,NaN,NaN,NaN,0,0,NaN,0,0,NaN,NaN,NaN,NaN,NaN,NaN,NaN,NaN,NaN,NaN,NaN,NaN,0,0,0,0,0,0
09/27/2025,09,5GNR,Upstate New York,070,Buffalo,HNRT,0709003,ELLICOTT,2231,173,NaN,0,0,0,0,0,0,NaN,NaN,NaN,NaN,NaN,NaN,0,0,0,NaN,0,0,NaN,NaN,NaN,NaN,NaN,NaN,NaN,NaN,NaN,NaN,0,0,NaN,0,0,NaN,NaN,NaN,NaN,NaN,NaN,NaN,NaN,NaN,NaN,NaN,NaN,0,0,0,0,0,0
09/27/2025,09,5GNR,Upstate New York,070,Buffalo,HNRT,0709003,ERIE_COUNTY_FAIRGROUNDS_3,2647,131,NaN,0,0,0,0,0,0,NaN,NaN,NaN,NaN,NaN,NaN,0,0,0,NaN,0,0,NaN,NaN,NaN,NaN,NaN,NaN,NaN,NaN,NaN,NaN,0,0,NaN,0,0,NaN,NaN,NaN,NaN,NaN,NaN,NaN,NaN,NaN,NaN,NaN,NaN,0,0,0,0,0,0
09/27/2025,09,5GNR,Upstate New York,070,Buffalo,HNRT,0709003,ERIE_COUNTY_FAIRGROUNDS_3,2647,132,NaN,0,0,0,0,0,0,NaN,NaN,NaN,NaN,NaN,NaN,0,0,0,NaN,0,0,NaN,NaN,NaN,NaN,NaN,NaN,NaN,NaN,NaN,NaN,0,0,NaN,0,0,NaN,NaN,NaN,NaN,NaN,NaN,NaN,NaN,NaN,NaN,NaN,NaN,0,0,0,0,0,0
09/27/2025,09,5GNR,Upstate New York,070,Buffalo,HNRT,0709003,FOXLOT,2644,168,NaN,0,0,0,0,0,0,NaN,NaN,NaN,NaN,NaN,NaN,0,0,0,NaN,0,0,NaN,NaN,NaN,NaN,NaN,NaN,NaN,NaN,NaN,NaN,0,0,NaN,0,0,NaN,NaN,NaN,NaN,NaN,NaN,NaN,NaN,NaN,NaN,NaN,NaN,0,0,0,0,0,0
09/27/2025,09,5GNR,Upstate New York,070,Buffalo,HNRT,0709003,FOXLOT,2644,169,NaN,0,0,0,0,0,0,NaN,NaN,NaN,NaN,NaN,NaN,0,0,0,NaN,0,0,NaN,NaN,NaN,NaN,NaN,NaN,NaN,NaN,NaN,NaN,0,0,NaN,0,0,NaN,NaN,NaN,NaN,NaN,NaN,NaN,NaN,NaN,NaN,NaN,NaN,0,0,0,0,0,0
09/27/2025,09,5GNR,Upstate New York,070,Buffalo,HNRT,0709003,FOXLOT,2644,170,NaN,0,0,0,0,0,0,NaN,NaN,NaN,NaN,NaN,NaN,0,0,0,NaN,0,0,NaN,NaN,NaN,NaN,NaN,NaN,NaN,NaN,NaN,NaN,0,0,NaN,0,0,NaN,NaN,NaN,NaN,NaN,NaN,NaN,NaN,NaN,NaN,NaN,NaN,0,0,0,0,0,0
09/27/2025,09,5GNR,Upstate New York,070,Buffalo,HNRT,0709003,FREEDOM,2353,263,NaN,0,0,0,0,0,0,NaN,NaN,NaN,NaN,NaN,NaN,0,0,0,NaN,0,0,NaN,NaN,NaN,NaN,NaN,NaN,NaN,NaN,NaN,NaN,0,0,NaN,0,0,NaN,NaN,NaN,NaN,NaN,NaN,NaN,NaN,NaN,NaN,NaN,NaN,0,0,0,0,0,0
09/27/2025,09,5GNR,Upstate New York,070,Buffalo,HNRT,0709003,FREEDOM,2353,264,NaN,0,0,0,0,0,0,NaN,NaN,NaN,NaN,NaN,NaN,0,0,0,NaN,0,0,NaN,NaN,NaN,NaN,NaN,NaN,NaN,NaN,NaN,NaN,0,0,NaN,0,0,NaN,NaN,NaN,NaN,NaN,NaN,NaN,NaN,NaN,NaN,NaN,NaN,0,0,0,0,0,0
09/27/2025,09,5GNR,Upstate New York,070,Buffalo,HNRT,0709003,FREEDOM,2353,265,NaN,0,0,0,0,0,0,NaN,NaN,NaN,NaN,NaN,NaN,0,0,0,NaN,0,0,NaN,NaN,NaN,NaN,NaN,NaN,NaN,NaN,NaN,NaN,0,0,NaN,0,0,NaN,NaN,NaN,NaN,NaN,NaN,NaN,NaN,NaN,NaN,NaN,NaN,0,0,0,0,0,0
09/27/2025,09,5GNR,Upstate New York,070,Buffalo,HNRT,0709003,GENESEE_ROAD,2414,72,NaN,0,0,0,0,0,0,NaN,NaN,NaN,NaN,NaN,NaN,0,0,0,NaN,0,0,NaN,NaN,NaN,NaN,NaN,NaN,NaN,NaN,NaN,NaN,0,0,NaN,0,0,NaN,NaN,NaN,NaN,NaN,NaN,NaN,NaN,NaN,NaN,NaN,NaN,0,0,0,0,0,0
09/27/2025,09,5GNR,Upstate New York,070,Buffalo,HNRT,0709003,GENESEE_ROAD,2414,73,NaN,0,0,0,0,0,0,NaN,NaN,NaN,NaN,NaN,NaN,0,0,0,NaN,0,0,NaN,NaN,NaN,NaN,NaN,NaN,NaN,NaN,NaN,NaN,0,0,NaN,0,0,NaN,NaN,NaN,NaN,NaN,NaN,NaN,NaN,NaN,NaN,NaN,NaN,0,0,0,0,0,0
09/27/2025,09,5GNR,Upstate New York,070,Buffalo,HNRT,0709003,GENESEE_ROAD,2414,74,NaN,0,0,0,0,0,0,NaN,NaN,NaN,NaN,NaN,NaN,0,0,0,NaN,0,0,NaN,NaN,NaN,NaN,NaN,NaN,NaN,NaN,NaN,NaN,0,0,NaN,0,0,NaN,NaN,NaN,NaN,NaN,NaN,NaN,NaN,NaN,NaN,NaN,NaN,0,0,0,0,0,0
09/27/2025,09,5GNR,Upstate New York,070,Buffalo,HNRT,0709003,GRATWICK_PARK,2300,39,NaN,0,0,0,0,0,0,NaN,NaN,NaN,NaN,NaN,NaN,0,0,0,NaN,0,0,NaN,NaN,NaN,NaN,NaN,NaN,NaN,NaN,NaN,NaN,0,0,NaN,0,0,NaN,NaN,NaN,NaN,NaN,NaN,NaN,NaN,NaN,NaN,NaN,NaN,0,0,0,0,0,0
09/27/2025,09,5GNR,Upstate New York,070,Buffalo,HNRT,0709003,GRATWICK_PARK,2300,40,NaN,0,0,0,0,0,0,NaN,NaN,NaN,NaN,NaN,NaN,0,0,0,NaN,0,0,NaN,NaN,NaN,NaN,NaN,NaN,NaN,NaN,NaN,NaN,0,0,NaN,0,0,NaN,NaN,NaN,NaN,NaN,NaN,NaN,NaN,NaN,NaN,NaN,NaN,0,0,0,0,0,0
09/27/2025,09,5GNR,Upstate New York,070,Buffalo,HNRT,0709003,GRATWICK_PARK,2300,41,NaN,0,0,0,0,0,0,NaN,NaN,NaN,NaN,NaN,NaN,0,0,0,NaN,0,0,NaN,NaN,NaN,NaN,NaN,NaN,NaN,NaN,NaN,NaN,0,0,NaN,0,0,NaN,NaN,NaN,NaN,NaN,NaN,NaN,NaN,NaN,NaN,NaN,NaN,0,0,0,0,0,0
09/27/2025,09,5GNR,Upstate New York,070,Buffalo,HNRT,0709003,HAZELTINE,2351,1,NaN,0,0,0,0,0,0,NaN,NaN,NaN,NaN,NaN,NaN,0,0,0,NaN,0,0,NaN,NaN,NaN,NaN,NaN,NaN,NaN,NaN,NaN,NaN,0,0,NaN,0,0,NaN,NaN,NaN,NaN,NaN,NaN,NaN,NaN,NaN,NaN,NaN,NaN,0,0,0,0,0,0
09/27/2025,09,5GNR,Upstate New York,070,Buffalo,HNRT,0709003,HAZELTINE,2351,2,NaN,0,0,0,0,0,0,NaN,NaN,NaN,NaN,NaN,NaN,0,0,0,NaN,0,0,NaN,NaN,NaN,NaN,NaN,NaN,NaN,NaN,NaN,NaN,0,0,NaN,0,0,NaN,NaN,NaN,NaN,NaN,NaN,NaN,NaN,NaN,NaN,NaN,NaN,0,0,0,0,0,0
09/27/2025,09,5GNR,Upstate New York,070,Buffalo,HNRT,0709003,HAZELTINE,2351,3,NaN,0,0,0,0,0,0,NaN,NaN,NaN,NaN,NaN,NaN,0,0,0,NaN,0,0,NaN,NaN,NaN,NaN,NaN,NaN,NaN,NaN,NaN,NaN,0,0,NaN,0,0,NaN,NaN,NaN,NaN,NaN,NaN,NaN,NaN,NaN,NaN,NaN,NaN,0,0,0,0,0,0
09/27/2025,09,5GNR,Upstate New York,070,Buffalo,HNRT,0709003,HINSDALE,2390,381,NaN,0,0,0,0,0,0,NaN,NaN,NaN,NaN,NaN,NaN,0,0,0,NaN,0,0,NaN,NaN,NaN,NaN,NaN,NaN,NaN,NaN,NaN,NaN,0,0,NaN,0,0,NaN,NaN,NaN,NaN,NaN,NaN,NaN,NaN,NaN,NaN,NaN,NaN,0,0,0,0,0,0
09/27/2025,09,5GNR,Upstate New York,070,Buffalo,HNRT,0709003,HINSDALE,2390,382,NaN,0,0,0,0,0,0,NaN,NaN,NaN,NaN,NaN,NaN,0,0,0,NaN,0,0,NaN,NaN,NaN,NaN,NaN,NaN,NaN,NaN,NaN,NaN,0,0,NaN,0,0,NaN,NaN,NaN,NaN,NaN,NaN,NaN,NaN,NaN,NaN,NaN,NaN,0,0,0,0,0,0
09/27/2025,09,5GNR,Upstate New York,070,Buffalo,HNRT,0709003,HINSDALE,2390,383,NaN,0,0,0,0,0,0,NaN,NaN,NaN,NaN,NaN,NaN,0,0,0,NaN,0,0,NaN,NaN,NaN,NaN,NaN,NaN,NaN,NaN,NaN,NaN,0,0,NaN,0,0,NaN,NaN,NaN,NaN,NaN,NaN,NaN,NaN,NaN,NaN,NaN,NaN,0,0,0,0,0,0
09/27/2025,09,5GNR,Upstate New York,070,Buffalo,HNRT,0709003,HOLLAND_2,2151,111,NaN,0,0,0,0,0,0,NaN,NaN,NaN,NaN,NaN,NaN,0,0,0,NaN,0,0,NaN,NaN,NaN,NaN,NaN,NaN,NaN,NaN,NaN,NaN,0,0,NaN,0,0,NaN,NaN,NaN,NaN,NaN,NaN,NaN,NaN,NaN,NaN,NaN,NaN,0,0,0,0,0,0
09/27/2025,09,5GNR,Upstate New York,070,Buffalo,HNRT,0709003,HOLLAND_2,2151,112,NaN,0,0,0,0,0,0,NaN,NaN,NaN,NaN,NaN,NaN,0,0,0,NaN,0,0,NaN,NaN,NaN,NaN,NaN,NaN,NaN,NaN,NaN,NaN,0,0,NaN,0,0,NaN,NaN,NaN,NaN,NaN,NaN,NaN,NaN,NaN,NaN,NaN,NaN,0,0,0,0,0,0
09/27/2025,09,5GNR,Upstate New York,070,Buffalo,HNRT,0709003,HOLLAND_2,2151,113,NaN,0,0,0,0,0,0,NaN,NaN,NaN,NaN,NaN,NaN,0,0,0,NaN,0,0,NaN,NaN,NaN,NaN,NaN,NaN,NaN,NaN,NaN,NaN,0,0,NaN,0,0,NaN,NaN,NaN,NaN,NaN,NaN,NaN,NaN,NaN,NaN,NaN,NaN,0,0,0,0,0,0
09/27/2025,09,5GNR,Upstate New York,070,Buffalo,HNRT,0709003,HURXLEY,2042,458,NaN,0,0,0,0,0,0,NaN,NaN,NaN,NaN,NaN,NaN,0,0,0,NaN,0,0,NaN,NaN,NaN,NaN,NaN,NaN,NaN,NaN,NaN,NaN,0,0,NaN,0,0,NaN,NaN,NaN,NaN,NaN,NaN,NaN,NaN,NaN,NaN,NaN,NaN,0,0,0,0,0,0
09/27/2025,09,5GNR,Upstate New York,070,Buffalo,HNRT,0709003,HURXLEY,2042,459,NaN,0,0,0,0,0,0,NaN,NaN,NaN,NaN,NaN,NaN,0,0,0,NaN,0,0,NaN,NaN,NaN,NaN,NaN,NaN,NaN,NaN,NaN,NaN,0,0,NaN,0,0,NaN,NaN,NaN,NaN,NaN,NaN,NaN,NaN,NaN,NaN,NaN,NaN,0,0,0,0,0,0
09/27/2025,09,5GNR,Upstate New York,070,Buffalo,HNRT,0709003,HURXLEY,2042,460,NaN,0,0,0,0,0,0,NaN,NaN,NaN,NaN,NaN,NaN,0,0,0,NaN,0,0,NaN,NaN,NaN,NaN,NaN,NaN,NaN,NaN,NaN,NaN,0,0,NaN,0,0,NaN,NaN,NaN,NaN,NaN,NaN,NaN,NaN,NaN,NaN,NaN,NaN,0,0,0,0,0,0
09/27/2025,09,5GNR,Upstate New York,070,Buffalo,HNRT,0709003,HURXLEY,2042,461,NaN,0,0,0,0,0,0,NaN,NaN,NaN,NaN,NaN,NaN,0,0,0,NaN,0,0,NaN,NaN,NaN,NaN,NaN,NaN,NaN,NaN,NaN,NaN,0,0,NaN,0,0,NaN,NaN,NaN,NaN,NaN,NaN,NaN,NaN,NaN,NaN,NaN,NaN,0,0,0,0,0,0
09/27/2025,09,5GNR,Upstate New York,070,Buffalo,HNRT,0709003,IRISH_ROAD,2108,296,NaN,0,0,0,0,0,0,NaN,NaN,NaN,NaN,NaN,NaN,0,0,0,NaN,0,0,NaN,NaN,NaN,NaN,NaN,NaN,NaN,NaN,NaN,NaN,0,0,NaN,0,0,NaN,NaN,NaN,NaN,NaN,NaN,NaN,NaN,NaN,NaN,NaN,NaN,0,0,0,0,0,0
09/27/2025,09,5GNR,Upstate New York,070,Buffalo,HNRT,0709003,IRISH_ROAD,2108,297,NaN,0,0,0,0,0,0,NaN,NaN,NaN,NaN,NaN,NaN,0,0,0,NaN,0,0,NaN,NaN,NaN,NaN,NaN,NaN,NaN,NaN,NaN,NaN,0,0,NaN,0,0,NaN,NaN,NaN,NaN,NaN,NaN,NaN,NaN,NaN,NaN,NaN,NaN,0,0,0,0,0,0
09/27/2025,09,5GNR,Upstate New York,070,Buffalo,HNRT,0709003,IRISH_ROAD,2108,298,NaN,0,0,0,0,0,0,NaN,NaN,NaN,NaN,NaN,NaN,0,0,0,NaN,0,0,NaN,NaN,NaN,NaN,NaN,NaN,NaN,NaN,NaN,NaN,0,0,NaN,0,0,NaN,NaN,NaN,NaN,NaN,NaN,NaN,NaN,NaN,NaN,NaN,NaN,0,0,0,0,0,0
09/27/2025,09,5GNR,Upstate New York,070,Buffalo,HNRT,0709003,JAMESTOWN DT,2295,148,NaN,0,0,0,0,0,0,NaN,NaN,NaN,NaN,NaN,NaN,0,0,0,NaN,0,0,NaN,NaN,NaN,NaN,NaN,NaN,NaN,NaN,NaN,NaN,0,0,NaN,0,0,NaN,NaN,NaN,NaN,NaN,NaN,NaN,NaN,NaN,NaN,NaN,NaN,0,0,0,0,0,0
09/27/2025,09,5GNR,Upstate New York,070,Buffalo,HNRT,0709003,JAMESTOWN DT,2295,149,NaN,0,0,0,0,0,0,NaN,NaN,NaN,NaN,NaN,NaN,0,0,0,NaN,0,0,NaN,NaN,NaN,NaN,NaN,NaN,NaN,NaN,NaN,NaN,0,0,NaN,0,0,NaN,NaN,NaN,NaN,NaN,NaN,NaN,NaN,NaN,NaN,NaN,NaN,0,0,0,0,0,0
09/27/2025,09,5GNR,Upstate New York,070,Buffalo,HNRT,0709003,JAMESTOWN DT,2295,150,NaN,0,0,0,0,0,0,NaN,NaN,NaN,NaN,NaN,NaN,0,0,0,NaN,0,0,NaN,NaN,NaN,NaN,NaN,NaN,NaN,NaN,NaN,NaN,0,0,NaN,0,0,NaN,NaN,NaN,NaN,NaN,NaN,NaN,NaN,NaN,NaN,NaN,NaN,0,0,0,0,0,0
09/27/2025,09,5GNR,Upstate New York,070,Buffalo,HNRT,0709003,JAMESTOWN DT,2295,151,NaN,0,0,0,0,0,0,NaN,NaN,NaN,NaN,NaN,NaN,0,0,0,NaN,0,0,NaN,NaN,NaN,NaN,NaN,NaN,NaN,NaN,NaN,NaN,0,0,NaN,0,0,NaN,NaN,NaN,NaN,NaN,NaN,NaN,NaN,NaN,NaN,NaN,NaN,0,0,0,0,0,0
09/27/2025,09,5GNR,Upstate New York,070,Buffalo,HNRT,0709003,JAMESTOWN NORTH,2586,145,NaN,0,0,0,0,0,0,NaN,NaN,NaN,NaN,NaN,NaN,0,0,0,NaN,0,0,NaN,NaN,NaN,NaN,NaN,NaN,NaN,NaN,NaN,NaN,0,0,NaN,0,0,NaN,NaN,NaN,NaN,NaN,NaN,NaN,NaN,NaN,NaN,NaN,NaN,0,0,0,0,0,0
09/27/2025,09,5GNR,Upstate New York,070,Buffalo,HNRT,0709003,JAMESTOWN NORTH,2586,146,NaN,0,0,0,0,0,0,NaN,NaN,NaN,NaN,NaN,NaN,0,0,0,NaN,0,0,NaN,NaN,NaN,NaN,NaN,NaN,NaN,NaN,NaN,NaN,0,0,NaN,0,0,NaN,NaN,NaN,NaN,NaN,NaN,NaN,NaN,NaN,NaN,NaN,NaN,0,0,0,0,0,0
09/27/2025,09,5GNR,Upstate New York,070,Buffalo,HNRT,0709003,JAMESTOWN NORTH,2586,147,NaN,0,0,0,0,0,0,NaN,NaN,NaN,NaN,NaN,NaN,0,0,0,NaN,0,0,NaN,NaN,NaN,NaN,NaN,NaN,NaN,NaN,NaN,NaN,0,0,NaN,0,0,NaN,NaN,NaN,NaN,NaN,NaN,NaN,NaN,NaN,NaN,NaN,NaN,0,0,0,0,0,0
09/27/2025,09,5GNR,Upstate New York,070,Buffalo,HNRT,0709003,JAMESTOWN SOUTH,2323,142,NaN,0,0,0,0,0,0,NaN,NaN,NaN,NaN,NaN,NaN,0,0,0,NaN,0,0,NaN,NaN,NaN,NaN,NaN,NaN,NaN,NaN,NaN,NaN,0,0,NaN,0,0,NaN,NaN,NaN,NaN,NaN,NaN,NaN,NaN,NaN,NaN,NaN,NaN,0,0,0,0,0,0
09/27/2025,09,5GNR,Upstate New York,070,Buffalo,HNRT,0709003,JAMESTOWN SOUTH,2323,143,NaN,0,0,0,0,0,0,NaN,NaN,NaN,NaN,NaN,NaN,0,0,0,NaN,0,0,NaN,NaN,NaN,NaN,NaN,NaN,NaN,NaN,NaN,NaN,0,0,NaN,0,0,NaN,NaN,NaN,NaN,NaN,NaN,NaN,NaN,NaN,NaN,NaN,NaN,0,0,0,0,0,0
09/27/2025,09,5GNR,Upstate New York,070,Buffalo,HNRT,0709003,JAMESTOWN SOUTH,2323,144,NaN,0,0,0,0,0,0,NaN,NaN,NaN,NaN,NaN,NaN,0,0,0,NaN,0,0,NaN,NaN,NaN,NaN,NaN,NaN,NaN,NaN,NaN,NaN,0,0,NaN,0,0,NaN,NaN,NaN,NaN,NaN,NaN,NaN,NaN,NaN,NaN,NaN,NaN,0,0,0,0,0,0
09/27/2025,09,5GNR,Upstate New York,070,Buffalo,HNRT,0709003,LANCASTER,2330,45,NaN,0,0,0,0,0,0,NaN,NaN,NaN,NaN,NaN,NaN,0,0,0,NaN,0,0,NaN,NaN,NaN,NaN,NaN,NaN,NaN,NaN,NaN,NaN,0,0,NaN,0,0,NaN,NaN,NaN,NaN,NaN,NaN,NaN,NaN,NaN,NaN,NaN,NaN,0,0,0,0,0,0
09/27/2025,09,5GNR,Upstate New York,070,Buffalo,HNRT,0709003,LANCASTER,2330,46,NaN,0,0,0,0,0,0,NaN,NaN,NaN,NaN,NaN,NaN,0,0,0,NaN,0,0,NaN,NaN,NaN,NaN,NaN,NaN,NaN,NaN,NaN,NaN,0,0,NaN,0,0,NaN,NaN,NaN,NaN,NaN,NaN,NaN,NaN,NaN,NaN,NaN,NaN,0,0,0,0,0,0
09/27/2025,09,5GNR,Upstate New York,070,Buffalo,HNRT,0709003,LANCASTER,2330,47,NaN,0,0,0,0,0,0,NaN,NaN,NaN,NaN,NaN,NaN,0,0,0,NaN,0,0,NaN,NaN,NaN,NaN,NaN,NaN,NaN,NaN,NaN,NaN,0,0,NaN,0,0,NaN,NaN,NaN,NaN,NaN,NaN,NaN,NaN,NaN,NaN,NaN,NaN,0,0,0,0,0,0
09/27/2025,09,5GNR,Upstate New York,070,Buffalo,HNRT,0709003,LAWTONS,2066,290,NaN,0,0,0,0,0,0,NaN,NaN,NaN,NaN,NaN,NaN,0,0,0,NaN,0,0,NaN,NaN,NaN,NaN,NaN,NaN,NaN,NaN,NaN,NaN,0,0,NaN,0,0,NaN,NaN,NaN,NaN,NaN,NaN,NaN,NaN,NaN,NaN,NaN,NaN,0,0,0,0,0,0
09/27/2025,09,5GNR,Upstate New York,070,Buffalo,HNRT,0709003,LAWTONS,2066,291,NaN,0,0,0,0,0,0,NaN,NaN,NaN,NaN,NaN,NaN,0,0,0,NaN,0,0,NaN,NaN,NaN,NaN,NaN,NaN,NaN,NaN,NaN,NaN,0,0,NaN,0,0,NaN,NaN,NaN,NaN,NaN,NaN,NaN,NaN,NaN,NaN,NaN,NaN,0,0,0,0,0,0
09/27/2025,09,5GNR,Upstate New York,070,Buffalo,HNRT,0709003,LAWTONS,2066,292,NaN,0,0,0,0,0,0,NaN,NaN,NaN,NaN,NaN,NaN,0,0,0,NaN,0,0,NaN,NaN,NaN,NaN,NaN,NaN,NaN,NaN,NaN,NaN,0,0,NaN,0,0,NaN,NaN,NaN,NaN,NaN,NaN,NaN,NaN,NaN,NaN,NaN,NaN,0,0,0,0,0,0
09/27/2025,09,5GNR,Upstate New York,070,Buffalo,HNRT,0709003,NEWFANE_HD,2348,340,NaN,0,0,0,0,0,0,NaN,NaN,NaN,NaN,NaN,NaN,0,0,0,NaN,0,0,NaN,NaN,NaN,NaN,NaN,NaN,NaN,NaN,NaN,NaN,0,0,NaN,0,0,NaN,NaN,NaN,NaN,NaN,NaN,NaN,NaN,NaN,NaN,NaN,NaN,0,0,0,0,0,0
09/27/2025,09,5GNR,Upstate New York,070,Buffalo,HNRT,0709003,NEWFANE_HD,2348,341,NaN,0,0,0,0,0,0,NaN,NaN,NaN,NaN,NaN,NaN,0,0,0,NaN,0,0,NaN,NaN,NaN,NaN,NaN,NaN,NaN,NaN,NaN,NaN,0,0,NaN,0,0,NaN,NaN,NaN,NaN,NaN,NaN,NaN,NaN,NaN,NaN,NaN,NaN,0,0,0,0,0,0
09/27/2025,09,5GNR,Upstate New York,070,Buffalo,HNRT,0709003,NEWFANE_HD,2348,342,NaN,0,0,0,0,0,0,NaN,NaN,NaN,NaN,NaN,NaN,0,0,0,NaN,0,0,NaN,NaN,NaN,NaN,NaN,NaN,NaN,NaN,NaN,NaN,0,0,NaN,0,0,NaN,NaN,NaN,NaN,NaN,NaN,NaN,NaN,NaN,NaN,NaN,NaN,0,0,0,0,0,0
09/27/2025,09,5GNR,Upstate New York,070,Buffalo,HNRT,0709003,OLEAN,2234,254,NaN,0,0,0,0,0,0,NaN,NaN,NaN,NaN,NaN,NaN,0,0,0,NaN,0,0,NaN,NaN,NaN,NaN,NaN,NaN,NaN,NaN,NaN,NaN,0,0,NaN,0,0,NaN,NaN,NaN,NaN,NaN,NaN,NaN,NaN,NaN,NaN,NaN,NaN,0,0,0,0,0,0
09/27/2025,09,5GNR,Upstate New York,070,Buffalo,HNRT,0709003,OLEAN,2234,255,NaN,0,0,0,0,0,0,NaN,NaN,NaN,NaN,NaN,NaN,0,0,0,NaN,0,0,NaN,NaN,NaN,NaN,NaN,NaN,NaN,NaN,NaN,NaN,0,0,NaN,0,0,NaN,NaN,NaN,NaN,NaN,NaN,NaN,NaN,NaN,NaN,NaN,NaN,0,0,0,0,0,0
09/27/2025,09,5GNR,Upstate New York,070,Buffalo,HNRT,0709003,OLEAN,2234,256,NaN,0,0,0,0,0,0,NaN,NaN,NaN,NaN,NaN,NaN,0,0,0,NaN,0,0,NaN,NaN,NaN,NaN,NaN,NaN,NaN,NaN,NaN,NaN,0,0,NaN,0,0,NaN,NaN,NaN,NaN,NaN,NaN,NaN,NaN,NaN,NaN,NaN,NaN,0,0,0,0,0,0
09/27/2025,09,5GNR,Upstate New York,070,Buffalo,HNRT,0709003,RANSOMVILLE,2360,165,NaN,0,0,0,0,0,0,NaN,NaN,NaN,NaN,NaN,NaN,0,0,0,NaN,0,0,NaN,NaN,NaN,NaN,NaN,NaN,NaN,NaN,NaN,NaN,0,0,NaN,0,0,NaN,NaN,NaN,NaN,NaN,NaN,NaN,NaN,NaN,NaN,NaN,NaN,0,0,0,0,0,0
09/27/2025,09,5GNR,Upstate New York,070,Buffalo,HNRT,0709003,RANSOMVILLE,2360,166,NaN,0,0,0,0,0,0,NaN,NaN,NaN,NaN,NaN,NaN,0,0,0,NaN,0,0,NaN,NaN,NaN,NaN,NaN,NaN,NaN,NaN,NaN,NaN,0,0,NaN,0,0,NaN,NaN,NaN,NaN,NaN,NaN,NaN,NaN,NaN,NaN,NaN,NaN,0,0,0,0,0,0
09/27/2025,09,5GNR,Upstate New York,070,Buffalo,HNRT,0709003,RANSOMVILLE,2360,167,NaN,0,0,0,0,0,0,NaN,NaN,NaN,NaN,NaN,NaN,0,0,0,NaN,0,0,NaN,NaN,NaN,NaN,NaN,NaN,NaN,NaN,NaN,NaN,0,0,NaN,0,0,NaN,NaN,NaN,NaN,NaN,NaN,NaN,NaN,NaN,NaN,NaN,NaN,0,0,0,0,0,0
09/27/2025,09,5GNR,Upstate New York,070,Buffalo,HNRT,0709003,SALAMANCA,2405,352,NaN,0,0,0,0,0,0,NaN,NaN,NaN,NaN,NaN,NaN,0,0,0,NaN,0,0,NaN,NaN,NaN,NaN,NaN,NaN,NaN,NaN,NaN,NaN,0,0,NaN,0,0,NaN,NaN,NaN,NaN,NaN,NaN,NaN,NaN,NaN,NaN,NaN,NaN,0,0,0,0,0,0
09/27/2025,09,5GNR,Upstate New York,070,Buffalo,HNRT,0709003,SALAMANCA,2405,353,NaN,0,0,0,0,0,0,NaN,NaN,NaN,NaN,NaN,NaN,0,0,0,NaN,0,0,NaN,NaN,NaN,NaN,NaN,NaN,NaN,NaN,NaN,NaN,0,0,NaN,0,0,NaN,NaN,NaN,NaN,NaN,NaN,NaN,NaN,NaN,NaN,NaN,NaN,0,0,0,0,0,0
09/27/2025,09,5GNR,Upstate New York,070,Buffalo,HNRT,0709003,SALAMANCA,2405,354,NaN,0,0,0,0,0,0,NaN,NaN,NaN,NaN,NaN,NaN,0,0,0,NaN,0,0,NaN,NaN,NaN,NaN,NaN,NaN,NaN,NaN,NaN,NaN,0,0,NaN,0,0,NaN,NaN,NaN,NaN,NaN,NaN,NaN,NaN,NaN,NaN,NaN,NaN,0,0,0,0,0,0
09/27/2025,09,5GNR,Upstate New York,070,Buffalo,HNRT,0709003,SCRIBNER_RD,2578,117,NaN,0,0,0,0,0,0,NaN,NaN,NaN,NaN,NaN,NaN,0,0,0,NaN,0,0,NaN,NaN,NaN,NaN,NaN,NaN,NaN,NaN,NaN,NaN,0,0,NaN,0,0,NaN,NaN,NaN,NaN,NaN,NaN,NaN,NaN,NaN,NaN,NaN,NaN,0,0,0,0,0,0
09/27/2025,09,5GNR,Upstate New York,070,Buffalo,HNRT,0709003,SCRIBNER_RD,2578,118,NaN,0,0,0,0,0,0,NaN,NaN,NaN,NaN,NaN,NaN,0,0,0,NaN,0,0,NaN,NaN,NaN,NaN,NaN,NaN,NaN,NaN,NaN,NaN,0,0,NaN,0,0,NaN,NaN,NaN,NaN,NaN,NaN,NaN,NaN,NaN,NaN,NaN,NaN,0,0,0,0,0,0
09/27/2025,09,5GNR,Upstate New York,070,Buffalo,HNRT,0709003,SCRIBNER_RD,2578,119,NaN,0,0,0,0,0,0,NaN,NaN,NaN,NaN,NaN,NaN,0,0,0,NaN,0,0,NaN,NaN,NaN,NaN,NaN,NaN,NaN,NaN,NaN,NaN,0,0,NaN,0,0,NaN,NaN,NaN,NaN,NaN,NaN,NaN,NaN,NaN,NaN,NaN,NaN,0,0,0,0,0,0
09/27/2025,09,5GNR,Upstate New York,070,Buffalo,HNRT,0709003,SOUTH_WALES_RELO,2299,278,NaN,0,0,0,0,0,0,NaN,NaN,NaN,NaN,NaN,NaN,0,0,0,NaN,0,0,NaN,NaN,NaN,NaN,NaN,NaN,NaN,NaN,NaN,NaN,0,0,NaN,0,0,NaN,NaN,NaN,NaN,NaN,NaN,NaN,NaN,NaN,NaN,NaN,NaN,0,0,0,0,0,0
09/27/2025,09,5GNR,Upstate New York,070,Buffalo,HNRT,0709003,SOUTH_WALES_RELO,2299,279,NaN,0,0,0,0,0,0,NaN,NaN,NaN,NaN,NaN,NaN,0,0,0,NaN,0,0,NaN,NaN,NaN,NaN,NaN,NaN,NaN,NaN,NaN,NaN,0,0,NaN,0,0,NaN,NaN,NaN,NaN,NaN,NaN,NaN,NaN,NaN,NaN,NaN,NaN,0,0,0,0,0,0
09/27/2025,09,5GNR,Upstate New York,070,Buffalo,HNRT,0709003,SOUTH_WALES_RELO,2299,280,NaN,0,0,0,0,0,0,NaN,NaN,NaN,NaN,NaN,NaN,0,0,0,NaN,0,0,NaN,NaN,NaN,NaN,NaN,NaN,NaN,NaN,NaN,NaN,0,0,NaN,0,0,NaN,NaN,NaN,NaN,NaN,NaN,NaN,NaN,NaN,NaN,NaN,NaN,0,0,0,0,0,0
09/27/2025,09,5GNR,Upstate New York,070,Buffalo,HNRT,0709003,STRYKERSVILLE,2061,370,NaN,0,0,0,0,0,0,NaN,NaN,NaN,NaN,NaN,NaN,0,0,0,NaN,0,0,NaN,NaN,NaN,NaN,NaN,NaN,NaN,NaN,NaN,NaN,0,0,NaN,0,0,NaN,NaN,NaN,NaN,NaN,NaN,NaN,NaN,NaN,NaN,NaN,NaN,0,0,0,0,0,0
09/27/2025,09,5GNR,Upstate New York,070,Buffalo,HNRT,0709003,STRYKERSVILLE,2061,371,NaN,0,0,0,0,0,0,NaN,NaN,NaN,NaN,NaN,NaN,0,0,0,NaN,0,0,NaN,NaN,NaN,NaN,NaN,NaN,NaN,NaN,NaN,NaN,0,0,NaN,0,0,NaN,NaN,NaN,NaN,NaN,NaN,NaN,NaN,NaN,NaN,NaN,NaN,0,0,0,0,0,0
09/27/2025,09,5GNR,Upstate New York,070,Buffalo,HNRT,0709003,STRYKERSVILLE,2061,372,NaN,0,0,0,0,0,0,NaN,NaN,NaN,NaN,NaN,NaN,0,0,0,NaN,0,0,NaN,NaN,NaN,NaN,NaN,NaN,NaN,NaN,NaN,NaN,0,0,NaN,0,0,NaN,NaN,NaN,NaN,NaN,NaN,NaN,NaN,NaN,NaN,NaN,NaN,0,0,0,0,0,0
09/27/2025,09,5GNR,Upstate New York,070,Buffalo,HNRT,0709003,WESTFIELD DT,2091,257,NaN,0,0,0,0,0,0,NaN,NaN,NaN,NaN,NaN,NaN,0,0,0,NaN,0,0,NaN,NaN,NaN,NaN,NaN,NaN,NaN,NaN,NaN,NaN,0,0,NaN,0,0,NaN,NaN,NaN,NaN,NaN,NaN,NaN,NaN,NaN,NaN,NaN,NaN,0,0,0,0,0,0
09/27/2025,09,5GNR,Upstate New York,070,Buffalo,HNRT,0709003,WESTFIELD DT,2091,258,NaN,0,0,0,0,0,0,NaN,NaN,NaN,NaN,NaN,NaN,0,0,0,NaN,0,0,NaN,NaN,NaN,NaN,NaN,NaN,NaN,NaN,NaN,NaN,0,0,NaN,0,0,NaN,NaN,NaN,NaN,NaN,NaN,NaN,NaN,NaN,NaN,NaN,NaN,0,0,0,0,0,0
09/27/2025,09,5GNR,Upstate New York,070,Buffalo,HNRT,0709003,WESTFIELD DT,2091,259,NaN,0,0,0,0,0,0,NaN,NaN,NaN,NaN,NaN,NaN,0,0,0,NaN,0,0,NaN,NaN,NaN,NaN,NaN,NaN,NaN,NaN,NaN,NaN,0,0,NaN,0,0,NaN,NaN,NaN,NaN,NaN,NaN,NaN,NaN,NaN,NaN,NaN,NaN,0,0,0,0,0,0
09/27/2025,09,5GNR,Upstate New York,070,Buffalo,HNRT,0709003,WHITEHAVEN_RD,2649,227,NaN,0,0,0,0,0,0,NaN,NaN,NaN,NaN,NaN,NaN,0,0,0,NaN,0,0,NaN,NaN,NaN,NaN,NaN,NaN,NaN,NaN,NaN,NaN,0,0,NaN,0,0,NaN,NaN,NaN,NaN,NaN,NaN,NaN,NaN,NaN,NaN,NaN,NaN,0,0,0,0,0,0
09/27/2025,09,5GNR,Upstate New York,070,Buffalo,HNRT,0709003,WHITEHAVEN_RD,2649,228,NaN,0,0,0,0,0,0,NaN,NaN,NaN,NaN,NaN,NaN,0,0,0,NaN,0,0,NaN,NaN,NaN,NaN,NaN,NaN,NaN,NaN,NaN,NaN,0,0,NaN,0,0,NaN,NaN,NaN,NaN,NaN,NaN,NaN,NaN,NaN,NaN,NaN,NaN,0,0,0,0,0,0
09/27/2025,09,5GNR,Upstate New York,070,Buffalo,HNRT,0709003,WHITEHAVEN_RD,2649,229,NaN,0,0,0,0,0,0,NaN,NaN,NaN,NaN,NaN,NaN,0,0,0,NaN,0,0,NaN,NaN,NaN,NaN,NaN,NaN,NaN,NaN,NaN,NaN,0,0,NaN,0,0,NaN,NaN,NaN,NaN,NaN,NaN,NaN,NaN,NaN,NaN,NaN,NaN,0,0,0,0,0,0
09/27/2025,09,5GNR,Upstate New York,070,Buffalo,HNRT,0709003,_070344_4G5G_NAPOLI_HD,2344,209,NaN,0,0,0,0,0,0,NaN,NaN,NaN,NaN,NaN,NaN,0,0,0,NaN,0,0,NaN,NaN,NaN,NaN,NaN,NaN,NaN,NaN,NaN,NaN,0,0,NaN,0,0,NaN,NaN,NaN,NaN,NaN,NaN,NaN,NaN,NaN,NaN,NaN,NaN,0,0,0,0,0,0
09/27/2025,09,5GNR,Upstate New York,070,Buffalo,HNRT,0709003,_070344_4G5G_NAPOLI_HD,2344,210,NaN,0,0,0,0,0,0,NaN,NaN,NaN,NaN,NaN,NaN,0,0,0,NaN,0,0,NaN,NaN,NaN,NaN,NaN,NaN,NaN,NaN,NaN,NaN,0,0,NaN,0,0,NaN,NaN,NaN,NaN,NaN,NaN,NaN,NaN,NaN,NaN,NaN,NaN,0,0,0,0,0,0
09/27/2025,09,5GNR,Upstate New York,070,Buffalo,HNRT,0709003,_070344_4G5G_NAPOLI_HD,2344,211,NaN,0,0,0,0,0,0,NaN,NaN,NaN,NaN,NaN,NaN,0,0,0,NaN,0,0,NaN,NaN,NaN,NaN,NaN,NaN,NaN,NaN,NaN,NaN,0,0,NaN,0,0,NaN,NaN,NaN,NaN,NaN,NaN,NaN,NaN,NaN,NaN,NaN,NaN,0,0,0,0,0,0
09/27/2025,09,5GNR,Upstate New York,070,Buffalo,HNRT,0709003,_ARCADE,3350,403,NaN,0,0,0,0,0,0,NaN,NaN,NaN,NaN,NaN,NaN,0,0,0,NaN,0,0,NaN,NaN,NaN,NaN,NaN,NaN,NaN,NaN,NaN,NaN,0,0,NaN,0,0,NaN,NaN,NaN,NaN,NaN,NaN,NaN,NaN,NaN,NaN,NaN,NaN,0,0,0,0,0,0
09/27/2025,09,5GNR,Upstate New York,070,Buffalo,HNRT,0709003,_ARCADE,3350,404,NaN,0,0,0,0,0,0,NaN,NaN,NaN,NaN,NaN,NaN,0,0,0,NaN,0,0,NaN,NaN,NaN,NaN,NaN,NaN,NaN,NaN,NaN,NaN,0,0,NaN,0,0,NaN,NaN,NaN,NaN,NaN,NaN,NaN,NaN,NaN,NaN,NaN,NaN,0,0,0,0,0,0
09/27/2025,09,5GNR,Upstate New York,070,Buffalo,HNRT,0709003,_ARCADE,3350,405,NaN,0,0,0,0,0,0,NaN,NaN,NaN,NaN,NaN,NaN,0,0,0,NaN,0,0,NaN,NaN,NaN,NaN,NaN,NaN,NaN,NaN,NaN,NaN,0,0,NaN,0,0,NaN,NaN,NaN,NaN,NaN,NaN,NaN,NaN,NaN,NaN,NaN,NaN,0,0,0,0,0,0
09/27/2025,09,5GNR,Upstate New York,070,Buffalo,HNRT,0709003,_ASHFORD_HOLLOW,3208,186,NaN,0,0,0,0,0,0,NaN,NaN,NaN,NaN,NaN,NaN,0,0,0,NaN,0,0,NaN,NaN,NaN,NaN,NaN,NaN,NaN,NaN,NaN,NaN,0,0,NaN,0,0,NaN,NaN,NaN,NaN,NaN,NaN,NaN,NaN,NaN,NaN,NaN,NaN,0,0,0,0,0,0
09/27/2025,09,5GNR,Upstate New York,070,Buffalo,HNRT,0709003,_ASHFORD_HOLLOW,3208,187,NaN,0,0,0,0,0,0,NaN,NaN,NaN,NaN,NaN,NaN,0,0,0,NaN,0,0,NaN,NaN,NaN,NaN,NaN,NaN,NaN,NaN,NaN,NaN,0,0,NaN,0,0,NaN,NaN,NaN,NaN,NaN,NaN,NaN,NaN,NaN,NaN,NaN,NaN,0,0,0,0,0,0
09/27/2025,09,5GNR,Upstate New York,070,Buffalo,HNRT,0709003,_ASHFORD_HOLLOW,3208,188,NaN,0,0,0,0,0,0,NaN,NaN,NaN,NaN,NaN,NaN,0,0,0,NaN,0,0,NaN,NaN,NaN,NaN,NaN,NaN,NaN,NaN,NaN,NaN,0,0,NaN,0,0,NaN,NaN,NaN,NaN,NaN,NaN,NaN,NaN,NaN,NaN,NaN,NaN,0,0,0,0,0,0
09/27/2025,09,5GNR,Upstate New York,070,Buffalo,HNRT,0709003,_COLLINS_WT,3622,487,NaN,0,0,0,0,0,0,NaN,NaN,NaN,NaN,NaN,NaN,0,0,0,NaN,0,0,NaN,NaN,NaN,NaN,NaN,NaN,NaN,NaN,NaN,NaN,0,0,NaN,0,0,NaN,NaN,NaN,NaN,NaN,NaN,NaN,NaN,NaN,NaN,NaN,NaN,0,0,0,0,0,0
09/27/2025,09,5GNR,Upstate New York,070,Buffalo,HNRT,0709003,_COLLINS_WT,3622,488,NaN,0,0,0,0,0,0,NaN,NaN,NaN,NaN,NaN,NaN,0,0,0,NaN,0,0,NaN,NaN,NaN,NaN,NaN,NaN,NaN,NaN,NaN,NaN,0,0,NaN,0,0,NaN,NaN,NaN,NaN,NaN,NaN,NaN,NaN,NaN,NaN,NaN,NaN,0,0,0,0,0,0
09/27/2025,09,5GNR,Upstate New York,070,Buffalo,HNRT,0709003,_COLLINS_WT,3622,489,NaN,0,0,0,0,0,0,NaN,NaN,NaN,NaN,NaN,NaN,0,0,0,NaN,0,0,NaN,NaN,NaN,NaN,NaN,NaN,NaN,NaN,NaN,NaN,0,0,NaN,0,0,NaN,NaN,NaN,NaN,NaN,NaN,NaN,NaN,NaN,NaN,NaN,NaN,0,0,0,0,0,0
09/27/2025,09,5GNR,Upstate New York,070,Buffalo,HNRT,0709003,_NAPOLI_HD,3344,209,NaN,0,0,0,0,0,0,NaN,NaN,NaN,NaN,NaN,NaN,0,0,0,NaN,0,0,NaN,NaN,NaN,NaN,NaN,NaN,NaN,NaN,NaN,NaN,0,0,NaN,0,0,NaN,NaN,NaN,NaN,NaN,NaN,NaN,NaN,NaN,NaN,NaN,NaN,0,0,0,0,0,0
09/27/2025,09,5GNR,Upstate New York,070,Buffalo,HNRT,0709003,_NAPOLI_HD,3344,210,NaN,0,0,0,0,0,0,NaN,NaN,NaN,NaN,NaN,NaN,0,0,0,NaN,0,0,NaN,NaN,NaN,NaN,NaN,NaN,NaN,NaN,NaN,NaN,0,0,NaN,0,0,NaN,NaN,NaN,NaN,NaN,NaN,NaN,NaN,NaN,NaN,NaN,NaN,0,0,0,0,0,0
09/27/2025,09,5GNR,Upstate New York,070,Buffalo,HNRT,0709003,_NAPOLI_HD,3344,211,NaN,0,0,0,0,0,0,NaN,NaN,NaN,NaN,NaN,NaN,0,0,0,NaN,0,0,NaN,NaN,NaN,NaN,NaN,NaN,NaN,NaN,NaN,NaN,0,0,NaN,0,0,NaN,NaN,NaN,NaN,NaN,NaN,NaN,NaN,NaN,NaN,NaN,NaN,0,0,0,0,0,0
09/27/2025,09,5GNR,Upstate New York,070,Buffalo,HNRT,0709003,_OLEAN_2,3220,471,NaN,0,0,0,0,0,0,NaN,NaN,NaN,NaN,NaN,NaN,0,0,0,NaN,0,0,NaN,NaN,NaN,NaN,NaN,NaN,NaN,NaN,NaN,NaN,0,0,NaN,0,0,NaN,NaN,NaN,NaN,NaN,NaN,NaN,NaN,NaN,NaN,NaN,NaN,0,0,0,0,0,0
09/27/2025,09,5GNR,Upstate New York,070,Buffalo,HNRT,0709003,_OLEAN_2,3220,472,NaN,0,0,0,0,0,0,NaN,NaN,NaN,NaN,NaN,NaN,0,0,0,NaN,0,0,NaN,NaN,NaN,NaN,NaN,NaN,NaN,NaN,NaN,NaN,0,0,NaN,0,0,NaN,NaN,NaN,NaN,NaN,NaN,NaN,NaN,NaN,NaN,NaN,NaN,0,0,0,0,0,0
09/27/2025,09,5GNR,Upstate New York,070,Buffalo,HNRT,0709003,_OLEAN_2,3220,473,NaN,0,0,0,0,0,0,NaN,NaN,NaN,NaN,NaN,NaN,0,0,0,NaN,0,0,NaN,NaN,NaN,NaN,NaN,NaN,NaN,NaN,NaN,NaN,0,0,NaN,0,0,NaN,NaN,NaN,NaN,NaN,NaN,NaN,NaN,NaN,NaN,NaN,NaN,0,0,0,0,0,0
09/27/2025,09,5GNR,Upstate New York,070,Buffalo,HNRT,0709003,_OLEAN_2,3359,474,NaN,0,0,0,0,0,0,NaN,NaN,NaN,NaN,NaN,NaN,0,0,0,NaN,0,0,NaN,NaN,NaN,NaN,NaN,NaN,NaN,NaN,NaN,NaN,0,0,NaN,0,0,NaN,NaN,NaN,NaN,NaN,NaN,NaN,NaN,NaN,NaN,NaN,NaN,0,0,0,0,0,0
09/27/2025,09,5GNR,Upstate New York,070,Buffalo,HNRT,0709006,_070365_4G5G_JAMES_AVENUE,2365,51,NaN,0,0,0,0,0,0,NaN,NaN,NaN,NaN,NaN,NaN,0,0,0,NaN,0,0,NaN,NaN,NaN,NaN,NaN,NaN,NaN,NaN,NaN,NaN,0,0,NaN,0,0,NaN,NaN,NaN,NaN,NaN,NaN,NaN,NaN,NaN,NaN,NaN,NaN,0,0,0,0,0,0
09/27/2025,09,5GNR,Upstate New York,070,Buffalo,HNRT,0709006,_070365_4G5G_JAMES_AVENUE,2365,52,NaN,0,0,0,0,0,0,NaN,NaN,NaN,NaN,NaN,NaN,0,0,0,NaN,0,0,NaN,NaN,NaN,NaN,NaN,NaN,NaN,NaN,NaN,NaN,0,0,NaN,0,0,NaN,NaN,NaN,NaN,NaN,NaN,NaN,NaN,NaN,NaN,NaN,NaN,0,0,0,0,0,0
09/27/2025,09,5GNR,Upstate New York,070,Buffalo,HNRT,0709006,_070365_4G5G_JAMES_AVENUE,2365,53,NaN,0,0,0,0,0,0,NaN,NaN,NaN,NaN,NaN,NaN,0,0,0,NaN,0,0,NaN,NaN,NaN,NaN,NaN,NaN,NaN,NaN,NaN,NaN,0,0,NaN,0,0,NaN,NaN,NaN,NaN,NaN,NaN,NaN,NaN,NaN,NaN,NaN,NaN,0,0,0,0,0,0
09/27/2025,09,5GNR,Upstate New York,070,Buffalo,HNRT,0709006,_HOUGHTON,3215,28,NaN,0,0,0,0,0,0,NaN,NaN,NaN,NaN,NaN,NaN,0,0,0,NaN,0,0,NaN,NaN,NaN,NaN,NaN,NaN,NaN,NaN,NaN,NaN,0,0,NaN,0,0,NaN,NaN,NaN,NaN,NaN,NaN,NaN,NaN,NaN,NaN,NaN,NaN,0,0,0,0,0,0
09/27/2025,09,5GNR,Upstate New York,070,Buffalo,HNRT,0709006,_HOUGHTON,3215,29,NaN,0,0,0,0,0,0,NaN,NaN,NaN,NaN,NaN,NaN,0,0,0,NaN,0,0,NaN,NaN,NaN,NaN,NaN,NaN,NaN,NaN,NaN,NaN,0,0,NaN,0,0,NaN,NaN,NaN,NaN,NaN,NaN,NaN,NaN,NaN,NaN,NaN,NaN,0,0,0,0,0,0
09/27/2025,09,5GNR,Upstate New York,070,Buffalo,HNRT,0709006,_HOUGHTON,3215,30,NaN,0,0,0,0,0,0,NaN,NaN,NaN,NaN,NaN,NaN,0,0,0,NaN,0,0,NaN,NaN,NaN,NaN,NaN,NaN,NaN,NaN,NaN,NaN,0,0,NaN,0,0,NaN,NaN,NaN,NaN,NaN,NaN,NaN,NaN,NaN,NaN,NaN,NaN,0,0,0,0,0,0
09/27/2025,09,5GNR,Upstate New York,070,Buffalo,HNRT,0709006,_JAMES_AVENUE,3365,51,NaN,0,0,0,0,0,0,NaN,NaN,NaN,NaN,NaN,NaN,0,0,0,NaN,0,0,NaN,NaN,NaN,NaN,NaN,NaN,NaN,NaN,NaN,NaN,0,0,NaN,0,0,NaN,NaN,NaN,NaN,NaN,NaN,NaN,NaN,NaN,NaN,NaN,NaN,0,0,0,0,0,0
09/27/2025,09,5GNR,Upstate New York,070,Buffalo,HNRT,0709006,_JAMES_AVENUE,3365,52,NaN,0,0,0,0,0,0,NaN,NaN,NaN,NaN,NaN,NaN,0,0,0,NaN,0,0,NaN,NaN,NaN,NaN,NaN,NaN,NaN,NaN,NaN,NaN,0,0,NaN,0,0,NaN,NaN,NaN,NaN,NaN,NaN,NaN,NaN,NaN,NaN,NaN,NaN,0,0,0,0,0,0
09/27/2025,09,5GNR,Upstate New York,070,Buffalo,HNRT,0709006,_JAMES_AVENUE,3365,53,NaN,0,0,0,0,0,0,NaN,NaN,NaN,NaN,NaN,NaN,0,0,0,NaN,0,0,NaN,NaN,NaN,NaN,NaN,NaN,NaN,NaN,NaN,NaN,0,0,NaN,0,0,NaN,NaN,NaN,NaN,NaN,NaN,NaN,NaN,NaN,NaN,NaN,NaN,0,0,0,0,0,0
09/27/2025,09,5GNR,Upstate New York,070,Buffalo,HNRT,0700002,DUTTON_AVE-HNRT,0011,11,11.11,1,9,NaN,8,8,0,NaN,NaN,NaN,NaN,NaN,NaN,0,0,0,0,0,0,NaN,NaN,NaN,NaN,NaN,NaN,NaN,NaN,NaN,NaN,0,0,NaN,0,0,NaN,NaN,NaN,NaN,NaN,NaN,NaN,NaN,NaN,NaN,NaN,NaN,0,0,0,0,0,0
09/27/2025,09,5GNR,Upstate New York,070,Buffalo,HNRT,0700002,DUTTON_AVE-HNRT,0012,12,29.63,8,27,NaN,21,21,0,NaN,NaN,NaN,NaN,NaN,NaN,0,0,0,0,0,0,NaN,NaN,NaN,NaN,NaN,NaN,NaN,NaN,NaN,NaN,0,0,NaN,0,0,NaN,NaN,NaN,NaN,NaN,NaN,NaN,NaN,NaN,NaN,NaN,NaN,0,0,0,0,0,0
09/27/2025,09,5GNR,Upstate New York,070,Buffalo,HNRT,0700002,GENERAL MOTORS-HNRT,0025,25,6.25,1,16,NaN,9,9,0,NaN,NaN,NaN,NaN,NaN,NaN,0,0,0,0,0,0,NaN,NaN,NaN,NaN,NaN,NaN,NaN,NaN,NaN,NaN,0,0,NaN,0,0,NaN,NaN,NaN,NaN,NaN,NaN,NaN,NaN,NaN,NaN,NaN,NaN,0,0,0,0,0,0
09/27/2025,09,5GNR,Upstate New York,070,Buffalo,HNRT,0700002,GENERAL MOTORS-HNRT,0026,26,0,0,12,NaN,7,7,0,NaN,NaN,NaN,NaN,NaN,NaN,0,0,0,0,0,0,NaN,NaN,NaN,NaN,NaN,NaN,NaN,NaN,NaN,NaN,0,0,NaN,0,0,NaN,NaN,NaN,NaN,NaN,NaN,NaN,NaN,NaN,NaN,NaN,NaN,0,0,0,0,0,0
09/27/2025,09,5GNR,Upstate New York,070,Buffalo,HNRT,0700002,GENERAL MOTORS-HNRT,0027,27,18.75,3,16,NaN,13,13,0,NaN,NaN,NaN,NaN,NaN,NaN,0,0,0,0,0,0,NaN,NaN,NaN,NaN,NaN,NaN,NaN,NaN,NaN,NaN,0,0,NaN,0,0,NaN,NaN,NaN,NaN,NaN,NaN,NaN,NaN,NaN,NaN,NaN,NaN,0,0,0,0,0,0
09/27/2025,09,5GNR,Upstate New York,070,Buffalo,HNRT,0700002,HARLEM_33-HNRT,0036,36,10.26,12,117,NaN,94,94,0,NaN,NaN,NaN,NaN,NaN,NaN,0,0,0,0,0,0,NaN,NaN,NaN,NaN,NaN,NaN,NaN,NaN,NaN,NaN,0,0,NaN,0,0,NaN,NaN,NaN,NaN,NaN,NaN,NaN,NaN,NaN,0,NaN,0,0.06,0.06,0,0,0,0
09/27/2025,09,5GNR,Upstate New York,070,Buffalo,HNRT,0700002,HARLEM_33-HNRT,0037,37,2.94,2,68,NaN,35,35,0,NaN,NaN,NaN,NaN,NaN,NaN,0,0,0,0,0,0,NaN,NaN,NaN,NaN,NaN,NaN,NaN,NaN,NaN,NaN,0,0,NaN,0,0,NaN,NaN,NaN,NaN,NaN,NaN,NaN,NaN,NaN,NaN,NaN,NaN,0,0,0,0,0,0
09/27/2025,09,5GNR,Upstate New York,070,Buffalo,HNRT,0700002,HARLEM_33-HNRT,0038,38,11.54,3,26,NaN,9,9,0,NaN,NaN,NaN,NaN,NaN,NaN,0,0,0,0,0,0,NaN,NaN,NaN,NaN,NaN,NaN,NaN,NaN,NaN,NaN,0,0,NaN,0,0,NaN,NaN,NaN,NaN,NaN,NaN,NaN,NaN,NaN,NaN,NaN,NaN,0,0,0,0,0,0
09/27/2025,09,5GNR,Upstate New York,070,Buffalo,HNRT,0700002,LANDERS-HNRT,0039,39,1.61,2,124,NaN,140,140,0,NaN,NaN,NaN,NaN,NaN,NaN,0,0,0,0,0,0,NaN,NaN,NaN,NaN,NaN,NaN,NaN,NaN,NaN,NaN,0,0,NaN,0,0,NaN,NaN,NaN,NaN,NaN,NaN,NaN,NaN,NaN,NaN,NaN,NaN,0,0,0,0,0,0
09/27/2025,09,5GNR,Upstate New York,070,Buffalo,HNRT,0700002,LANDERS-HNRT,0040,40,0,0,16,NaN,18,18,0,NaN,NaN,NaN,NaN,NaN,NaN,0,0,0,0,0,0,NaN,NaN,NaN,NaN,NaN,NaN,NaN,NaN,NaN,NaN,0,0,NaN,0,0,NaN,NaN,NaN,NaN,NaN,NaN,NaN,NaN,NaN,NaN,NaN,NaN,0,0,0,0,0,0
09/27/2025,09,5GNR,Upstate New York,070,Buffalo,HNRT,0700002,LANDERS-HNRT,0041,41,13.33,4,30,NaN,26,26,0,NaN,NaN,NaN,NaN,NaN,NaN,0,0,0,0,0,0,NaN,NaN,NaN,NaN,NaN,NaN,NaN,NaN,NaN,NaN,0,0,NaN,0,0,NaN,NaN,NaN,NaN,NaN,NaN,NaN,NaN,NaN,NaN,NaN,NaN,0,0,0,0,0,0
09/27/2025,09,5GNR,Upstate New York,070,Buffalo,HNRT,0700021,NYNIAGNIAG_CENTRALAVE_03 - HNRT,0157,157,3.45,1,29,NaN,38,38,0,NaN,NaN,NaN,NaN,NaN,NaN,0,0,0,0,0,0,NaN,NaN,NaN,NaN,NaN,NaN,NaN,NaN,NaN,NaN,0,0,NaN,0,0,NaN,NaN,NaN,NaN,NaN,NaN,NaN,NaN,NaN,NaN,NaN,NaN,0,0,0,0,0,0
09/27/2025,09,5GNR,Upstate New York,070,Buffalo,HNRT,0700021,NYNIAGNIAG_CENTRALAVE_03 - HNRT,0158,158,0,0,57,NaN,63,63,0,NaN,NaN,NaN,NaN,NaN,NaN,0,0,0,0,0,0,NaN,NaN,NaN,NaN,NaN,NaN,NaN,NaN,NaN,NaN,0,0,NaN,0,0,NaN,NaN,NaN,NaN,NaN,NaN,NaN,NaN,NaN,NaN,NaN,NaN,0,0,0,0,0,0
09/27/2025,09,5GNR,Upstate New York,070,Buffalo,HNRT,0700021,NYNIAGNIAG_CENTRALAVE_03 - HNRT,0159,159,0,0,19,NaN,15,15,0,NaN,NaN,NaN,NaN,NaN,NaN,0,0,0,0,0,0,NaN,NaN,NaN,NaN,NaN,NaN,NaN,NaN,NaN,NaN,0,0,NaN,0,0,NaN,NaN,NaN,NaN,NaN,NaN,NaN,NaN,NaN,5200,NaN,0,0,0,0,0,0,0
09/27/2025,09,5GNR,Upstate New York,070,Buffalo,HNRT,0700021,NYNIAGNIAG_WALNUTAVE_06_HNRT,0084,84,28.57,4,14,NaN,15,15,0,NaN,NaN,NaN,NaN,NaN,NaN,0,0,0,0,0,0,NaN,NaN,NaN,NaN,NaN,NaN,NaN,NaN,NaN,NaN,0,0,NaN,0,0,NaN,NaN,NaN,NaN,NaN,NaN,NaN,NaN,NaN,NaN,NaN,NaN,0,0,0,0,0,0
09/27/2025,09,5GNR,Upstate New York,070,Buffalo,HNRT,0700021,NYNIAGNIAG_WELCHAVE_01_HNRT,0088,88,0,0,7,NaN,2,2,0,NaN,NaN,NaN,NaN,NaN,NaN,0,0,0,0,0,0,NaN,NaN,NaN,NaN,NaN,NaN,NaN,NaN,NaN,NaN,0,0,NaN,0,0,NaN,NaN,NaN,NaN,NaN,NaN,NaN,NaN,NaN,NaN,NaN,NaN,0,0,0,0,0,0
09/27/2025,09,5GNR,Upstate New York,070,Buffalo,HNRT,0700021,NYNIAGNIAG_WELCHAVE_01_HNRT,0090,90,6.67,1,15,NaN,7,7,0,NaN,NaN,NaN,NaN,NaN,NaN,0,0,0,0,0,0,NaN,NaN,NaN,NaN,NaN,NaN,NaN,NaN,NaN,NaN,0,0,NaN,0,0,NaN,NaN,NaN,NaN,NaN,NaN,NaN,NaN,NaN,NaN,NaN,NaN,0,0,0,0,0,0
09/27/2025,09,5GNR,Upstate New York,070,Buffalo,HNRT,0700002,DUTTON_AVE-HNRT,0010,10,0,0,3,NaN,2,2,0,NaN,NaN,NaN,NaN,NaN,NaN,0,0,0,0,0,0,NaN,NaN,NaN,NaN,NaN,NaN,NaN,NaN,NaN,NaN,0,0,NaN,0,0,NaN,NaN,NaN,NaN,NaN,NaN,NaN,NaN,NaN,NaN,NaN,NaN,0,0,0,0,0,0
09/27/2025,09,5GNR,Upstate New York,070,Buffalo,HNRT,0700021,NYNIAGNIAG_WALNUTAVE_06_HNRT,0082,82,25,1,4,NaN,8,8,0,NaN,NaN,NaN,NaN,NaN,NaN,0,0,0,0,0,0,NaN,NaN,NaN,NaN,NaN,NaN,NaN,NaN,NaN,NaN,0,0,NaN,0,0,NaN,NaN,NaN,NaN,NaN,NaN,NaN,NaN,NaN,NaN,NaN,NaN,0,0,0,0,0,0
09/27/2025,09,5GNR,Upstate New York,070,Buffalo,HNRT,0700021,NYNIAGNIAG_WALNUTAVE_06_HNRT,0083,83,0,0,7,NaN,8,8,0,NaN,NaN,NaN,NaN,NaN,NaN,0,0,0,0,0,0,NaN,NaN,NaN,NaN,NaN,NaN,NaN,NaN,NaN,NaN,0,0,NaN,0,0,NaN,NaN,NaN,NaN,NaN,NaN,NaN,NaN,NaN,NaN,NaN,NaN,0,0,0,0,0,0
09/27/2025,09,5GNR,Upstate New York,070,Buffalo,HNRT,0700021,NYNIAGNIAG_WELCHAVE_01_HNRT,0089,89,16.67,4,24,NaN,13,13,0,NaN,NaN,NaN,NaN,NaN,NaN,0,0,0,0,0,0,NaN,NaN,NaN,NaN,NaN,NaN,NaN,NaN,NaN,NaN,0,0,NaN,0,0,NaN,NaN,NaN,NaN,NaN,NaN,NaN,NaN,NaN,NaN,NaN,NaN,0,0,0,0,0,0
09/27/2025,09,5GNR,Upstate New York,070,Buffalo,HNRT,0709003,QUINSBERRY,2598,387,1.41,1,71,NaN,37,37,0,NaN,NaN,NaN,NaN,NaN,NaN,0,0,0,0,0,0,NaN,NaN,NaN,NaN,NaN,NaN,NaN,NaN,NaN,NaN,0,0,NaN,0,0,NaN,NaN,NaN,NaN,NaN,NaN,NaN,NaN,NaN,NaN,NaN,NaN,0,0,0,0,0,0
Total,*,*,*,*,*,*,*,*,*,*,3.01,61584,2046235,95.26,1335496,1334292,15492086.98,2.06,103.03,2.26,2.43,2.76,1.7,8.75,12.6,13182504.45,0.09,640816.73,1133059.7,2.54,2.06,1.18,99.94,0.01,0.51,0.09,NaN,0.13,NaN,3542,0.0028182245185533112,NaN,3544.0,8,NaN,1259.7,NaN,NaN,NaN,0,NaN,NaN,NaN,NaN,NaN,NaN,5023.950000000009,1364.0799999999972,0,0,0,1.5417757820000011E7
