DAY,HR,5G,REGION,MARKET,MARKET_DESC,SITE,GNB,DUNAME,DU,5GNR_ENDC_Drop%,5GNR_ENDC_Drop_%_num,5GNR_ENDC_Drop_%_den,S5NR_Cell_Availability_%,ErabAddAtt_per_GNB,ErabAddSucc_per_GNB,S5NR_DLMACLayerDataVolume_MB,S5NR_DLPRBUtilization_%,S5NR_DLUserPerceivedTput_Mbps,S5NR_PDCCH_SlotRationBlocking_DL_%,S5NR_PDCCH_SlotRationBlocking_Tot_%,S5NR_PDCCH_SlotRationBlocking_UL_%,S5NR_PUCCH_BLER_%,S5NR_PUCCHAvgSINR_dB,S5NR_PUSCHAvgSINR_dB,S5NR_TotalDLRLCLayerDataVolume_MB,S5NR_TotalERABSetupFailureRate_%,S5NR_TotalULRLCLayerDataVolume_MB,S5NR_ULMACLayerDataVolume_MB,S5NR_ULPRBUtilization_%,S5NR_ULUserPerceivedTput_Mbps,S5NC_DRBDrop_%_SA,S5NC_NRDCAdd_MN_Succ_%_SA,S5NC_NGSetupFailure_%_SA,S5NC_RRCSetupFailure_%_SA,S5NC_EPSFB_IRAT_HO_PrepFailure_%_SA,S5NC_EmergFB_IRAT_HO_Failure_%_SA,S5NC_EPSFB_IRAT_HO_Failure_%_SA,S5NC_DRBSetupFail_%_SA_SNSSAI6,S5NC_DRBSetupFail_%_den_SA_SNSSAI6,S5NC_DRBSetupFail_num_SA_SNSSAI6,S5NC_PDUSetupFail_%_SA_SNSSAI6,S5NC_PDUSetupFail_%_den_SA_SNSSAI6,S5NC_PDUSetupFail_%_num_SA_SNSSAI6,S5ND_AvgAirIfDelay_DL_SA_us_5QI133_SNSSAI6,S5ND_AvgIPLatency_DL_us_5QI133_SNSSAI6,S5ND_AvgRLCDelay_DL_SA_us_5QI133_SNSSAI6,S5ND_AvgRLCDelay_UL_SA_us_5QI133_SNSSAI6,S5ND_AvgUEThpt_SA_Mbps_5QI133_RFSP95_SNSSAI6,S5ND_DLActiveUE_Avg_SNSSAI6,S5ND_DLRLC_SDU_Drop_pmm%_5QI133_SNSSAI6,S5NR_DLPRBUtilization_%_SNSSAI6,S5NU_AvgPDCPDelay_DL_us_Cell_SNSSAI,S5NU_AvgPDCPDelay_DL_us_Cell_5QI133_SNSSAI6,S5NU_AvgPDCPDelay_UL_us_Cell_SNSSAI,S5NU_AvgPDCPDelay_UL_us_Cell_5QI133_SNSSAI6,S5NU_DLPDCP_SDU_DataVolume_MB_5QI133_SNSSAI6,S5NU_ULPDCP_SDU_DataVolume_MB_5QI133_SNSSAI6,RLCDLPKTDISCARDCNTPDCP_5QI133,RLCDLPKTDROPCNTFULLBUF_5QI133,RLCDLPKTRECEIVECNT_5QI133,S5NC_DRBSetupFail_%_SA,S5NC_DRBSetupFail_num_SA,S5NC_DRBSetupFail_den_SA,Sum_DLRLCDataVolume_MB,S5NR_MaxRRCconnectedUsersPerDU
10/07/2025,04,5GNR,Central Texas,137,Austin,SCHERTZ,1370411,SA WEST LYNN_VZW_LAMAR_AUSTIN_IBRD,0031,0,0,4,100,4,4,20.16,0,251.16,0,0,0,0.17,17.25,23.89,10.98,0,1.12,2.34,0,50.56,NaN,NaN,NaN,NaN,NaN,NaN,NaN,NaN,0,0,NaN,0,0,NaN,NaN,NaN,NaN,NaN,NaN,NaN,NaN,NaN,NaN,NaN,NaN,0,0,0,0,0,NaN,0,0,10.98,0
10/07/2025,04,5GNR,Central Texas,137,Austin,SCHERTZ,1370411,TX_AUS_WOODCREEK_002,0004,0,0,1,100,1,1,0.55,0,6.55,0,0,0,0,15.24,5.92,0.49,0,0.04,0.05,0,1.32,NaN,NaN,NaN,NaN,NaN,NaN,NaN,NaN,0,0,NaN,0,0,NaN,NaN,NaN,NaN,NaN,NaN,NaN,NaN,NaN,NaN,NaN,NaN,0,0,0,0,0,NaN,0,0,0.49,0
10/07/2025,04,5GNR,Central Texas,137,Austin,SCHERTZ,1370411,TX_AUS_WOODCREEK_002,0005,0,0,3,100,2,2,165.79,0.05,110.28,0,0,0,0.18,16.05,9.46,104.88,0,0.09,2.43,0,2.39,NaN,NaN,NaN,NaN,NaN,NaN,NaN,NaN,0,0,NaN,0,0,NaN,NaN,NaN,NaN,NaN,NaN,NaN,NaN,NaN,NaN,NaN,NaN,0,0,0,0,0,NaN,0,0,104.88,0
10/07/2025,04,5GNR,Central Texas,137,Austin,SCHERTZ,1370411,TX_AUS_WOODCREEK_002,0006,NaN,0,0,100,0,0,0,0,NaN,NaN,NaN,NaN,NaN,0,0,0,NaN,0,0,0,NaN,NaN,NaN,NaN,NaN,NaN,NaN,NaN,NaN,0,0,NaN,0,0,NaN,NaN,NaN,NaN,NaN,NaN,NaN,NaN,NaN,NaN,NaN,NaN,0,0,0,0,0,NaN,0,0,0,0
10/07/2025,04,5GNR,Central Texas,137,Austin,SCHERTZ,1370411,TX_AUS_WOODCREEK_003,0001,NaN,0,0,100,0,0,0,0,NaN,NaN,NaN,NaN,NaN,0,0,0,NaN,0,0,0,NaN,NaN,NaN,NaN,NaN,NaN,NaN,NaN,NaN,0,0,NaN,0,0,NaN,NaN,NaN,NaN,NaN,NaN,NaN,NaN,NaN,NaN,NaN,NaN,0,0,0,0,0,NaN,0,0,0,0
10/07/2025,04,5GNR,Central Texas,137,Austin,SCHERTZ,1370411,TX_AUS_WOODCREEK_003,0002,NaN,0,0,100,0,0,0,0,NaN,NaN,NaN,NaN,NaN,0,0,0,NaN,0,0,0,NaN,NaN,NaN,NaN,NaN,NaN,NaN,NaN,NaN,0,0,NaN,0,0,NaN,NaN,NaN,NaN,NaN,NaN,NaN,NaN,NaN,NaN,NaN,NaN,0,0,0,0,0,NaN,0,0,0,0
10/07/2025,04,5GNR,Central Texas,137,Austin,SCHERTZ,1370411,TX_AUS_WOODCREEK_003,0003,NaN,0,0,100,0,0,0,0,NaN,NaN,NaN,NaN,NaN,0,0,0,NaN,0,0,0,NaN,NaN,NaN,NaN,NaN,NaN,NaN,NaN,NaN,0,0,NaN,0,0,NaN,NaN,NaN,NaN,NaN,NaN,NaN,NaN,NaN,NaN,NaN,NaN,0,0,0,0,0,NaN,0,0,0,0
10/07/2025,04,5GNR,Central Texas,137,Austin,SCHERTZ,1370411,TX_AUS_WOODCREEK_005,0010,NaN,0,0,100,0,0,0,0,NaN,NaN,NaN,NaN,NaN,0,0,0,NaN,0,0,0,NaN,NaN,NaN,NaN,NaN,NaN,NaN,NaN,NaN,0,0,NaN,0,0,NaN,NaN,NaN,NaN,NaN,NaN,NaN,NaN,NaN,NaN,NaN,NaN,0,0,0,0,0,NaN,0,0,0,0
10/07/2025,04,5GNR,Central Texas,137,Austin,SCHERTZ,1370411,TX_AUS_WOODCREEK_005,0011,0,0,1,100,1,1,0.02,0,NaN,0,0,0,0,18.23,16.06,0.01,0,0.02,0.05,0,5.41,NaN,NaN,NaN,NaN,NaN,NaN,NaN,NaN,0,0,NaN,0,0,NaN,NaN,NaN,NaN,NaN,NaN,NaN,NaN,NaN,NaN,NaN,NaN,0,0,0,0,0,NaN,0,0,0.01,0
10/07/2025,04,5GNR,Central Texas,137,Austin,SCHERTZ,1370411,TX_AUS_WOODCREEK_005,0012,NaN,0,0,100,0,0,0,0,NaN,NaN,NaN,NaN,NaN,0,0,0,NaN,0,0,0,NaN,NaN,NaN,NaN,NaN,NaN,NaN,NaN,NaN,0,0,NaN,0,0,NaN,NaN,NaN,NaN,NaN,NaN,NaN,NaN,NaN,NaN,NaN,NaN,0,0,0,0,0,NaN,0,0,0,0
10/07/2025,04,5GNR,Central Texas,137,Austin,SCHERTZ,1370411,TX_AUS_WOODCREEK_007,0007,NaN,0,0,100,0,0,0,0,NaN,NaN,NaN,NaN,NaN,0,0,0,NaN,0,0,0,NaN,NaN,NaN,NaN,NaN,NaN,NaN,NaN,NaN,0,0,NaN,0,0,NaN,NaN,NaN,NaN,NaN,NaN,NaN,NaN,NaN,NaN,NaN,NaN,0,0,0,0,0,NaN,0,0,0,0
10/07/2025,04,5GNR,Central Texas,137,Austin,SCHERTZ,1370411,TX_AUS_WOODCREEK_007,0008,50,1,2,100,2,2,0.05,0,25.21,0,0,0,10.23,13.07,0.92,0.02,0,0,0,0,0,NaN,NaN,NaN,NaN,NaN,NaN,NaN,NaN,0,0,NaN,0,0,NaN,NaN,NaN,NaN,NaN,NaN,NaN,NaN,NaN,NaN,NaN,NaN,0,0,0,0,0,NaN,0,0,0.02,0
10/07/2025,04,5GNR,Central Texas,137,Austin,SCHERTZ,1370411,TX_AUS_WOODCREEK_007,0009,0,0,3,100,3,3,24.23,0.02,45.57,0,0,0,0.16,15.81,10.54,19.18,0,0.07,0.65,0,2.92,NaN,NaN,NaN,NaN,NaN,NaN,NaN,NaN,0,0,NaN,0,0,NaN,NaN,NaN,NaN,NaN,NaN,NaN,NaN,NaN,NaN,NaN,NaN,0,0,0,0,0,NaN,0,0,19.18,0
10/07/2025,04,5GNR,Central Texas,137,Austin,SCHERTZ,1370411,UT_AUSTIN_FORTY_ARENA,0038,NaN,0,0,100,0,0,0,0,NaN,NaN,NaN,NaN,NaN,0,0,0,NaN,0,0,0,NaN,NaN,NaN,NaN,NaN,NaN,NaN,NaN,NaN,0,0,NaN,0,0,NaN,NaN,NaN,NaN,NaN,NaN,NaN,NaN,NaN,NaN,NaN,NaN,0,0,0,0,0,NaN,0,0,0,0
10/07/2025,04,5GNR,Central Texas,137,Austin,SCHERTZ,1370411,UT_AUSTIN_FORTY_ARENA,0039,NaN,0,0,100,0,0,0,0,NaN,NaN,NaN,NaN,NaN,0,0,0,NaN,0,0,0,NaN,NaN,NaN,NaN,NaN,NaN,NaN,NaN,NaN,0,0,NaN,0,0,NaN,NaN,NaN,NaN,NaN,NaN,NaN,NaN,NaN,NaN,NaN,NaN,0,0,0,0,0,NaN,0,0,0,0
10/07/2025,04,5GNR,Central Texas,137,Austin,SCHERTZ,1370411,UT_AUSTIN_FORTY_ARENA,0040,NaN,0,0,100,0,0,0,0,NaN,NaN,NaN,NaN,NaN,0,0,0,NaN,0,0,0,NaN,NaN,NaN,NaN,NaN,NaN,NaN,NaN,NaN,0,0,NaN,0,0,NaN,NaN,NaN,NaN,NaN,NaN,NaN,NaN,NaN,NaN,NaN,NaN,0,0,0,0,0,NaN,0,0,0,0
10/07/2025,04,5GNR,Central Texas,137,Austin,SCHERTZ,1370411,UT_AUSTIN_FORTY_ARENA,0041,NaN,0,0,100,0,0,0,0,NaN,NaN,NaN,NaN,NaN,0,0,0,NaN,0,0,0,NaN,NaN,NaN,NaN,NaN,NaN,NaN,NaN,NaN,0,0,NaN,0,0,NaN,NaN,NaN,NaN,NaN,NaN,NaN,NaN,NaN,NaN,NaN,NaN,0,0,0,0,0,NaN,0,0,0,0
10/07/2025,04,5GNR,Central Texas,137,Austin,SCHERTZ,1370411,UT_AUSTIN_FORTY_ARENA,0042,NaN,0,0,100,0,0,0,0,NaN,NaN,NaN,NaN,NaN,0,0,0,NaN,0,0,0,NaN,NaN,NaN,NaN,NaN,NaN,NaN,NaN,NaN,0,0,NaN,0,0,NaN,NaN,NaN,NaN,NaN,NaN,NaN,NaN,NaN,NaN,NaN,NaN,0,0,0,0,0,NaN,0,0,0,0
10/07/2025,04,5GNR,Central Texas,137,Austin,SCHERTZ,1370411,UT_AUSTIN_FORTY_ARENA,0043,NaN,0,0,100,0,0,0,0,NaN,NaN,NaN,NaN,NaN,0,0,0,NaN,0,0,0,NaN,NaN,NaN,NaN,NaN,NaN,NaN,NaN,NaN,0,0,NaN,0,0,NaN,NaN,NaN,NaN,NaN,NaN,NaN,NaN,NaN,NaN,NaN,NaN,0,0,0,0,0,NaN,0,0,0,0
10/07/2025,04,5GNR,Central Texas,137,Austin,SCHERTZ,1370411,UT_AUSTIN_FORTY_ARENA,0044,NaN,0,0,100,0,0,0,0,NaN,NaN,NaN,NaN,NaN,0,0,0,NaN,0,0,0,NaN,NaN,NaN,NaN,NaN,NaN,NaN,NaN,NaN,0,0,NaN,0,0,NaN,NaN,NaN,NaN,NaN,NaN,NaN,NaN,NaN,NaN,NaN,NaN,0,0,0,0,0,NaN,0,0,0,0
10/07/2025,04,5GNR,Central Texas,137,Austin,SCHERTZ,1370411,UT_AUSTIN_FORTY_ARENA,0045,NaN,0,0,100,0,0,0,0,NaN,NaN,NaN,NaN,NaN,0,0,0,NaN,0,0,0,NaN,NaN,NaN,NaN,NaN,NaN,NaN,NaN,NaN,0,0,NaN,0,0,NaN,NaN,NaN,NaN,NaN,NaN,NaN,NaN,NaN,NaN,NaN,NaN,0,0,0,0,0,NaN,0,0,0,0
10/07/2025,04,5GNR,Central Texas,137,Austin,SCHERTZ,1370411,UT_AUSTIN_FORTY_ARENA,0046,NaN,0,0,100,0,0,0,0,NaN,NaN,NaN,NaN,NaN,0,0,0,NaN,0,0,0,NaN,NaN,NaN,NaN,NaN,NaN,NaN,NaN,NaN,0,0,NaN,0,0,NaN,NaN,NaN,NaN,NaN,NaN,NaN,NaN,NaN,NaN,NaN,NaN,0,0,0,0,0,NaN,0,0,0,0
10/07/2025,04,5GNR,Central Texas,137,Austin,SCHERTZ,1370411,UT_AUSTIN_FORTY_ARENA,0048,NaN,0,0,100,0,0,0,0,NaN,NaN,NaN,NaN,NaN,0,0,0,NaN,0,0,0,NaN,NaN,NaN,NaN,NaN,NaN,NaN,NaN,NaN,0,0,NaN,0,0,NaN,NaN,NaN,NaN,NaN,NaN,NaN,NaN,NaN,NaN,NaN,NaN,0,0,0,0,0,NaN,0,0,0,0
10/07/2025,04,5GNR,Central Texas,137,Austin,SCHERTZ,1370411,UT_AUSTIN_FORTY_ARENA,0049,NaN,0,0,100,0,0,0,0,NaN,NaN,NaN,NaN,NaN,0,0,0,NaN,0,0,0,NaN,NaN,NaN,NaN,NaN,NaN,NaN,NaN,NaN,0,0,NaN,0,0,NaN,NaN,NaN,NaN,NaN,NaN,NaN,NaN,NaN,NaN,NaN,NaN,0,0,0,0,0,NaN,0,0,0,0
10/07/2025,04,5GNR,Central Texas,137,Austin,SCHERTZ,1370411,UT_AUSTIN_FORTY_ARENA,0050,NaN,0,0,100,0,0,0,0,NaN,NaN,NaN,NaN,NaN,0,0,0,NaN,0,0,0,NaN,NaN,NaN,NaN,NaN,NaN,NaN,NaN,NaN,0,0,NaN,0,0,NaN,NaN,NaN,NaN,NaN,NaN,NaN,NaN,NaN,NaN,NaN,NaN,0,0,0,0,0,NaN,0,0,0,0
10/07/2025,04,5GNR,Central Texas,137,Austin,SCHERTZ,1370411,UT_AUSTIN_FORTY_ARENA,0052,NaN,0,0,100,0,0,0,0,NaN,NaN,NaN,NaN,NaN,0,0,0,NaN,0,0,0,NaN,NaN,NaN,NaN,NaN,NaN,NaN,NaN,NaN,0,0,NaN,0,0,NaN,NaN,NaN,NaN,NaN,NaN,NaN,NaN,NaN,NaN,NaN,NaN,0,0,0,0,0,NaN,0,0,0,0
10/07/2025,04,5GNR,Central Texas,137,Austin,SCHERTZ,1370411,UT_AUSTIN_FORTY_ARENA,0053,NaN,0,0,100,0,0,0,0,NaN,NaN,NaN,NaN,NaN,0,0,0,NaN,0,0,0,NaN,NaN,NaN,NaN,NaN,NaN,NaN,NaN,NaN,0,0,NaN,0,0,NaN,NaN,NaN,NaN,NaN,NaN,NaN,NaN,NaN,NaN,NaN,NaN,0,0,0,0,0,NaN,0,0,0,0
10/07/2025,04,5GNR,Central Texas,137,Austin,SCHERTZ,1370411,UT_AUSTIN_FORTY_ARENA,0054,NaN,0,0,100,0,0,0,0,NaN,NaN,NaN,NaN,NaN,0,0,0,NaN,0,0,0,NaN,NaN,NaN,NaN,NaN,NaN,NaN,NaN,NaN,0,0,NaN,0,0,NaN,NaN,NaN,NaN,NaN,NaN,NaN,NaN,NaN,NaN,NaN,NaN,0,0,0,0,0,NaN,0,0,0,0
10/07/2025,04,5GNR,Central Texas,137,Austin,SCHERTZ,1370411,VZW_BEE_CAVE_AUS_IB,0017,0,0,49,100,47,47,122.31,0.06,83.82,0,0,0,5.88,21.37,18.4,76.26,0,7.17,13.31,0.03,13.72,NaN,NaN,NaN,NaN,NaN,NaN,NaN,NaN,0,0,NaN,0,0,NaN,NaN,NaN,NaN,NaN,NaN,NaN,NaN,NaN,NaN,NaN,NaN,0,0,0,0,0,NaN,0,0,76.26,0
10/07/2025,04,5GNR,Central Texas,137,Austin,SCHERTZ,1370411,VZW_BUDA_STORE_IBRD,0018,2.86,4,140,100,141,141,123.67,0.02,203.48,0,0.01,0.02,0.85,24.89,24.03,74.37,0,9.75,18.97,0.02,18.81,NaN,NaN,NaN,NaN,NaN,NaN,NaN,NaN,0,0,NaN,0,0,NaN,NaN,NaN,NaN,NaN,NaN,NaN,NaN,NaN,NaN,NaN,NaN,0,0,0,0,0,NaN,0,0,74.37,0
10/07/2025,04,5GNR,Central Texas,137,Austin,SCHERTZ,1370411,VZW_CEDAR_PARK_TX_IB,0019,7.14,1,14,100,14,14,38.4,0.01,153.28,0.01,0,0,1.75,24.06,22.51,23.83,0,2.95,5.17,0.01,21.48,NaN,NaN,NaN,NaN,NaN,NaN,NaN,NaN,0,0,NaN,0,0,NaN,NaN,NaN,NaN,NaN,NaN,NaN,NaN,NaN,NaN,NaN,NaN,0,0,0,0,0,NaN,0,0,23.83,0
10/07/2025,04,5GNR,Central Texas,137,Austin,SCHERTZ,1370411,VZW_RETAIL_TEMPLE_SC,0037,0.64,6,938,100,934,934,154.86,0.03,157.83,0,0.01,0.03,3.42,24.8,22.18,92.1,0,13.79,29.74,0.04,21.69,NaN,NaN,NaN,NaN,NaN,NaN,NaN,NaN,0,0,NaN,0,0,NaN,NaN,NaN,NaN,NaN,NaN,NaN,NaN,NaN,NaN,NaN,NaN,0,0,0,0,0,NaN,0,0,92.1,0
10/07/2025,04,5GNR,Central Texas,137,Austin,SCHERTZ,1370411,VZW_SALTILLO_AUS_IB,0022,0,0,22,100,23,23,65.2,0.02,125.83,0,0,0,1.06,24.05,19.41,41.97,0,5.06,7.97,0.01,15.26,NaN,NaN,NaN,NaN,NaN,NaN,NaN,NaN,0,0,NaN,0,0,NaN,NaN,NaN,NaN,NaN,NaN,NaN,NaN,NaN,NaN,NaN,NaN,0,0,0,0,0,NaN,0,0,41.97,0
10/07/2025,04,5GNR,Central Texas,137,Austin,SCHERTZ,1370411,VZW_SOUTH_P_MEADOWS_AUS_IB,0055,0,0,23,100,24,24,72.66,0.01,156.92,0,0,0,0.4,25.65,24.46,44.38,0,5.16,9.2,0.01,22.01,NaN,NaN,NaN,NaN,NaN,NaN,NaN,NaN,0,0,NaN,0,0,NaN,NaN,NaN,NaN,NaN,NaN,NaN,NaN,NaN,NaN,NaN,NaN,0,0,0,0,0,NaN,0,0,44.38,0
10/07/2025,04,5GNR,Central Texas,137,Austin,SCHERTZ,1370411,VZW_SUNSET_VALLEY_IB,0016,NaN,0,0,100,0,0,0,0,NaN,NaN,NaN,NaN,NaN,0,0,0,NaN,0,0,0,NaN,NaN,NaN,NaN,NaN,NaN,NaN,NaN,NaN,0,0,NaN,0,0,NaN,NaN,NaN,NaN,NaN,NaN,NaN,NaN,NaN,NaN,NaN,NaN,0,0,0,0,0,NaN,0,0,0,0
10/07/2025,04,5GNR,Central Texas,137,Austin,SCHERTZ,1370411,WACO_DOWNTOWN,0032,NaN,0,0,100,0,0,0,0,NaN,NaN,NaN,NaN,NaN,0,0,0,NaN,0,0,0,NaN,NaN,NaN,NaN,NaN,NaN,NaN,NaN,NaN,0,0,NaN,0,0,NaN,NaN,NaN,NaN,NaN,NaN,NaN,NaN,NaN,NaN,NaN,NaN,0,0,0,0,0,NaN,0,0,0,0
10/07/2025,04,5GNR,Central Texas,137,Austin,SCHERTZ,1370411,WACO_DOWNTOWN,0033,NaN,0,0,100,0,0,0,0,NaN,NaN,NaN,NaN,NaN,0,0,0,NaN,0,0,0,NaN,NaN,NaN,NaN,NaN,NaN,NaN,NaN,NaN,0,0,NaN,0,0,NaN,NaN,NaN,NaN,NaN,NaN,NaN,NaN,NaN,NaN,NaN,NaN,0,0,0,0,0,NaN,0,0,0,0
10/07/2025,04,5GNR,Central Texas,137,Austin,SCHERTZ,1370411,WACO_DOWNTOWN,0034,NaN,0,0,100,0,0,0,0,NaN,NaN,NaN,NaN,NaN,0,0,0,NaN,0,0,0,NaN,NaN,NaN,NaN,NaN,NaN,NaN,NaN,NaN,0,0,NaN,0,0,NaN,NaN,NaN,NaN,NaN,NaN,NaN,NaN,NaN,NaN,NaN,NaN,0,0,0,0,0,NaN,0,0,0,0
10/07/2025,04,5GNR,Central Texas,137,Austin,SCHZ,1370400,TX_AUS_HYDEPARK_006,0001,NaN,0,0,100,0,0,0,0,NaN,NaN,NaN,NaN,NaN,0,0,0,NaN,0,0,0,NaN,NaN,NaN,NaN,NaN,NaN,NaN,NaN,NaN,0,0,NaN,0,0,NaN,NaN,NaN,NaN,NaN,NaN,NaN,NaN,NaN,NaN,NaN,NaN,0,0,0,0,0,NaN,0,0,0,0
10/07/2025,04,5GNR,Central Texas,137,Austin,SCHZ,1370400,TX_AUS_HYDEPARK_006,0002,NaN,0,0,100,0,0,0,0,NaN,NaN,NaN,NaN,NaN,0,0,0,NaN,0,0,0,NaN,NaN,NaN,NaN,NaN,NaN,NaN,NaN,NaN,0,0,NaN,0,0,NaN,NaN,NaN,NaN,NaN,NaN,NaN,NaN,NaN,NaN,NaN,NaN,0,0,0,0,0,NaN,0,0,0,0
10/07/2025,04,5GNR,Central Texas,137,Austin,SCHZ,1370400,TX_AUS_HYDEPARK_006,0003,0,0,1,100,1,1,120.36,0.03,186.76,0,0,0,0.05,15.64,9.05,99.49,0,0.03,0.09,0,0,NaN,NaN,NaN,NaN,NaN,NaN,NaN,NaN,0,0,NaN,0,0,NaN,NaN,NaN,NaN,NaN,NaN,NaN,NaN,NaN,NaN,NaN,NaN,0,0,0,0,0,NaN,0,0,99.49,0
10/07/2025,04,5GNR,Central Texas,137,Austin,SCHZ,1370401,JUSTIN,0040,NaN,0,0,100,0,0,0,0,NaN,NaN,NaN,NaN,NaN,0,0,0,NaN,0,0,0,NaN,NaN,NaN,NaN,NaN,NaN,NaN,NaN,NaN,0,0,NaN,0,0,NaN,NaN,NaN,NaN,NaN,NaN,NaN,NaN,NaN,NaN,NaN,NaN,0,0,0,0,0,NaN,0,0,0,0
10/07/2025,04,5GNR,Central Texas,137,Austin,SCHZ,1370401,JUSTIN,0041,NaN,0,0,100,0,0,0,0,NaN,NaN,NaN,NaN,NaN,0,0,0,NaN,0,0,0,NaN,NaN,NaN,NaN,NaN,NaN,NaN,NaN,NaN,0,0,NaN,0,0,NaN,NaN,NaN,NaN,NaN,NaN,NaN,NaN,NaN,NaN,NaN,NaN,0,0,0,0,0,NaN,0,0,0,0
10/07/2025,04,5GNR,Central Texas,137,Austin,SCHZ,1370401,JUSTIN,0042,NaN,0,0,100,0,0,0,0,NaN,NaN,NaN,NaN,NaN,0,0,0,NaN,0,0,0,NaN,NaN,NaN,NaN,NaN,NaN,NaN,NaN,NaN,0,0,NaN,0,0,NaN,NaN,NaN,NaN,NaN,NaN,NaN,NaN,NaN,NaN,NaN,NaN,0,0,0,0,0,NaN,0,0,0,0
10/07/2025,04,5GNR,Central Texas,137,Austin,SCHZ,1370401,TX_AUS_CRESTVIEWEAST_002,0034,20,1,5,100,4,4,88.55,0.02,506.99,0,0,0,0.94,16.18,13.96,76.74,0,0.14,0.32,0,2.7,NaN,NaN,NaN,NaN,NaN,NaN,NaN,NaN,0,0,NaN,0,0,NaN,NaN,NaN,NaN,NaN,NaN,NaN,NaN,NaN,NaN,NaN,NaN,0,0,0,0,0,NaN,0,0,76.74,0
10/07/2025,04,5GNR,Central Texas,137,Austin,SCHZ,1370401,TX_AUS_CRESTVIEWEAST_002,0035,50,1,2,100,2,2,0.48,0,43.2,0,0,0,38.89,13.65,2.56,0.36,0,0.01,0.01,0,0.63,NaN,NaN,NaN,NaN,NaN,NaN,NaN,NaN,0,0,NaN,0,0,NaN,NaN,NaN,NaN,NaN,NaN,NaN,NaN,NaN,NaN,NaN,NaN,0,0,0,0,0,NaN,0,0,0.36,0
10/07/2025,04,5GNR,Central Texas,137,Austin,SCHZ,1370401,TX_AUS_CRESTVIEWEAST_002,0036,0,0,1,100,1,1,5.75,0,26.22,0.01,0.01,0,4.32,12.72,5.36,4.53,0,0,0.02,0,0.13,NaN,NaN,NaN,NaN,NaN,NaN,NaN,NaN,0,0,NaN,0,0,NaN,NaN,NaN,NaN,NaN,NaN,NaN,NaN,NaN,NaN,NaN,NaN,0,0,0,0,0,NaN,0,0,4.53,0
10/07/2025,04,5GNR,Central Texas,137,Austin,SCHZ,1370401,TX_AUS_CRESTVIEWEAST_004,0028,NaN,0,0,100,0,0,0,0,NaN,NaN,NaN,NaN,NaN,0,0,0,NaN,0,0,0,NaN,NaN,NaN,NaN,NaN,NaN,NaN,NaN,NaN,0,0,NaN,0,0,NaN,NaN,NaN,NaN,NaN,NaN,NaN,NaN,NaN,NaN,NaN,NaN,0,0,0,0,0,NaN,0,0,0,0
10/07/2025,04,5GNR,Central Texas,137,Austin,SCHZ,1370401,TX_AUS_CRESTVIEWEAST_004,0029,NaN,0,0,100,0,0,0,0,NaN,NaN,NaN,NaN,NaN,0,0,0,NaN,0,0,0,NaN,NaN,NaN,NaN,NaN,NaN,NaN,NaN,NaN,0,0,NaN,0,0,NaN,NaN,NaN,NaN,NaN,NaN,NaN,NaN,NaN,NaN,NaN,NaN,0,0,0,0,0,NaN,0,0,0,0
10/07/2025,04,5GNR,Central Texas,137,Austin,SCHZ,1370401,TX_AUS_CRESTVIEWEAST_004,0030,NaN,0,0,100,0,0,0,0,NaN,NaN,NaN,NaN,NaN,0,0,0,NaN,0,0,0,NaN,NaN,NaN,NaN,NaN,NaN,NaN,NaN,NaN,0,0,NaN,0,0,NaN,NaN,NaN,NaN,NaN,NaN,NaN,NaN,NaN,NaN,NaN,NaN,0,0,0,0,0,NaN,0,0,0,0
10/07/2025,04,5GNR,Central Texas,137,Austin,SCHZ,1370401,TX_AUS_CRESTVIEWEAST_005,0031,0,0,84,100,4,4,3.88,0,14.39,0.02,0.01,0,4.76,12.02,16.24,2,0,0.65,3.86,0,3.72,NaN,NaN,NaN,NaN,NaN,NaN,NaN,NaN,0,0,NaN,0,0,NaN,NaN,NaN,NaN,NaN,NaN,NaN,NaN,NaN,NaN,NaN,NaN,0,0,0,0,0,NaN,0,0,2.22,0
10/07/2025,04,5GNR,Central Texas,137,Austin,SCHZ,1370401,TX_AUS_CRESTVIEWEAST_005,0032,NaN,0,0,100,0,0,0,0,NaN,NaN,NaN,NaN,NaN,0,0,0,NaN,0,0,0,NaN,NaN,NaN,NaN,NaN,NaN,NaN,NaN,NaN,0,0,NaN,0,0,NaN,NaN,NaN,NaN,NaN,NaN,NaN,NaN,NaN,NaN,NaN,NaN,0,0,0,0,0,NaN,0,0,0,0
10/07/2025,04,5GNR,Central Texas,137,Austin,SCHZ,1370401,TX_AUS_CRESTVIEWEAST_005,0033,0,0,95,100,115,115,3.12,0,30.76,0,0.02,0.09,0.12,18.58,19.96,1.16,0,1.34,9.3,0,9.12,NaN,NaN,NaN,NaN,NaN,NaN,NaN,NaN,0,0,NaN,0,0,NaN,NaN,NaN,NaN,NaN,NaN,NaN,NaN,NaN,NaN,NaN,NaN,0,0,0,0,0,NaN,0,0,1.16,0
10/07/2025,04,5GNR,Central Texas,137,Austin,SCHZ,1370401,TX_AUS_CRESTVIEWEAST_012,0001,6.67,1,15,100,13,13,1.68,0,20.56,0,0,0,8.51,15.36,14.26,1.68,0,0.12,0.54,0,3.6,NaN,NaN,NaN,NaN,NaN,NaN,NaN,NaN,0,0,NaN,0,0,NaN,NaN,NaN,NaN,NaN,NaN,NaN,NaN,NaN,NaN,NaN,NaN,0,0,0,0,0,NaN,0,0,1.68,0
10/07/2025,04,5GNR,Central Texas,137,Austin,SCHZ,1370401,TX_AUS_CRESTVIEWEAST_012,0002,20,1,5,100,1,1,0.11,0,7.73,0,0,0,1.39,15.06,9.06,0.07,0,0.02,0.07,0,0.42,NaN,NaN,NaN,NaN,NaN,NaN,NaN,NaN,0,0,NaN,0,0,NaN,NaN,NaN,NaN,NaN,NaN,NaN,NaN,NaN,NaN,NaN,NaN,0,0,0,0,0,NaN,0,0,0.07,0
10/07/2025,04,5GNR,Central Texas,137,Austin,SCHZ,1370401,TX_AUS_CRESTVIEWEAST_012,0003,0,0,1,100,5,5,898.34,0.2,105.83,0,0,0,0.01,17.16,16.32,496.74,0,13.11,57.16,0.03,22.36,NaN,NaN,NaN,NaN,NaN,NaN,NaN,NaN,0,0,NaN,0,0,NaN,NaN,NaN,NaN,NaN,NaN,NaN,NaN,NaN,NaN,NaN,NaN,0,0,0,0,0,NaN,0,0,496.74,0
10/07/2025,04,5GNR,Central Texas,137,Austin,SCHZ,1370401,TX_AUS_JUSTIN_KOENIG_001,0016,NaN,0,0,100,0,0,0,0,NaN,0,0,0,NaN,0,0,0,NaN,0,0,0,NaN,NaN,NaN,NaN,NaN,NaN,NaN,NaN,NaN,0,0,NaN,0,0,NaN,NaN,NaN,NaN,NaN,NaN,NaN,NaN,NaN,NaN,NaN,NaN,0,0,0,0,0,NaN,0,0,0,0
10/07/2025,04,5GNR,Central Texas,137,Austin,SCHZ,1370401,TX_AUS_JUSTIN_KOENIG_001,0017,NaN,0,0,100,0,0,11.98,0,NaN,0,0,0,0.05,16.65,11.83,0,NaN,0,0.87,0,6.18,NaN,NaN,NaN,NaN,NaN,NaN,NaN,NaN,0,0,NaN,0,0,NaN,NaN,NaN,NaN,NaN,NaN,NaN,NaN,NaN,NaN,NaN,NaN,0,0,0,0,0,NaN,0,0,7.41,0
10/07/2025,04,5GNR,Central Texas,137,Austin,SCHZ,1370401,TX_AUS_JUSTIN_KOENIG_001,0018,NaN,0,0,100,0,0,0,0,NaN,NaN,NaN,NaN,NaN,0,0,0,NaN,0,0,0,NaN,NaN,NaN,NaN,NaN,NaN,NaN,NaN,NaN,0,0,NaN,0,0,NaN,NaN,NaN,NaN,NaN,NaN,NaN,NaN,NaN,NaN,NaN,NaN,0,0,0,0,0,NaN,0,0,0,0
10/07/2025,04,5GNR,Central Texas,137,Austin,SCHZ,1370401,TX_AUS_JUSTIN_KOENIG_002,0013,NaN,0,0,100,0,0,0,0,NaN,NaN,NaN,NaN,NaN,0,0,0,NaN,0,0,0,NaN,NaN,NaN,NaN,NaN,NaN,NaN,NaN,NaN,0,0,NaN,0,0,NaN,NaN,NaN,NaN,NaN,NaN,NaN,NaN,NaN,NaN,NaN,NaN,0,0,0,0,0,NaN,0,0,0,0
10/07/2025,04,5GNR,Central Texas,137,Austin,SCHZ,1370401,TX_AUS_JUSTIN_KOENIG_002,0014,NaN,0,0,100,0,0,0,0,NaN,NaN,NaN,NaN,NaN,0,0,0,NaN,0,0,0,NaN,NaN,NaN,NaN,NaN,NaN,NaN,NaN,NaN,0,0,NaN,0,0,NaN,NaN,NaN,NaN,NaN,NaN,NaN,NaN,NaN,NaN,NaN,NaN,0,0,0,0,0,NaN,0,0,0,0
10/07/2025,04,5GNR,Central Texas,137,Austin,SCHZ,1370401,TX_AUS_JUSTIN_KOENIG_002,0015,NaN,0,0,100,0,0,0,0,NaN,0,34.43,43.07,NaN,0,0,0,NaN,0,0,2.9,NaN,NaN,NaN,NaN,NaN,NaN,NaN,NaN,NaN,0,0,NaN,0,0,NaN,NaN,NaN,NaN,NaN,NaN,NaN,NaN,NaN,NaN,NaN,NaN,0,0,0,0,0,NaN,0,0,0,0
10/07/2025,04,5GNR,Central Texas,137,Austin,SCHZ,1370401,TX_AUS_JUSTIN_KOENIG_006,0022,NaN,0,0,100,0,0,0,0,NaN,NaN,NaN,NaN,NaN,0,0,0,NaN,0,0,0,NaN,NaN,NaN,NaN,NaN,NaN,NaN,NaN,NaN,0,0,NaN,0,0,NaN,NaN,NaN,NaN,NaN,NaN,NaN,NaN,NaN,NaN,NaN,NaN,0,0,0,0,0,NaN,0,0,0,0
10/07/2025,04,5GNR,Central Texas,137,Austin,SCHZ,1370401,TX_AUS_JUSTIN_KOENIG_006,0023,NaN,0,0,100,0,0,0,0,NaN,NaN,NaN,NaN,NaN,0,0,0,NaN,0,0,0,NaN,NaN,NaN,NaN,NaN,NaN,NaN,NaN,NaN,0,0,NaN,0,0,NaN,NaN,NaN,NaN,NaN,NaN,NaN,NaN,NaN,NaN,NaN,NaN,0,0,0,0,0,NaN,0,0,0,0
10/07/2025,04,5GNR,Central Texas,137,Austin,SCHZ,1370401,TX_AUS_JUSTIN_KOENIG_006,0024,NaN,0,0,100,0,0,0,0,NaN,NaN,NaN,NaN,NaN,0,0,0,NaN,0,0,0,NaN,NaN,NaN,NaN,NaN,NaN,NaN,NaN,NaN,0,0,NaN,0,0,NaN,NaN,NaN,NaN,NaN,NaN,NaN,NaN,NaN,NaN,NaN,NaN,0,0,0,0,0,NaN,0,0,0,0
10/07/2025,04,5GNR,Central Texas,137,Austin,SCHZ,1370402,ACL_SC01_TEMP_2025,0108,NaN,0,0,100,0,0,0,0,NaN,NaN,NaN,NaN,NaN,0,0,0,NaN,0,0,0,NaN,NaN,NaN,NaN,NaN,NaN,NaN,NaN,NaN,0,0,NaN,0,0,NaN,NaN,NaN,NaN,NaN,NaN,NaN,NaN,NaN,NaN,NaN,NaN,0,0,0,0,0,NaN,0,0,0,0
10/07/2025,04,5GNR,Central Texas,137,Austin,SCHZ,1370402,ACL_SC01_TEMP_2025,0109,NaN,0,0,100,0,0,0,0,NaN,NaN,NaN,NaN,NaN,0,0,0,NaN,0,0,0,NaN,NaN,NaN,NaN,NaN,NaN,NaN,NaN,NaN,0,0,NaN,0,0,NaN,NaN,NaN,NaN,NaN,NaN,NaN,NaN,NaN,NaN,NaN,NaN,0,0,0,0,0,NaN,0,0,0,0
10/07/2025,04,5GNR,Central Texas,137,Austin,SCHZ,1370402,ACL_SC01_TEMP_2025,0118,0,0,1,100,1,1,0.1,0,25.28,0,0,0,0.89,12.19,8.98,0.08,0,0.01,0.02,0,3.97,NaN,NaN,NaN,NaN,NaN,NaN,NaN,NaN,0,0,NaN,0,0,NaN,NaN,NaN,NaN,NaN,NaN,NaN,NaN,NaN,NaN,NaN,NaN,0,0,0,0,0,NaN,0,0,0.08,0
10/07/2025,04,5GNR,Central Texas,137,Austin,SCHZ,1370402,ACL_SC01_TEMP_2025,0119,NaN,0,0,100,0,0,0,0,NaN,NaN,NaN,NaN,NaN,0,0,0,NaN,0,0,0,NaN,NaN,NaN,NaN,NaN,NaN,NaN,NaN,NaN,0,0,NaN,0,0,NaN,NaN,NaN,NaN,NaN,NaN,NaN,NaN,NaN,NaN,NaN,NaN,0,0,0,0,0,NaN,0,0,0,0
10/07/2025,04,5GNR,Central Texas,137,Austin,SCHZ,1370402,ACL_SC03_TEMP_2025,0110,NaN,0,0,100,0,0,0,0,NaN,NaN,NaN,NaN,NaN,0,0,0,NaN,0,0,0,NaN,NaN,NaN,NaN,NaN,NaN,NaN,NaN,NaN,0,0,NaN,0,0,NaN,NaN,NaN,NaN,NaN,NaN,NaN,NaN,NaN,NaN,NaN,NaN,0,0,0,0,0,NaN,0,0,0,0
10/07/2025,04,5GNR,Central Texas,137,Austin,SCHZ,1370402,ACL_SC03_TEMP_2025,0111,0,0,2,100,3,3,15.94,0.01,73.31,0,0,0,0.9,15.83,15.16,10.15,0,0.6,1.06,0,6.97,NaN,NaN,NaN,NaN,NaN,NaN,NaN,NaN,0,0,NaN,0,0,NaN,NaN,NaN,NaN,NaN,NaN,NaN,NaN,NaN,NaN,NaN,NaN,0,0,0,0,0,NaN,0,0,10.15,0
10/07/2025,04,5GNR,Central Texas,137,Austin,SCHZ,1370402,ACL_SC03_TEMP_2025,0112,NaN,0,0,100,0,0,0,0,NaN,NaN,NaN,NaN,NaN,0,0,0,NaN,0,0,0,NaN,NaN,NaN,NaN,NaN,NaN,NaN,NaN,NaN,0,0,NaN,0,0,NaN,NaN,NaN,NaN,NaN,NaN,NaN,NaN,NaN,NaN,NaN,NaN,0,0,0,0,0,NaN,0,0,0,0
10/07/2025,04,5GNR,Central Texas,137,Austin,SCHZ,1370402,ACL_SC03_TEMP_2025,0113,NaN,0,0,100,0,0,0,0,NaN,NaN,NaN,NaN,NaN,0,0,0,NaN,0,0,0,NaN,NaN,NaN,NaN,NaN,NaN,NaN,NaN,NaN,0,0,NaN,0,0,NaN,NaN,NaN,NaN,NaN,NaN,NaN,NaN,NaN,NaN,NaN,NaN,0,0,0,0,0,NaN,0,0,0,0
10/07/2025,04,5GNR,Central Texas,137,Austin,SCHZ,1370402,ACL_SC03_TEMP_2025,0120,NaN,0,0,100,0,0,0,0,NaN,NaN,NaN,NaN,NaN,0,0,0,NaN,0,0,0,NaN,NaN,NaN,NaN,NaN,NaN,NaN,NaN,NaN,0,0,NaN,0,0,NaN,NaN,NaN,NaN,NaN,NaN,NaN,NaN,NaN,NaN,NaN,NaN,0,0,0,0,0,NaN,0,0,0,0
10/07/2025,04,5GNR,Central Texas,137,Austin,SCHZ,1370402,ACL_SC03_TEMP_2025,0121,100,1,1,100,0,0,131.72,0.01,522.86,0,0,0,0.3,16.89,21.98,89.91,NaN,1.59,4.02,0,88.43,NaN,NaN,NaN,NaN,NaN,NaN,NaN,NaN,0,0,NaN,0,0,NaN,NaN,NaN,NaN,NaN,NaN,NaN,NaN,NaN,NaN,NaN,NaN,0,0,0,0,0,NaN,0,0,89.91,0
10/07/2025,04,5GNR,Central Texas,137,Austin,SCHZ,1370402,ACL_SC03_TEMP_2025,0122,NaN,0,0,100,0,0,0,0,NaN,0,24.1,29.38,NaN,0,0,0,NaN,0,0,0.59,NaN,NaN,NaN,NaN,NaN,NaN,NaN,NaN,NaN,0,0,NaN,0,0,NaN,NaN,NaN,NaN,NaN,NaN,NaN,NaN,NaN,NaN,NaN,NaN,0,0,0,0,0,NaN,0,0,0,0
10/07/2025,04,5GNR,Central Texas,137,Austin,SCHZ,1370402,ACL_SC03_TEMP_2025,0123,NaN,0,0,100,0,0,0,0,NaN,NaN,NaN,NaN,NaN,0,0,0,NaN,0,0,0,NaN,NaN,NaN,NaN,NaN,NaN,NaN,NaN,NaN,0,0,NaN,0,0,NaN,NaN,NaN,NaN,NaN,NaN,NaN,NaN,NaN,NaN,NaN,NaN,0,0,0,0,0,NaN,0,0,0,0
10/07/2025,04,5GNR,Central Texas,137,Austin,SCHZ,1370402,ACL_SC07_TEMP_2025,0114,NaN,0,0,100,0,0,0,0,NaN,NaN,NaN,NaN,NaN,0,0,0,NaN,0,0,0,NaN,NaN,NaN,NaN,NaN,NaN,NaN,NaN,NaN,0,0,NaN,0,0,NaN,NaN,NaN,NaN,NaN,NaN,NaN,NaN,NaN,NaN,NaN,NaN,0,0,0,0,0,NaN,0,0,0,0
10/07/2025,04,5GNR,Central Texas,137,Austin,SCHZ,1370402,ACL_SC07_TEMP_2025,0115,NaN,0,0,100,0,0,14.36,0,278.34,0,0,0,0.15,16.58,14.14,9.71,NaN,0.46,0.92,0,53.11,NaN,NaN,NaN,NaN,NaN,NaN,NaN,NaN,0,0,NaN,0,0,NaN,NaN,NaN,NaN,NaN,NaN,NaN,NaN,NaN,NaN,NaN,NaN,0,0,0,0,0,NaN,0,0,9.71,0
10/07/2025,04,5GNR,Central Texas,137,Austin,SCHZ,1370402,ACL_SC07_TEMP_2025,0124,NaN,0,0,100,0,0,0,0,NaN,NaN,NaN,NaN,NaN,0,0,0,NaN,0,0,0,NaN,NaN,NaN,NaN,NaN,NaN,NaN,NaN,NaN,0,0,NaN,0,0,NaN,NaN,NaN,NaN,NaN,NaN,NaN,NaN,NaN,NaN,NaN,NaN,0,0,0,0,0,NaN,0,0,0,0
10/07/2025,04,5GNR,Central Texas,137,Austin,SCHZ,1370402,ACL_SC07_TEMP_2025,0125,NaN,0,0,100,0,0,0,0,NaN,NaN,NaN,NaN,NaN,0,0,0,NaN,0,0,0,NaN,NaN,NaN,NaN,NaN,NaN,NaN,NaN,NaN,0,0,NaN,0,0,NaN,NaN,NaN,NaN,NaN,NaN,NaN,NaN,NaN,NaN,NaN,NaN,0,0,0,0,0,NaN,0,0,0,0
10/07/2025,04,5GNR,Central Texas,137,Austin,SCHZ,1370402,ACL_SC09_TEMP_2025,0116,0,0,9,100,9,9,45.03,0,258.32,0,0,0,0.61,16.69,13.48,24.89,0,0.31,0.91,0,16.06,NaN,NaN,NaN,NaN,NaN,NaN,NaN,NaN,0,0,NaN,0,0,NaN,NaN,NaN,NaN,NaN,NaN,NaN,NaN,NaN,NaN,NaN,NaN,0,0,0,0,0,NaN,0,0,24.89,0
10/07/2025,04,5GNR,Central Texas,137,Austin,SCHZ,1370402,ACL_SC09_TEMP_2025,0117,NaN,0,0,100,0,0,0.7,0,32.63,0,0,0,0.6,14.85,9.36,0.6,NaN,0,0.01,0,0,NaN,NaN,NaN,NaN,NaN,NaN,NaN,NaN,0,0,NaN,0,0,NaN,NaN,NaN,NaN,NaN,NaN,NaN,NaN,NaN,NaN,NaN,NaN,0,0,0,0,0,NaN,0,0,0.6,0
10/07/2025,04,5GNR,Central Texas,137,Austin,SCHZ,1370402,ACL_SC09_TEMP_2025,0126,0,0,8,100,7,7,57.81,0.01,211.56,0,0,0,0.79,16.37,17.27,36.16,0,1.53,3.36,0,19.1,NaN,NaN,NaN,NaN,NaN,NaN,NaN,NaN,0,0,NaN,0,0,NaN,NaN,NaN,NaN,NaN,NaN,NaN,NaN,NaN,NaN,NaN,NaN,0,0,0,0,0,NaN,0,0,36.16,0
10/07/2025,04,5GNR,Central Texas,137,Austin,SCHZ,1370402,ACL_SC09_TEMP_2025,0127,NaN,0,0,100,0,0,0,0,NaN,NaN,NaN,NaN,NaN,0,0,0,NaN,0,0,0,NaN,NaN,NaN,NaN,NaN,NaN,NaN,NaN,NaN,0,0,NaN,0,0,NaN,NaN,NaN,NaN,NaN,NaN,NaN,NaN,NaN,NaN,NaN,NaN,0,0,0,0,0,NaN,0,0,0,0
10/07/2025,04,5GNR,Central Texas,137,Austin,SCHZ,1370402,AUSDT_46_SC,0001,NaN,0,0,100,0,0,0,0,NaN,NaN,NaN,NaN,NaN,0,0,0,NaN,0,0,0,NaN,NaN,NaN,NaN,NaN,NaN,NaN,NaN,NaN,0,0,NaN,0,0,NaN,NaN,NaN,NaN,NaN,NaN,NaN,NaN,NaN,NaN,NaN,NaN,0,0,0,0,0,NaN,0,0,0,0
10/07/2025,04,5GNR,Central Texas,137,Austin,SCHZ,1370402,AUSDT_46_SC,0002,NaN,0,0,100,0,0,0.63,0,NaN,0,0,0,0,17.95,15.44,0,NaN,0,0.11,0,0,NaN,NaN,NaN,NaN,NaN,NaN,NaN,NaN,0,0,NaN,0,0,NaN,NaN,NaN,NaN,NaN,NaN,NaN,NaN,NaN,NaN,NaN,NaN,0,0,0,0,0,NaN,0,0,0.49,0
10/07/2025,04,5GNR,Central Texas,137,Austin,SCHZ,1370402,AUSDT_46_SC,0003,NaN,0,0,100,0,0,0,0,NaN,NaN,NaN,NaN,NaN,0,0,0,NaN,0,0,0,NaN,NaN,NaN,NaN,NaN,NaN,NaN,NaN,NaN,0,0,NaN,0,0,NaN,NaN,NaN,NaN,NaN,NaN,NaN,NaN,NaN,NaN,NaN,NaN,0,0,0,0,0,NaN,0,0,0,0
10/07/2025,04,5GNR,Central Texas,137,Austin,SCHZ,1370402,AUSDT_83_SC,0016,NaN,0,0,100,0,0,0,0,NaN,NaN,NaN,NaN,NaN,0,0,0,NaN,0,0,0,NaN,NaN,NaN,NaN,NaN,NaN,NaN,NaN,NaN,0,0,NaN,0,0,NaN,NaN,NaN,NaN,NaN,NaN,NaN,NaN,NaN,NaN,NaN,NaN,0,0,0,0,0,NaN,0,0,0,0
10/07/2025,04,5GNR,Central Texas,137,Austin,SCHZ,1370402,AUSDT_83_SC,0017,NaN,0,0,100,0,0,0,0,NaN,NaN,NaN,NaN,NaN,0,0,0,NaN,0,0,0,NaN,NaN,NaN,NaN,NaN,NaN,NaN,NaN,NaN,0,0,NaN,0,0,NaN,NaN,NaN,NaN,NaN,NaN,NaN,NaN,NaN,NaN,NaN,NaN,0,0,0,0,0,NaN,0,0,0,0
10/07/2025,04,5GNR,Central Texas,137,Austin,SCHZ,1370402,AUSDT_83_SC,0018,NaN,0,0,100,0,0,0,0,NaN,NaN,NaN,NaN,NaN,0,0,0,NaN,0,0,0,NaN,NaN,NaN,NaN,NaN,NaN,NaN,NaN,NaN,0,0,NaN,0,0,NaN,NaN,NaN,NaN,NaN,NaN,NaN,NaN,NaN,NaN,NaN,NaN,0,0,0,0,0,NaN,0,0,0,0
10/07/2025,04,5GNR,Central Texas,137,Austin,SCHZ,1370402,AUSDT_84_SC,0007,NaN,0,0,100,0,0,0,0,NaN,NaN,NaN,NaN,NaN,0,0,0,NaN,0,0,0,NaN,NaN,NaN,NaN,NaN,NaN,NaN,NaN,NaN,0,0,NaN,0,0,NaN,NaN,NaN,NaN,NaN,NaN,NaN,NaN,NaN,NaN,NaN,NaN,0,0,0,0,0,NaN,0,0,0,0
10/07/2025,04,5GNR,Central Texas,137,Austin,SCHZ,1370402,AUSDT_84_SC,0008,NaN,0,0,100,0,0,0,0,NaN,NaN,NaN,NaN,NaN,0,0,0,NaN,0,0,0,NaN,NaN,NaN,NaN,NaN,NaN,NaN,NaN,NaN,0,0,NaN,0,0,NaN,NaN,NaN,NaN,NaN,NaN,NaN,NaN,NaN,NaN,NaN,NaN,0,0,0,0,0,NaN,0,0,0,0
10/07/2025,04,5GNR,Central Texas,137,Austin,SCHZ,1370402,AUSDT_84_SC,0009,0,0,1,100,0,0,0,0,NaN,0,0,0,0,14,0.11,0,NaN,0,0,0,NaN,NaN,NaN,NaN,NaN,NaN,NaN,NaN,NaN,0,0,NaN,0,0,NaN,NaN,NaN,NaN,NaN,NaN,NaN,NaN,NaN,NaN,NaN,NaN,0,0,0,0,0,NaN,0,0,0,0
10/07/2025,04,5GNR,Central Texas,137,Austin,SCHZ,1370402,AUSDT_85_SC,0022,NaN,0,0,100,0,0,117.69,0.01,NaN,0,0,0,0.02,16.89,18.02,0,NaN,0,46.22,0.02,50.13,NaN,NaN,NaN,NaN,NaN,NaN,NaN,NaN,0,0,NaN,0,0,NaN,NaN,NaN,NaN,NaN,NaN,NaN,NaN,NaN,NaN,NaN,NaN,0,0,0,0,0,NaN,0,0,58.39,0
10/07/2025,04,5GNR,Central Texas,137,Austin,SCHZ,1370402,AUSDT_85_SC,0023,NaN,0,0,100,0,0,0.15,0,NaN,0,0,0,0.47,16.88,11.29,0,NaN,0,0.01,0,1.17,NaN,NaN,NaN,NaN,NaN,NaN,NaN,NaN,0,0,NaN,0,0,NaN,NaN,NaN,NaN,NaN,NaN,NaN,NaN,NaN,NaN,NaN,NaN,0,0,0,0,0,NaN,0,0,0.1,0
10/07/2025,04,5GNR,Central Texas,137,Austin,SCHZ,1370402,AUSDT_85_SC,0024,0,0,2,100,2,2,1.15,0,35.2,0,0,0,0,16.66,11.76,0.71,0,0.02,0.06,0,3.83,NaN,NaN,NaN,NaN,NaN,NaN,NaN,NaN,0,0,NaN,0,0,NaN,NaN,NaN,NaN,NaN,NaN,NaN,NaN,NaN,NaN,NaN,NaN,0,0,0,0,0,NaN,0,0,0.71,0
10/07/2025,04,5GNR,Central Texas,137,Austin,SCHZ,1370402,PRESSLER,0037,0,0,1,100,0,0,0.34,0,NaN,0,0,0,0,18.68,16.74,0,NaN,0,0.24,0,9.71,NaN,NaN,NaN,NaN,NaN,NaN,NaN,NaN,0,0,NaN,0,0,NaN,NaN,NaN,NaN,NaN,NaN,NaN,NaN,NaN,NaN,NaN,NaN,0,0,0,0,0,NaN,0,0,0.19,0
10/07/2025,04,5GNR,Central Texas,137,Austin,SCHZ,1370402,PRESSLER,0038,NaN,0,0,100,0,0,15.41,0.01,NaN,0,0,0,0.06,18.33,14.21,0,NaN,0,0.58,0,5.95,NaN,NaN,NaN,NaN,NaN,NaN,NaN,NaN,0,0,NaN,0,0,NaN,NaN,NaN,NaN,NaN,NaN,NaN,NaN,NaN,NaN,NaN,NaN,0,0,0,0,0,NaN,0,0,11.1,0
10/07/2025,04,5GNR,Central Texas,137,Austin,SCHZ,1370402,PRESSLER,0039,0,0,1,100,1,1,0.16,0,74.62,0,0,0,0,16,13.2,0.13,0,0,0.01,0,NaN,NaN,NaN,NaN,NaN,NaN,NaN,NaN,NaN,0,0,NaN,0,0,NaN,NaN,NaN,NaN,NaN,NaN,NaN,NaN,NaN,NaN,NaN,NaN,0,0,0,0,0,NaN,0,0,0.13,0
10/07/2025,04,5GNR,Central Texas,137,Austin,SCHZ,1370404,AUSDT_70_SC,0010,50,1,2,100,1,1,32.66,0.01,139.01,0,0,0,8.2,17.02,14.13,23.43,0,0.78,1.55,0,6.17,NaN,NaN,NaN,NaN,NaN,NaN,NaN,NaN,0,0,NaN,0,0,NaN,NaN,NaN,NaN,NaN,NaN,NaN,NaN,NaN,NaN,NaN,NaN,0,0,0,0,0,NaN,0,0,23.43,0
10/07/2025,04,5GNR,Central Texas,137,Austin,SCHZ,1370404,AUSDT_70_SC,0011,0,0,1,100,2,2,8.14,0,70.37,0,0,0,0.5,16.57,15.72,4.93,0,0.16,0.5,0,12.2,NaN,NaN,NaN,NaN,NaN,NaN,NaN,NaN,0,0,NaN,0,0,NaN,NaN,NaN,NaN,NaN,NaN,NaN,NaN,NaN,NaN,NaN,NaN,0,0,0,0,0,NaN,0,0,4.93,0
10/07/2025,04,5GNR,Central Texas,137,Austin,SCHZ,1370404,AUSDT_70_SC,0012,0,0,1,100,0,0,2,0,141.48,0,0,0,0,17.2,18.76,1.16,NaN,0.17,0.39,0,149.28,NaN,NaN,NaN,NaN,NaN,NaN,NaN,NaN,0,0,NaN,0,0,NaN,NaN,NaN,NaN,NaN,NaN,NaN,NaN,NaN,NaN,NaN,NaN,0,0,0,0,0,NaN,0,0,1.16,0
10/07/2025,04,5GNR,Central Texas,137,Austin,SCHZ,1370404,AUSDT_74_SC,0001,NaN,0,0,100,0,0,0,0,NaN,NaN,NaN,NaN,NaN,0,0,0,NaN,0,0,0,NaN,NaN,NaN,NaN,NaN,NaN,NaN,NaN,NaN,0,0,NaN,0,0,NaN,NaN,NaN,NaN,NaN,NaN,NaN,NaN,NaN,NaN,NaN,NaN,0,0,0,0,0,NaN,0,0,0,0
10/07/2025,04,5GNR,Central Texas,137,Austin,SCHZ,1370404,AUSDT_74_SC,0002,0,0,22,100,2,2,4.09,0,36.27,0,0,0,0.52,17.7,18.51,1.35,0,0.53,1.09,0,6.93,NaN,NaN,NaN,NaN,NaN,NaN,NaN,NaN,0,0,NaN,0,0,NaN,NaN,NaN,NaN,NaN,NaN,NaN,NaN,NaN,NaN,NaN,NaN,0,0,0,0,0,NaN,0,0,1.35,0
10/07/2025,04,5GNR,Central Texas,137,Austin,SCHZ,1370404,AUSDT_74_SC,0003,4.35,1,23,100,5,5,112.74,0.02,27.74,0,0,0,0.09,17.13,17.36,30.48,0,17.95,33.35,0.02,22.02,NaN,NaN,NaN,NaN,NaN,NaN,NaN,NaN,0,0,NaN,0,0,NaN,NaN,NaN,NaN,NaN,NaN,NaN,NaN,NaN,NaN,NaN,NaN,0,0,0,0,0,NaN,0,0,30.48,0
10/07/2025,04,5GNR,Central Texas,137,Austin,SCHZ,1370404,CONGRESS_BARTON_SC,0013,75,3,4,100,5,5,0,0,NaN,0,0,0,24,18.11,9.18,0,0,0,0,0,0,NaN,NaN,NaN,NaN,NaN,NaN,NaN,NaN,0,0,NaN,0,0,NaN,NaN,NaN,NaN,NaN,NaN,NaN,NaN,NaN,NaN,NaN,NaN,0,0,0,0,0,NaN,0,0,0,0
10/07/2025,04,5GNR,Central Texas,137,Austin,SCHZ,1370404,CONGRESS_BARTON_SC,0014,NaN,0,0,100,0,0,0,0,NaN,NaN,NaN,NaN,NaN,0,0,0,NaN,0,0,0,NaN,NaN,NaN,NaN,NaN,NaN,NaN,NaN,NaN,0,0,NaN,0,0,NaN,NaN,NaN,NaN,NaN,NaN,NaN,NaN,NaN,NaN,NaN,NaN,0,0,0,0,0,NaN,0,0,0,0
10/07/2025,04,5GNR,Central Texas,137,Austin,SCHZ,1370404,CONGRESS_BARTON_SC,0015,50,1,2,100,1,1,19.26,0.01,78.64,0,0,0,0.02,18.76,16.17,0.01,0,0,1.46,0,1.17,NaN,NaN,NaN,NaN,NaN,NaN,NaN,NaN,0,0,NaN,0,0,NaN,NaN,NaN,NaN,NaN,NaN,NaN,NaN,NaN,NaN,NaN,NaN,0,0,0,0,0,NaN,0,0,13.05,0
10/07/2025,04,5GNR,Central Texas,137,Austin,SCHZ,1370404,CUMMINGS_SC,0007,40,2,5,100,4,4,0.01,0,0,0,0,0,3.55,13.5,-1.06,0,0,0,0.01,0,0,NaN,NaN,NaN,NaN,NaN,NaN,NaN,NaN,0,0,NaN,0,0,NaN,NaN,NaN,NaN,NaN,NaN,NaN,NaN,NaN,NaN,NaN,NaN,0,0,0,0,0,NaN,0,0,0,0
10/07/2025,04,5GNR,Central Texas,137,Austin,SCHZ,1370404,CUMMINGS_SC,0008,NaN,0,0,100,0,0,0,0,NaN,0,0,0,NaN,0,0,0,NaN,0,0,0,NaN,NaN,NaN,NaN,NaN,NaN,NaN,NaN,NaN,0,0,NaN,0,0,NaN,NaN,NaN,NaN,NaN,NaN,NaN,NaN,NaN,NaN,NaN,NaN,0,0,0,0,0,NaN,0,0,0,0
10/07/2025,04,5GNR,Central Texas,137,Austin,SCHZ,1370404,CUMMINGS_SC,0009,NaN,0,0,100,0,0,0,0,NaN,NaN,NaN,NaN,NaN,0,0,0,NaN,0,0,0,NaN,NaN,NaN,NaN,NaN,NaN,NaN,NaN,NaN,0,0,NaN,0,0,NaN,NaN,NaN,NaN,NaN,NaN,NaN,NaN,NaN,NaN,NaN,NaN,0,0,0,0,0,NaN,0,0,0,0
10/07/2025,04,5GNR,Central Texas,137,Austin,SCHZ,1370404,E_RVRSDE_SC,0025,19.64,22,112,100,81,81,774.65,0.22,118.93,0.07,0.12,0.49,0.81,17.43,14.33,585.49,0,10.63,24.19,0.03,8.02,NaN,NaN,NaN,NaN,NaN,NaN,NaN,NaN,0,0,NaN,0,0,NaN,NaN,NaN,NaN,NaN,NaN,NaN,NaN,NaN,NaN,NaN,NaN,0,0,0,0,0,NaN,0,0,585.49,0
10/07/2025,04,5GNR,Central Texas,137,Austin,SCHZ,1370404,E_RVRSDE_SC,0026,0,0,6,100,2,2,0.99,0,22.79,0,0,0,0.91,15.39,14.28,1.05,0,0.56,0.74,0,3.62,NaN,NaN,NaN,NaN,NaN,NaN,NaN,NaN,0,0,NaN,0,0,NaN,NaN,NaN,NaN,NaN,NaN,NaN,NaN,NaN,NaN,NaN,NaN,0,0,0,0,0,NaN,0,0,1.05,0
10/07/2025,04,5GNR,Central Texas,137,Austin,SCHZ,1370404,E_RVRSDE_SC,0027,0,0,6,100,2,2,0.86,0,40.1,0,0,0,3.39,15.12,9.67,0.69,0,0.13,0.24,0,5.35,NaN,NaN,NaN,NaN,NaN,NaN,NaN,NaN,0,0,NaN,0,0,NaN,NaN,NaN,NaN,NaN,NaN,NaN,NaN,NaN,NaN,NaN,NaN,0,0,0,0,0,NaN,0,0,0.69,0
10/07/2025,04,5GNR,Central Texas,137,Austin,SCHZ,1370405,AUSDT_19_SC,0016,0,0,25,100,18,18,124.09,0.03,101.29,0.02,0.03,0.12,0.68,16.84,14.76,59.62,0,0.84,4.95,0,3.53,NaN,NaN,NaN,NaN,NaN,NaN,NaN,NaN,0,0,NaN,0,0,NaN,NaN,NaN,NaN,NaN,NaN,NaN,NaN,NaN,NaN,NaN,NaN,0,0,0,0,0,NaN,0,0,78.64,0
10/07/2025,04,5GNR,Central Texas,137,Austin,SCHZ,1370405,AUSDT_19_SC,0017,14.29,2,14,100,3,3,0.43,0,5.44,0,0,0,24.48,13.91,-0.32,0.32,0,0.01,0.01,0,0,NaN,NaN,NaN,NaN,NaN,NaN,NaN,NaN,0,0,NaN,0,0,NaN,NaN,NaN,NaN,NaN,NaN,NaN,NaN,NaN,NaN,NaN,NaN,0,0,0,0,0,NaN,0,0,0.33,0
10/07/2025,04,5GNR,Central Texas,137,Austin,SCHZ,1370405,AUSDT_19_SC,0018,0,0,23,100,21,21,184.84,0.04,136.88,0,0.01,0.05,2.92,16.48,14.36,126.28,0,2.12,6.88,0.01,4.49,NaN,NaN,NaN,NaN,NaN,NaN,NaN,NaN,0,0,NaN,0,0,1350.81,510.42,510.42,1846.15,0,NaN,0,NaN,NaN,0,NaN,194.35,0.05,0.04,0,0,0,NaN,0,0,127.03,0
10/07/2025,04,5GNR,Central Texas,137,Austin,SCHZ,1370405,AUSDT_23_SC,0031,0,0,4,100,0,0,0.92,0,51.71,0.37,0.36,0.33,0.11,17.18,17.42,0.57,NaN,0.26,0.45,0,17.48,NaN,NaN,NaN,NaN,NaN,NaN,NaN,NaN,0,0,NaN,0,0,NaN,NaN,NaN,NaN,NaN,NaN,NaN,NaN,NaN,NaN,NaN,NaN,0,0,0,0,0,NaN,0,0,0.57,0
10/07/2025,04,5GNR,Central Texas,137,Austin,SCHZ,1370405,AUSDT_23_SC,0032,0,0,14,100,5,5,30.51,0,147.77,0,0,0,1.42,16.93,15.96,16.75,0,4.77,8.45,0,60.62,NaN,NaN,NaN,NaN,NaN,NaN,NaN,NaN,0,0,NaN,0,0,NaN,NaN,NaN,NaN,NaN,NaN,NaN,NaN,NaN,NaN,NaN,NaN,0,0,0,0,0,NaN,0,0,16.75,0
10/07/2025,04,5GNR,Central Texas,137,Austin,SCHZ,1370405,AUSDT_23_SC,0033,0,0,14,100,4,4,32.15,0.01,85.96,0,0,0,2.28,16.73,16.35,18.61,0,3.61,6.83,0,42.88,NaN,NaN,NaN,NaN,NaN,NaN,NaN,NaN,0,0,NaN,0,0,NaN,NaN,NaN,NaN,NaN,NaN,NaN,NaN,NaN,NaN,NaN,NaN,0,0,0,0,0,NaN,0,0,18.61,0
10/07/2025,04,5GNR,Central Texas,137,Austin,SCHZ,1370405,AUSDT_28_SC,0028,0,0,1,100,1,1,32.63,0.01,536.91,0,0,0,0,16.66,12.99,24.83,0,0.3,0.44,0,9.06,NaN,NaN,NaN,NaN,NaN,NaN,NaN,NaN,0,0,NaN,0,0,NaN,NaN,NaN,NaN,NaN,NaN,NaN,NaN,NaN,NaN,NaN,NaN,0,0,0,0,0,NaN,0,0,24.83,0
10/07/2025,04,5GNR,Central Texas,137,Austin,SCHZ,1370405,AUSDT_28_SC,0029,0,0,6,100,3,3,21.27,0.01,72.4,0.05,0.09,0.29,3.4,16.07,8.95,14.94,0,0.12,0.94,0,0.95,NaN,NaN,NaN,NaN,NaN,NaN,NaN,NaN,0,0,NaN,0,0,NaN,NaN,NaN,NaN,NaN,NaN,NaN,NaN,NaN,NaN,NaN,NaN,0,0,0,0,0,NaN,0,0,14.94,0
10/07/2025,04,5GNR,Central Texas,137,Austin,SCHZ,1370405,AUSDT_28_SC,0030,0,0,7,100,7,7,149.44,0.04,107.76,0,0,0,0.29,15.26,12.47,85.93,0,0.35,3.93,0,6.32,NaN,NaN,NaN,NaN,NaN,NaN,NaN,NaN,0,0,NaN,0,0,NaN,NaN,NaN,NaN,NaN,NaN,NaN,NaN,NaN,NaN,NaN,NaN,0,0,0,0,0,NaN,0,0,109.83,0
10/07/2025,04,5GNR,Central Texas,137,Austin,SCHZ,1370405,AUSDT_88_SC,0013,NaN,0,0,100,0,0,0,0,NaN,NaN,NaN,NaN,NaN,0,0,0,NaN,0,0,0,NaN,NaN,NaN,NaN,NaN,NaN,NaN,NaN,NaN,0,0,NaN,0,0,NaN,NaN,NaN,NaN,NaN,NaN,NaN,NaN,NaN,NaN,NaN,NaN,0,0,0,0,0,NaN,0,0,0,0
10/07/2025,04,5GNR,Central Texas,137,Austin,SCHZ,1370405,AUSDT_88_SC,0014,NaN,0,0,100,0,0,4.36,0,NaN,0,0,0,0.4,17.81,19.5,0,NaN,0,0.41,0,3.25,NaN,NaN,NaN,NaN,NaN,NaN,NaN,NaN,0,0,NaN,0,0,NaN,NaN,NaN,NaN,NaN,NaN,NaN,NaN,NaN,NaN,NaN,NaN,0,0,0,0,0,NaN,0,0,2.87,0
10/07/2025,04,5GNR,Central Texas,137,Austin,SCHZ,1370405,AUSDT_88_SC,0015,NaN,0,0,100,0,0,0,0,NaN,NaN,NaN,NaN,NaN,0,0,0,NaN,0,0,0,NaN,NaN,NaN,NaN,NaN,NaN,NaN,NaN,NaN,0,0,NaN,0,0,NaN,NaN,NaN,NaN,NaN,NaN,NaN,NaN,NaN,NaN,NaN,NaN,0,0,0,0,0,NaN,0,0,0,0
10/07/2025,04,5GNR,Central Texas,137,Austin,SCHZ,1370405,COMAL_6TH_SC,0037,NaN,0,0,100,0,0,0,0,NaN,NaN,NaN,NaN,NaN,0,0,0,NaN,0,0,0,NaN,NaN,NaN,NaN,NaN,NaN,NaN,NaN,NaN,0,0,NaN,0,0,NaN,NaN,NaN,NaN,NaN,NaN,NaN,NaN,NaN,NaN,NaN,NaN,0,0,0,0,0,NaN,0,0,0,0
10/07/2025,04,5GNR,Central Texas,137,Austin,SCHZ,1370405,COMAL_6TH_SC,0038,NaN,0,0,100,0,0,0,0,NaN,NaN,NaN,NaN,NaN,0,0,0,NaN,0,0,0,NaN,NaN,NaN,NaN,NaN,NaN,NaN,NaN,NaN,0,0,NaN,0,0,NaN,NaN,NaN,NaN,NaN,NaN,NaN,NaN,NaN,NaN,NaN,NaN,0,0,0,0,0,NaN,0,0,0,0
10/07/2025,04,5GNR,Central Texas,137,Austin,SCHZ,1370405,COMAL_6TH_SC,0039,NaN,0,0,100,0,0,0,0,NaN,NaN,NaN,NaN,NaN,0,0,0,NaN,0,0,0,NaN,NaN,NaN,NaN,NaN,NaN,NaN,NaN,NaN,0,0,NaN,0,0,NaN,NaN,NaN,NaN,NaN,NaN,NaN,NaN,NaN,NaN,NaN,NaN,0,0,0,0,0,NaN,0,0,0,0
10/07/2025,04,5GNR,Central Texas,137,Austin,SCHZ,1370405,STUBBS,0025,0,0,1,100,1,1,0,0,NaN,0,0,0,100,0,0,0,0,0,0,0,NaN,NaN,NaN,NaN,NaN,NaN,NaN,NaN,NaN,0,0,NaN,0,0,NaN,NaN,NaN,NaN,NaN,NaN,NaN,NaN,NaN,NaN,NaN,NaN,0,0,0,0,0,NaN,0,0,0,0
10/07/2025,04,5GNR,Central Texas,137,Austin,SCHZ,1370405,STUBBS,0026,16.84,16,95,100,75,75,872.35,0.2,103.68,0.04,0.07,0.2,1.86,15.86,12.8,420.12,0,7.08,37.61,0.03,3.52,NaN,NaN,NaN,NaN,NaN,NaN,NaN,NaN,0,0,NaN,0,0,2875,625,625,0,NaN,NaN,0,NaN,NaN,NaN,NaN,0,0,0,0,0,0,NaN,0,0,456.07,0
10/07/2025,04,5GNR,Central Texas,137,Austin,SCHZ,1370405,STUBBS,0027,0,0,1,100,1,1,0.01,0,NaN,0,0,0,0,14.93,5.19,0,0,0,0.01,0,1.68,NaN,NaN,NaN,NaN,NaN,NaN,NaN,NaN,0,0,NaN,0,0,NaN,NaN,NaN,NaN,NaN,NaN,NaN,NaN,NaN,NaN,NaN,NaN,0,0,0,0,0,NaN,0,0,0,0
10/07/2025,04,5GNR,Central Texas,137,Austin,SCHZ,1370406,AUSDT_152_SC,0007,NaN,0,0,100,0,0,0,0,NaN,0,0,0,10,10.36,3.3,0,NaN,0,0,0,NaN,NaN,NaN,NaN,NaN,NaN,NaN,NaN,NaN,0,0,NaN,0,0,NaN,NaN,NaN,NaN,NaN,NaN,NaN,NaN,NaN,NaN,NaN,NaN,0,0,0,0,0,NaN,0,0,0,0
10/07/2025,04,5GNR,Central Texas,137,Austin,SCHZ,1370406,AUSDT_152_SC,0008,NaN,0,0,100,0,0,0.01,0,NaN,0,0,0,0.89,15.66,7.83,0,NaN,0,0.01,0,NaN,NaN,NaN,NaN,NaN,NaN,NaN,NaN,NaN,0,0,NaN,0,0,NaN,NaN,NaN,NaN,NaN,NaN,NaN,NaN,NaN,NaN,NaN,NaN,0,0,0,0,0,NaN,0,0,0,0
10/07/2025,04,5GNR,Central Texas,137,Austin,SCHZ,1370406,AUSDT_152_SC,0009,0,0,2,100,2,2,0.16,0,13.21,0,0,0,1.61,15.6,8.99,0.14,0,0.01,0.01,0,5.7,NaN,NaN,NaN,NaN,NaN,NaN,NaN,NaN,0,0,NaN,0,0,NaN,NaN,NaN,NaN,NaN,NaN,NaN,NaN,NaN,NaN,NaN,NaN,0,0,0,0,0,NaN,0,0,0.14,0
10/07/2025,04,5GNR,Central Texas,137,Austin,SCHZ,1370406,AUSDT_60_SC,0001,0,0,4,100,9,9,82.06,0.01,258.11,0,0,0,0,18.44,22.56,50.67,0,3.7,17.41,0.01,121.91,NaN,NaN,NaN,NaN,NaN,NaN,NaN,NaN,0,0,NaN,0,0,NaN,NaN,NaN,NaN,NaN,NaN,NaN,NaN,NaN,NaN,NaN,NaN,0,0,0,0,0,NaN,0,0,50.68,0
10/07/2025,04,5GNR,Central Texas,137,Austin,SCHZ,1370406,AUSDT_60_SC,0002,0,0,1,100,1,1,0.67,0,22.65,0,0,0,0.08,17.64,11.99,0.13,0,0.03,0.37,0,0.71,NaN,NaN,NaN,NaN,NaN,NaN,NaN,NaN,0,0,NaN,0,0,NaN,NaN,NaN,NaN,NaN,NaN,NaN,NaN,NaN,NaN,NaN,NaN,0,0,0,0,0,NaN,0,0,0.34,0
10/07/2025,04,5GNR,Central Texas,137,Austin,SCHZ,1370406,AUSDT_60_SC,0003,NaN,0,0,100,0,0,0,0,NaN,NaN,NaN,NaN,NaN,0,0,0,NaN,0,0,0,NaN,NaN,NaN,NaN,NaN,NaN,NaN,NaN,NaN,0,0,NaN,0,0,NaN,NaN,NaN,NaN,NaN,NaN,NaN,NaN,NaN,NaN,NaN,NaN,0,0,0,0,0,NaN,0,0,0,0
10/07/2025,04,5GNR,Central Texas,137,Austin,SCHZ,1370406,AUSDT_95_SC,0046,NaN,0,0,100,0,0,0,0,NaN,NaN,NaN,NaN,NaN,0,0,0,NaN,0,0,0,NaN,NaN,NaN,NaN,NaN,NaN,NaN,NaN,NaN,0,0,NaN,0,0,NaN,NaN,NaN,NaN,NaN,NaN,NaN,NaN,NaN,NaN,NaN,NaN,0,0,0,0,0,NaN,0,0,0,0
10/07/2025,04,5GNR,Central Texas,137,Austin,SCHZ,1370406,AUSDT_95_SC,0047,NaN,0,0,100,0,0,0,0,NaN,NaN,NaN,NaN,NaN,0,0,0,NaN,0,0,0,NaN,NaN,NaN,NaN,NaN,NaN,NaN,NaN,NaN,0,0,NaN,0,0,NaN,NaN,NaN,NaN,NaN,NaN,NaN,NaN,NaN,NaN,NaN,NaN,0,0,0,0,0,NaN,0,0,0,0
10/07/2025,04,5GNR,Central Texas,137,Austin,SCHZ,1370406,AUSDT_95_SC,0048,NaN,0,0,100,0,0,0,0,NaN,NaN,NaN,NaN,NaN,0,0,0,NaN,0,0,0,NaN,NaN,NaN,NaN,NaN,NaN,NaN,NaN,NaN,0,0,NaN,0,0,NaN,NaN,NaN,NaN,NaN,NaN,NaN,NaN,NaN,NaN,NaN,NaN,0,0,0,0,0,NaN,0,0,0,0
10/07/2025,04,5GNR,Central Texas,137,Austin,SCHZ,1370407,TX_AUS_CAMERON_003,0010,NaN,0,0,100,0,0,0,0,NaN,NaN,NaN,NaN,NaN,0,0,0,NaN,0,0,0,NaN,NaN,NaN,NaN,NaN,NaN,NaN,NaN,NaN,0,0,NaN,0,0,NaN,NaN,NaN,NaN,NaN,NaN,NaN,NaN,NaN,NaN,NaN,NaN,0,0,0,0,0,NaN,0,0,0,0
10/07/2025,04,5GNR,Central Texas,137,Austin,SCHZ,1370407,TX_AUS_CAMERON_003,0011,NaN,0,0,100,0,0,0,0,NaN,NaN,NaN,NaN,NaN,0,0,0,NaN,0,0,0,NaN,NaN,NaN,NaN,NaN,NaN,NaN,NaN,NaN,0,0,NaN,0,0,NaN,NaN,NaN,NaN,NaN,NaN,NaN,NaN,NaN,NaN,NaN,NaN,0,0,0,0,0,NaN,0,0,0,0
10/07/2025,04,5GNR,Central Texas,137,Austin,SCHZ,1370407,TX_AUS_CAMERON_003,0012,NaN,0,0,100,0,0,0,0,NaN,NaN,NaN,NaN,NaN,0,0,0,NaN,0,0,0,NaN,NaN,NaN,NaN,NaN,NaN,NaN,NaN,NaN,0,0,NaN,0,0,NaN,NaN,NaN,NaN,NaN,NaN,NaN,NaN,NaN,NaN,NaN,NaN,0,0,0,0,0,NaN,0,0,0,0
10/07/2025,04,5GNR,Central Texas,137,Austin,SCHZ,1370407,TX_AUS_CAMERON_005,0052,NaN,0,0,100,0,0,0,0,NaN,NaN,NaN,NaN,NaN,0,0,0,NaN,0,0,0,NaN,NaN,NaN,NaN,NaN,NaN,NaN,NaN,NaN,0,0,NaN,0,0,NaN,NaN,NaN,NaN,NaN,NaN,NaN,NaN,NaN,NaN,NaN,NaN,0,0,0,0,0,NaN,0,0,0,0
10/07/2025,04,5GNR,Central Texas,137,Austin,SCHZ,1370407,TX_AUS_CAMERON_005,0053,0,0,1,100,1,1,0,0,NaN,0,0,0,0,14.31,7.66,0,0,0,0,0,NaN,NaN,NaN,NaN,NaN,NaN,NaN,NaN,NaN,0,0,NaN,0,0,NaN,NaN,NaN,NaN,NaN,NaN,NaN,NaN,NaN,NaN,NaN,NaN,0,0,0,0,0,NaN,0,0,0,0
10/07/2025,04,5GNR,Central Texas,137,Austin,SCHZ,1370407,TX_AUS_CAMERON_005,0054,NaN,0,0,100,0,0,0,0,NaN,NaN,NaN,NaN,NaN,0,0,0,NaN,0,0,0,NaN,NaN,NaN,NaN,NaN,NaN,NaN,NaN,NaN,0,0,NaN,0,0,NaN,NaN,NaN,NaN,NaN,NaN,NaN,NaN,NaN,NaN,NaN,NaN,0,0,0,0,0,NaN,0,0,0,0
10/07/2025,04,5GNR,Central Texas,137,Austin,SCHZ,1370407,TX_AUS_CAMERON_006,0055,NaN,0,0,100,0,0,0,0,NaN,NaN,NaN,NaN,NaN,0,0,0,NaN,0,0,0,NaN,NaN,NaN,NaN,NaN,NaN,NaN,NaN,NaN,0,0,NaN,0,0,NaN,NaN,NaN,NaN,NaN,NaN,NaN,NaN,NaN,NaN,NaN,NaN,0,0,0,0,0,NaN,0,0,0,0
10/07/2025,04,5GNR,Central Texas,137,Austin,SCHZ,1370407,TX_AUS_CAMERON_006,0056,NaN,0,0,100,0,0,0,0,NaN,NaN,NaN,NaN,NaN,0,0,0,NaN,0,0,0,NaN,NaN,NaN,NaN,NaN,NaN,NaN,NaN,NaN,0,0,NaN,0,0,NaN,NaN,NaN,NaN,NaN,NaN,NaN,NaN,NaN,NaN,NaN,NaN,0,0,0,0,0,NaN,0,0,0,0
10/07/2025,04,5GNR,Central Texas,137,Austin,SCHZ,1370407,TX_AUS_CAMERON_006,0057,NaN,0,0,100,0,0,0,0,NaN,NaN,NaN,NaN,NaN,0,0,0,NaN,0,0,0,NaN,NaN,NaN,NaN,NaN,NaN,NaN,NaN,NaN,0,0,NaN,0,0,NaN,NaN,NaN,NaN,NaN,NaN,NaN,NaN,NaN,NaN,NaN,NaN,0,0,0,0,0,NaN,0,0,0,0
10/07/2025,04,5GNR,Central Texas,137,Austin,SCHZ,1370407,TX_AUS_CAMERON_010,0013,NaN,0,0,100,0,0,0,0,NaN,NaN,NaN,NaN,NaN,0,0,0,NaN,0,0,0,NaN,NaN,NaN,NaN,NaN,NaN,NaN,NaN,NaN,0,0,NaN,0,0,NaN,NaN,NaN,NaN,NaN,NaN,NaN,NaN,NaN,NaN,NaN,NaN,0,0,0,0,0,NaN,0,0,0,0
10/07/2025,04,5GNR,Central Texas,137,Austin,SCHZ,1370407,TX_AUS_CAMERON_010,0014,NaN,0,0,100,0,0,0,0,NaN,NaN,NaN,NaN,NaN,0,0,0,NaN,0,0,0,NaN,NaN,NaN,NaN,NaN,NaN,NaN,NaN,NaN,0,0,NaN,0,0,NaN,NaN,NaN,NaN,NaN,NaN,NaN,NaN,NaN,NaN,NaN,NaN,0,0,0,0,0,NaN,0,0,0,0
10/07/2025,04,5GNR,Central Texas,137,Austin,SCHZ,1370407,TX_AUS_CAMERON_010,0015,NaN,0,0,100,0,0,0,0,NaN,NaN,NaN,NaN,NaN,0,0,0,NaN,0,0,0,NaN,NaN,NaN,NaN,NaN,NaN,NaN,NaN,NaN,0,0,NaN,0,0,NaN,NaN,NaN,NaN,NaN,NaN,NaN,NaN,NaN,NaN,NaN,NaN,0,0,0,0,0,NaN,0,0,0,0
10/07/2025,04,5GNR,Central Texas,137,Austin,SCHZ,1370407,TX_AUS_STJOHN_006,0022,0,0,2,100,1,1,1.62,0,31.05,0,0,0,0,15.92,12.38,0.7,0,0.11,0.23,0,2.35,NaN,NaN,NaN,NaN,NaN,NaN,NaN,NaN,0,0,NaN,0,0,NaN,NaN,NaN,NaN,NaN,NaN,NaN,NaN,NaN,NaN,NaN,NaN,0,0,0,0,0,NaN,0,0,0.7,0
10/07/2025,04,5GNR,Central Texas,137,Austin,SCHZ,1370407,TX_AUS_STJOHN_006,0023,16.67,1,6,100,3,3,1.88,0,20.73,0,0,0,28.04,15.99,16.81,1.08,0,0.13,0.38,0,5.53,NaN,NaN,NaN,NaN,NaN,NaN,NaN,NaN,0,0,NaN,0,0,NaN,NaN,NaN,NaN,NaN,NaN,NaN,NaN,NaN,NaN,NaN,NaN,0,0,0,0,0,NaN,0,0,1.08,0
10/07/2025,04,5GNR,Central Texas,137,Austin,SCHZ,1370407,TX_AUS_STJOHN_006,0024,0,0,1,100,1,1,0,0,NaN,0,0,0,NaN,0,0,0,0,0,0,0,NaN,NaN,NaN,NaN,NaN,NaN,NaN,NaN,NaN,0,0,NaN,0,0,NaN,NaN,NaN,NaN,NaN,NaN,NaN,NaN,NaN,NaN,NaN,NaN,0,0,0,0,0,NaN,0,0,0,0
10/07/2025,04,5GNR,Central Texas,137,Austin,SCHZ,1370407,TX_AUS_UHILLSPARK_002,0019,0,0,4,100,3,3,1106.04,0.1,275.57,0,0,0,0,17.68,17.54,755.9,0,20.82,56.98,0.02,55.94,NaN,NaN,NaN,NaN,NaN,NaN,NaN,NaN,0,0,NaN,0,0,NaN,NaN,NaN,NaN,NaN,NaN,NaN,NaN,NaN,NaN,NaN,NaN,0,0,0,0,0,NaN,0,0,755.9,0
10/07/2025,04,5GNR,Central Texas,137,Austin,SCHZ,1370407,TX_AUS_UHILLSPARK_002,0020,53.33,8,15,100,14,14,0.1,0,16.38,0,0,0,58.82,14.64,6.41,0.06,0,0.02,0.03,0,2.56,NaN,NaN,NaN,NaN,NaN,NaN,NaN,NaN,0,0,NaN,0,0,NaN,NaN,NaN,NaN,NaN,NaN,NaN,NaN,NaN,NaN,NaN,NaN,0,0,0,0,0,NaN,0,0,0.06,0
10/07/2025,04,5GNR,Central Texas,137,Austin,SCHZ,1370407,TX_AUS_UHILLSPARK_002,0021,NaN,0,0,100,4,4,210.43,0.04,87.81,0,0,0,0.18,16.57,19.61,101.25,0,391.51,684.63,0.19,64.88,NaN,NaN,NaN,NaN,NaN,NaN,NaN,NaN,0,0,NaN,0,0,NaN,NaN,NaN,NaN,NaN,NaN,NaN,NaN,NaN,NaN,NaN,NaN,0,0,0,0,0,NaN,0,0,101.25,0
10/07/2025,04,5GNR,Central Texas,137,Austin,SCHZ,1370407,TX_AUS_UHILLSPARK_004,0043,0,0,2,100,2,2,0.26,0,28.15,0,0,0,0,16.15,11.78,0.19,0,0.06,0.1,0,7.4,NaN,NaN,NaN,NaN,NaN,NaN,NaN,NaN,0,0,NaN,0,0,NaN,NaN,NaN,NaN,NaN,NaN,NaN,NaN,NaN,NaN,NaN,NaN,0,0,0,0,0,NaN,0,0,0.19,0
10/07/2025,04,5GNR,Central Texas,137,Austin,SCHZ,1370407,TX_AUS_UHILLSPARK_004,0044,NaN,0,0,100,0,0,0.03,0,NaN,0,0,0,0.82,14.63,9.05,0,NaN,0,0.05,0,4,NaN,NaN,NaN,NaN,NaN,NaN,NaN,NaN,0,0,NaN,0,0,NaN,NaN,NaN,NaN,NaN,NaN,NaN,NaN,NaN,NaN,NaN,NaN,0,0,0,0,0,NaN,0,0,0.02,0
10/07/2025,04,5GNR,Central Texas,137,Austin,SCHZ,1370407,TX_AUS_UHILLSPARK_004,0045,NaN,0,0,100,4,4,3133.68,0.35,237.36,0,0,0,0.08,17.14,15.61,2066.05,0,23.27,74.17,0.03,45,NaN,NaN,NaN,NaN,NaN,NaN,NaN,NaN,0,0,NaN,0,0,NaN,NaN,NaN,NaN,NaN,NaN,NaN,NaN,NaN,NaN,NaN,NaN,0,0,0,0,0,NaN,0,0,2066.05,0
10/07/2025,04,5GNR,Central Texas,137,Austin,SCHZ,1370407,TX_AUS_UHILLSPARK_005,0004,NaN,0,0,100,0,0,0,0,NaN,NaN,NaN,NaN,NaN,0,0,0,NaN,0,0,0,NaN,NaN,NaN,NaN,NaN,NaN,NaN,NaN,NaN,0,0,NaN,0,0,NaN,NaN,NaN,NaN,NaN,NaN,NaN,NaN,NaN,NaN,NaN,NaN,0,0,0,0,0,NaN,0,0,0,0
10/07/2025,04,5GNR,Central Texas,137,Austin,SCHZ,1370407,TX_AUS_UHILLSPARK_005,0005,NaN,0,0,100,0,0,0,0,NaN,NaN,NaN,NaN,NaN,0,0,0,NaN,0,0,0,NaN,NaN,NaN,NaN,NaN,NaN,NaN,NaN,NaN,0,0,NaN,0,0,NaN,NaN,NaN,NaN,NaN,NaN,NaN,NaN,NaN,NaN,NaN,NaN,0,0,0,0,0,NaN,0,0,0,0
10/07/2025,04,5GNR,Central Texas,137,Austin,SCHZ,1370407,TX_AUS_UHILLSPARK_005,0006,NaN,0,0,100,0,0,0,0,NaN,NaN,NaN,NaN,NaN,0,0,0,NaN,0,0,0,NaN,NaN,NaN,NaN,NaN,NaN,NaN,NaN,NaN,0,0,NaN,0,0,NaN,NaN,NaN,NaN,NaN,NaN,NaN,NaN,NaN,NaN,NaN,NaN,0,0,0,0,0,NaN,0,0,0,0
10/07/2025,04,5GNR,Central Texas,137,Austin,SCHZ,1370407,TX_AUS_UHILLSPARK_007,0073,NaN,0,0,100,0,0,0,0,NaN,NaN,NaN,NaN,NaN,0,0,0,NaN,0,0,0,NaN,NaN,NaN,NaN,NaN,NaN,NaN,NaN,NaN,0,0,NaN,0,0,NaN,NaN,NaN,NaN,NaN,NaN,NaN,NaN,NaN,NaN,NaN,NaN,0,0,0,0,0,NaN,0,0,0,0
10/07/2025,04,5GNR,Central Texas,137,Austin,SCHZ,1370407,TX_AUS_UHILLSPARK_007,0074,NaN,0,0,100,0,0,0,0,NaN,NaN,NaN,NaN,NaN,0,0,0,NaN,0,0,0,NaN,NaN,NaN,NaN,NaN,NaN,NaN,NaN,NaN,0,0,NaN,0,0,NaN,NaN,NaN,NaN,NaN,NaN,NaN,NaN,NaN,NaN,NaN,NaN,0,0,0,0,0,NaN,0,0,0,0
10/07/2025,04,5GNR,Central Texas,137,Austin,SCHZ,1370407,TX_AUS_UHILLSPARK_007,0075,NaN,0,0,100,0,0,0,0,NaN,NaN,NaN,NaN,NaN,0,0,0,NaN,0,0,0,NaN,NaN,NaN,NaN,NaN,NaN,NaN,NaN,NaN,0,0,NaN,0,0,NaN,NaN,NaN,NaN,NaN,NaN,NaN,NaN,NaN,NaN,NaN,NaN,0,0,0,0,0,NaN,0,0,0,0
10/07/2025,04,5GNR,Central Texas,137,Austin,SCHZ,1370407,TX_AUS_UHILLSPARK_008,0001,NaN,0,0,100,0,0,0,0,NaN,NaN,NaN,NaN,NaN,0,0,0,NaN,0,0,0,NaN,NaN,NaN,NaN,NaN,NaN,NaN,NaN,NaN,0,0,NaN,0,0,NaN,NaN,NaN,NaN,NaN,NaN,NaN,NaN,NaN,NaN,NaN,NaN,0,0,0,0,0,NaN,0,0,0,0
10/07/2025,04,5GNR,Central Texas,137,Austin,SCHZ,1370407,TX_AUS_UHILLSPARK_008,0002,NaN,0,0,100,0,0,0,0,NaN,NaN,NaN,NaN,NaN,0,0,0,NaN,0,0,0,NaN,NaN,NaN,NaN,NaN,NaN,NaN,NaN,NaN,0,0,NaN,0,0,NaN,NaN,NaN,NaN,NaN,NaN,NaN,NaN,NaN,NaN,NaN,NaN,0,0,0,0,0,NaN,0,0,0,0
10/07/2025,04,5GNR,Central Texas,137,Austin,SCHZ,1370407,TX_AUS_UHILLSPARK_008,0003,NaN,0,0,100,0,0,0,0,NaN,NaN,NaN,NaN,NaN,0,0,0,NaN,0,0,0,NaN,NaN,NaN,NaN,NaN,NaN,NaN,NaN,NaN,0,0,NaN,0,0,NaN,NaN,NaN,NaN,NaN,NaN,NaN,NaN,NaN,NaN,NaN,NaN,0,0,0,0,0,NaN,0,0,0,0
10/07/2025,04,5GNR,Central Texas,137,Austin,SCHZ,1370407,TX_AUS_UHILLSPARK_015,0076,NaN,0,0,100,0,0,0,0,NaN,NaN,NaN,NaN,NaN,0,0,0,NaN,0,0,0,NaN,NaN,NaN,NaN,NaN,NaN,NaN,NaN,NaN,0,0,NaN,0,0,NaN,NaN,NaN,NaN,NaN,NaN,NaN,NaN,NaN,NaN,NaN,NaN,0,0,0,0,0,NaN,0,0,0,0
10/07/2025,04,5GNR,Central Texas,137,Austin,SCHZ,1370407,TX_AUS_UHILLSPARK_015,0077,100,2,2,100,4,4,1.85,0,16.97,0,0,0,3.07,14.83,4.88,1.18,0,0.08,0.11,0,0.78,NaN,NaN,NaN,NaN,NaN,NaN,NaN,NaN,0,0,NaN,0,0,NaN,NaN,NaN,NaN,NaN,NaN,NaN,NaN,NaN,NaN,NaN,NaN,0,0,0,0,0,NaN,0,0,1.18,0
10/07/2025,04,5GNR,Central Texas,137,Austin,SCHZ,1370407,TX_AUS_UHILLSPARK_015,0078,NaN,0,0,100,0,0,0,0,NaN,NaN,NaN,NaN,NaN,0,0,0,NaN,0,0,0,NaN,NaN,NaN,NaN,NaN,NaN,NaN,NaN,NaN,0,0,NaN,0,0,NaN,NaN,NaN,NaN,NaN,NaN,NaN,NaN,NaN,NaN,NaN,NaN,0,0,0,0,0,NaN,0,0,0,0
10/07/2025,04,5GNR,Central Texas,137,Austin,SCHZ,1370408,KRAMER,0079,NaN,0,0,100,0,0,0,0,NaN,NaN,NaN,NaN,NaN,0,0,0,NaN,0,0,0,NaN,NaN,NaN,NaN,NaN,NaN,NaN,NaN,NaN,0,0,NaN,0,0,NaN,NaN,NaN,NaN,NaN,NaN,NaN,NaN,NaN,NaN,NaN,NaN,0,0,0,0,0,NaN,0,0,0,0
10/07/2025,04,5GNR,Central Texas,137,Austin,SCHZ,1370408,KRAMER,0080,NaN,0,0,100,0,0,0,0,NaN,NaN,NaN,NaN,NaN,0,0,0,NaN,0,0,0,NaN,NaN,NaN,NaN,NaN,NaN,NaN,NaN,NaN,0,0,NaN,0,0,NaN,NaN,NaN,NaN,NaN,NaN,NaN,NaN,NaN,NaN,NaN,NaN,0,0,0,0,0,NaN,0,0,0,0
10/07/2025,04,5GNR,Central Texas,137,Austin,SCHZ,1370408,KRAMER,0081,NaN,0,0,100,0,0,0,0,NaN,NaN,NaN,NaN,NaN,0,0,0,NaN,0,0,0,NaN,NaN,NaN,NaN,NaN,NaN,NaN,NaN,NaN,0,0,NaN,0,0,NaN,NaN,NaN,NaN,NaN,NaN,NaN,NaN,NaN,NaN,NaN,NaN,0,0,0,0,0,NaN,0,0,0,0
10/07/2025,04,5GNR,Central Texas,137,Austin,SCHZ,1370408,TX_AUS_METRIC_001,0019,0,0,4,100,2,2,1.25,0,14.63,0,0,0,2.36,15.37,12.63,0.64,0,0.18,0.33,0,8.49,NaN,NaN,NaN,NaN,NaN,NaN,NaN,NaN,0,0,NaN,0,0,NaN,NaN,NaN,NaN,NaN,NaN,NaN,NaN,NaN,NaN,NaN,NaN,0,0,0,0,0,NaN,0,0,0.64,0
10/07/2025,04,5GNR,Central Texas,137,Austin,SCHZ,1370408,TX_AUS_METRIC_001,0020,0,0,3,100,1,1,6.42,0,48.76,0,0,0,2.39,15.93,13.49,3.24,0,0.16,0.9,0,0.57,NaN,NaN,NaN,NaN,NaN,NaN,NaN,NaN,0,0,NaN,0,0,NaN,NaN,NaN,NaN,NaN,NaN,NaN,NaN,NaN,NaN,NaN,NaN,0,0,0,0,0,NaN,0,0,3.24,0
10/07/2025,04,5GNR,Central Texas,137,Austin,SCHZ,1370408,TX_AUS_METRIC_001,0021,0,0,3,100,2,2,0.29,0,20.3,0,0,0,0.9,15.74,13.95,0.14,0,0.03,0.06,0,2.43,NaN,NaN,NaN,NaN,NaN,NaN,NaN,NaN,0,0,NaN,0,0,NaN,NaN,NaN,NaN,NaN,NaN,NaN,NaN,NaN,NaN,NaN,NaN,0,0,0,0,0,NaN,0,0,0.14,0
10/07/2025,04,5GNR,Central Texas,137,Austin,SCHZ,1370408,TX_AUS_METRIC_002,0058,NaN,0,0,100,0,0,0,0,NaN,NaN,NaN,NaN,NaN,0,0,0,NaN,0,0,0,NaN,NaN,NaN,NaN,NaN,NaN,NaN,NaN,NaN,0,0,NaN,0,0,NaN,NaN,NaN,NaN,NaN,NaN,NaN,NaN,NaN,NaN,NaN,NaN,0,0,0,0,0,NaN,0,0,0,0
10/07/2025,04,5GNR,Central Texas,137,Austin,SCHZ,1370408,TX_AUS_METRIC_002,0059,NaN,0,0,100,0,0,0,0,NaN,NaN,NaN,NaN,NaN,0,0,0,NaN,0,0,0,NaN,NaN,NaN,NaN,NaN,NaN,NaN,NaN,NaN,0,0,NaN,0,0,NaN,NaN,NaN,NaN,NaN,NaN,NaN,NaN,NaN,NaN,NaN,NaN,0,0,0,0,0,NaN,0,0,0,0
10/07/2025,04,5GNR,Central Texas,137,Austin,SCHZ,1370408,TX_AUS_METRIC_002,0060,NaN,0,0,100,0,0,0,0,NaN,NaN,NaN,NaN,NaN,0,0,0,NaN,0,0,0,NaN,NaN,NaN,NaN,NaN,NaN,NaN,NaN,NaN,0,0,NaN,0,0,NaN,NaN,NaN,NaN,NaN,NaN,NaN,NaN,NaN,NaN,NaN,NaN,0,0,0,0,0,NaN,0,0,0,0
10/07/2025,04,5GNR,Central Texas,137,Austin,SCHZ,1370408,TX_AUS_METRIC_003,0010,NaN,0,0,100,0,0,0,0,NaN,NaN,NaN,NaN,NaN,0,0,0,NaN,0,0,0,NaN,NaN,NaN,NaN,NaN,NaN,NaN,NaN,NaN,0,0,NaN,0,0,NaN,NaN,NaN,NaN,NaN,NaN,NaN,NaN,NaN,NaN,NaN,NaN,0,0,0,0,0,NaN,0,0,0,0
10/07/2025,04,5GNR,Central Texas,137,Austin,SCHZ,1370408,TX_AUS_METRIC_003,0011,NaN,0,0,100,0,0,0,0,NaN,NaN,NaN,NaN,NaN,0,0,0,NaN,0,0,0,NaN,NaN,NaN,NaN,NaN,NaN,NaN,NaN,NaN,0,0,NaN,0,0,NaN,NaN,NaN,NaN,NaN,NaN,NaN,NaN,NaN,NaN,NaN,NaN,0,0,0,0,0,NaN,0,0,0,0
10/07/2025,04,5GNR,Central Texas,137,Austin,SCHZ,1370408,TX_AUS_METRIC_003,0012,NaN,0,0,100,0,0,0,0,NaN,NaN,NaN,NaN,NaN,0,0,0,NaN,0,0,0,NaN,NaN,NaN,NaN,NaN,NaN,NaN,NaN,NaN,0,0,NaN,0,0,NaN,NaN,NaN,NaN,NaN,NaN,NaN,NaN,NaN,NaN,NaN,NaN,0,0,0,0,0,NaN,0,0,0,0
10/07/2025,04,5GNR,Central Texas,137,Austin,SCHZ,1370408,TX_AUS_METRIC_005,0013,NaN,0,0,100,0,0,0,0,NaN,NaN,NaN,NaN,NaN,0,0,0,NaN,0,0,0,NaN,NaN,NaN,NaN,NaN,NaN,NaN,NaN,NaN,0,0,NaN,0,0,NaN,NaN,NaN,NaN,NaN,NaN,NaN,NaN,NaN,NaN,NaN,NaN,0,0,0,0,0,NaN,0,0,0,0
10/07/2025,04,5GNR,Central Texas,137,Austin,SCHZ,1370408,TX_AUS_METRIC_005,0014,NaN,0,0,100,0,0,0,0,NaN,NaN,NaN,NaN,NaN,0,0,0,NaN,0,0,0,NaN,NaN,NaN,NaN,NaN,NaN,NaN,NaN,NaN,0,0,NaN,0,0,NaN,NaN,NaN,NaN,NaN,NaN,NaN,NaN,NaN,NaN,NaN,NaN,0,0,0,0,0,NaN,0,0,0,0
10/07/2025,04,5GNR,Central Texas,137,Austin,SCHZ,1370408,TX_AUS_METRIC_005,0015,NaN,0,0,100,0,0,0,0,NaN,NaN,NaN,NaN,NaN,0,0,0,NaN,0,0,0,NaN,NaN,NaN,NaN,NaN,NaN,NaN,NaN,NaN,0,0,NaN,0,0,NaN,NaN,NaN,NaN,NaN,NaN,NaN,NaN,NaN,NaN,NaN,NaN,0,0,0,0,0,NaN,0,0,0,0
10/07/2025,04,5GNR,Central Texas,137,Austin,SCHZ,1370408,TX_AUS_METRIC_006,0016,NaN,0,0,100,0,0,0,0,NaN,NaN,NaN,NaN,NaN,0,0,0,NaN,0,0,0,NaN,NaN,NaN,NaN,NaN,NaN,NaN,NaN,NaN,0,0,NaN,0,0,NaN,NaN,NaN,NaN,NaN,NaN,NaN,NaN,NaN,NaN,NaN,NaN,0,0,0,0,0,NaN,0,0,0,0
10/07/2025,04,5GNR,Central Texas,137,Austin,SCHZ,1370408,TX_AUS_METRIC_006,0017,NaN,0,0,100,0,0,0,0,NaN,NaN,NaN,NaN,NaN,0,0,0,NaN,0,0,0,NaN,NaN,NaN,NaN,NaN,NaN,NaN,NaN,NaN,0,0,NaN,0,0,NaN,NaN,NaN,NaN,NaN,NaN,NaN,NaN,NaN,NaN,NaN,NaN,0,0,0,0,0,NaN,0,0,0,0
10/07/2025,04,5GNR,Central Texas,137,Austin,SCHZ,1370408,TX_AUS_METRIC_006,0018,NaN,0,0,100,0,0,0,0,NaN,NaN,NaN,NaN,NaN,0,0,0,NaN,0,0,0,NaN,NaN,NaN,NaN,NaN,NaN,NaN,NaN,NaN,0,0,NaN,0,0,NaN,NaN,NaN,NaN,NaN,NaN,NaN,NaN,NaN,NaN,NaN,NaN,0,0,0,0,0,NaN,0,0,0,0
10/07/2025,04,5GNR,Central Texas,137,Austin,SCHZ,1370408,TX_AUS_METRIC_007,0070,NaN,0,0,100,0,0,0,0,NaN,NaN,NaN,NaN,NaN,0,0,0,NaN,0,0,0,NaN,NaN,NaN,NaN,NaN,NaN,NaN,NaN,NaN,0,0,NaN,0,0,NaN,NaN,NaN,NaN,NaN,NaN,NaN,NaN,NaN,NaN,NaN,NaN,0,0,0,0,0,NaN,0,0,0,0
10/07/2025,04,5GNR,Central Texas,137,Austin,SCHZ,1370408,TX_AUS_METRIC_007,0071,NaN,0,0,100,0,0,0,0,NaN,NaN,NaN,NaN,NaN,0,0,0,NaN,0,0,0,NaN,NaN,NaN,NaN,NaN,NaN,NaN,NaN,NaN,0,0,NaN,0,0,NaN,NaN,NaN,NaN,NaN,NaN,NaN,NaN,NaN,NaN,NaN,NaN,0,0,0,0,0,NaN,0,0,0,0
10/07/2025,04,5GNR,Central Texas,137,Austin,SCHZ,1370408,TX_AUS_METRIC_007,0072,NaN,0,0,100,0,0,0,0,NaN,NaN,NaN,NaN,NaN,0,0,0,NaN,0,0,0,NaN,NaN,NaN,NaN,NaN,NaN,NaN,NaN,NaN,0,0,NaN,0,0,NaN,NaN,NaN,NaN,NaN,NaN,NaN,NaN,NaN,NaN,NaN,NaN,0,0,0,0,0,NaN,0,0,0,0
10/07/2025,04,5GNR,Central Texas,137,Austin,SCHZ,1370408,TX_AUS_METRIC_008,0046,NaN,0,0,100,0,0,0,0,NaN,NaN,NaN,NaN,NaN,0,0,0,NaN,0,0,0,NaN,NaN,NaN,NaN,NaN,NaN,NaN,NaN,NaN,0,0,NaN,0,0,NaN,NaN,NaN,NaN,NaN,NaN,NaN,NaN,NaN,NaN,NaN,NaN,0,0,0,0,0,NaN,0,0,0,0
10/07/2025,04,5GNR,Central Texas,137,Austin,SCHZ,1370408,TX_AUS_METRIC_008,0047,NaN,0,0,100,0,0,0,0,NaN,NaN,NaN,NaN,NaN,0,0,0,NaN,0,0,0,NaN,NaN,NaN,NaN,NaN,NaN,NaN,NaN,NaN,0,0,NaN,0,0,NaN,NaN,NaN,NaN,NaN,NaN,NaN,NaN,NaN,NaN,NaN,NaN,0,0,0,0,0,NaN,0,0,0,0
10/07/2025,04,5GNR,Central Texas,137,Austin,SCHZ,1370408,TX_AUS_METRIC_008,0048,NaN,0,0,100,0,0,0,0,NaN,NaN,NaN,NaN,NaN,0,0,0,NaN,0,0,0,NaN,NaN,NaN,NaN,NaN,NaN,NaN,NaN,NaN,0,0,NaN,0,0,NaN,NaN,NaN,NaN,NaN,NaN,NaN,NaN,NaN,NaN,NaN,NaN,0,0,0,0,0,NaN,0,0,0,0
10/07/2025,04,5GNR,Central Texas,137,Austin,SCHZ,1370408,TX_AUS_METRIC_009,0064,0,0,1,100,0,0,0.34,0,36.41,0,0,0,0.12,17.04,17.36,0.13,NaN,0.09,0.26,0,13.65,NaN,NaN,NaN,NaN,NaN,NaN,NaN,NaN,0,0,NaN,0,0,NaN,NaN,NaN,NaN,NaN,NaN,NaN,NaN,NaN,NaN,NaN,NaN,0,0,0,0,0,NaN,0,0,0.13,0
10/07/2025,04,5GNR,Central Texas,137,Austin,SCHZ,1370408,TX_AUS_METRIC_009,0065,0,0,86,100,101,101,84.58,0.01,108.25,0,0,0,0.01,18.62,17.3,52.26,0,1.39,6.45,0,60.19,NaN,NaN,NaN,NaN,NaN,NaN,NaN,NaN,0,0,NaN,0,0,NaN,NaN,NaN,NaN,NaN,NaN,NaN,NaN,NaN,NaN,NaN,NaN,0,0,0,0,0,NaN,0,0,52.26,0
10/07/2025,04,5GNR,Central Texas,137,Austin,SCHZ,1370408,TX_AUS_METRIC_009,0066,NaN,0,0,100,0,0,0,0,NaN,NaN,NaN,NaN,NaN,0,0,0,NaN,0,0,0,NaN,NaN,NaN,NaN,NaN,NaN,NaN,NaN,NaN,0,0,NaN,0,0,NaN,NaN,NaN,NaN,NaN,NaN,NaN,NaN,NaN,NaN,NaN,NaN,0,0,0,0,0,NaN,0,0,0,0
10/07/2025,04,5GNR,Central Texas,137,Austin,SCHZ,1370408,TX_AUS_METRIC_014,0043,0,0,1,100,0,0,0,0,NaN,0,0,0,0,13.73,2.11,0.02,NaN,0,0,0,NaN,NaN,NaN,NaN,NaN,NaN,NaN,NaN,NaN,0,0,NaN,0,0,NaN,NaN,NaN,NaN,NaN,NaN,NaN,NaN,NaN,NaN,NaN,NaN,0,0,0,0,0,NaN,0,0,0.02,0
10/07/2025,04,5GNR,Central Texas,137,Austin,SCHZ,1370408,TX_AUS_METRIC_014,0044,0,0,2,100,2,2,1.22,0,21.61,0,0,0,1.95,15.94,14.44,0.54,0,0.02,0.09,0,2.81,NaN,NaN,NaN,NaN,NaN,NaN,NaN,NaN,0,0,NaN,0,0,NaN,NaN,NaN,NaN,NaN,NaN,NaN,NaN,NaN,NaN,NaN,NaN,0,0,0,0,0,NaN,0,0,0.54,0
10/07/2025,04,5GNR,Central Texas,137,Austin,SCHZ,1370408,TX_AUS_METRIC_014,0045,NaN,0,0,100,0,0,0,0,NaN,NaN,NaN,NaN,NaN,0,0,0,NaN,0,0,0,NaN,NaN,NaN,NaN,NaN,NaN,NaN,NaN,NaN,0,0,NaN,0,0,NaN,NaN,NaN,NaN,NaN,NaN,NaN,NaN,NaN,NaN,NaN,NaN,0,0,0,0,0,NaN,0,0,0,0
10/07/2025,04,5GNR,Central Texas,137,Austin,SCHZ,1370408,TX_AUS_METRIC_015,0067,NaN,0,0,100,0,0,0,0,NaN,NaN,NaN,NaN,NaN,0,0,0,NaN,0,0,0,NaN,NaN,NaN,NaN,NaN,NaN,NaN,NaN,NaN,0,0,NaN,0,0,NaN,NaN,NaN,NaN,NaN,NaN,NaN,NaN,NaN,NaN,NaN,NaN,0,0,0,0,0,NaN,0,0,0,0
10/07/2025,04,5GNR,Central Texas,137,Austin,SCHZ,1370408,TX_AUS_METRIC_015,0068,0,0,1,100,0,0,0,0,NaN,0,0,0,20,14.63,3.77,0,NaN,0,0,0,NaN,NaN,NaN,NaN,NaN,NaN,NaN,NaN,NaN,0,0,NaN,0,0,NaN,NaN,NaN,NaN,NaN,NaN,NaN,NaN,NaN,NaN,NaN,NaN,0,0,0,0,0,NaN,0,0,0,0
10/07/2025,04,5GNR,Central Texas,137,Austin,SCHZ,1370408,TX_AUS_METRIC_015,0069,NaN,0,0,100,0,0,0,0,NaN,NaN,NaN,NaN,NaN,0,0,0,NaN,0,0,0,NaN,NaN,NaN,NaN,NaN,NaN,NaN,NaN,NaN,0,0,NaN,0,0,NaN,NaN,NaN,NaN,NaN,NaN,NaN,NaN,NaN,NaN,NaN,NaN,0,0,0,0,0,NaN,0,0,0,0
10/07/2025,04,5GNR,Central Texas,137,Austin,SCHZ,1370408,TX_AUS_METRIC_MEARNS_002,0052,0,0,3,100,2,2,0.24,0,19.73,0,0,0,1.87,15.56,11.77,0.21,0,0.53,0.69,0,7.37,NaN,NaN,NaN,NaN,NaN,NaN,NaN,NaN,0,0,NaN,0,0,NaN,NaN,NaN,NaN,NaN,NaN,NaN,NaN,NaN,NaN,NaN,NaN,0,0,0,0,0,NaN,0,0,0.21,0
10/07/2025,04,5GNR,Central Texas,137,Austin,SCHZ,1370408,TX_AUS_METRIC_MEARNS_002,0053,0,0,1,100,1,1,34.78,0.01,124.25,0,0,0,0.61,15.38,11.52,25.45,0,0.07,0.23,0,3.29,NaN,NaN,NaN,NaN,NaN,NaN,NaN,NaN,0,0,NaN,0,0,NaN,NaN,NaN,NaN,NaN,NaN,NaN,NaN,NaN,NaN,NaN,NaN,0,0,0,0,0,NaN,0,0,25.45,0
10/07/2025,04,5GNR,Central Texas,137,Austin,SCHZ,1370408,TX_AUS_METRIC_MEARNS_002,0054,0,0,4,100,3,3,16.36,0.01,33.11,0,0,0,1.16,15.93,10.83,10.74,0,0.25,0.54,0,3.1,NaN,NaN,NaN,NaN,NaN,NaN,NaN,NaN,0,0,NaN,0,0,NaN,NaN,NaN,NaN,NaN,NaN,NaN,NaN,NaN,NaN,NaN,NaN,0,0,0,0,0,NaN,0,0,10.74,0
10/07/2025,04,5GNR,Central Texas,137,Austin,SCHZ,1370408,TX_AUS_NLAMARE_002,0022,NaN,0,0,100,0,0,0,0,NaN,NaN,NaN,NaN,NaN,0,0,0,NaN,0,0,0,NaN,NaN,NaN,NaN,NaN,NaN,NaN,NaN,NaN,0,0,NaN,0,0,NaN,NaN,NaN,NaN,NaN,NaN,NaN,NaN,NaN,NaN,NaN,NaN,0,0,0,0,0,NaN,0,0,0,0
10/07/2025,04,5GNR,Central Texas,137,Austin,SCHZ,1370408,TX_AUS_NLAMARE_002,0023,16.67,1,6,100,3,3,5.07,0,12.16,0.01,0.01,0,14.75,15.2,14.41,2.87,0,0.15,0.67,0,0.45,NaN,NaN,NaN,NaN,NaN,NaN,NaN,NaN,0,0,NaN,0,0,NaN,NaN,NaN,NaN,NaN,NaN,NaN,NaN,NaN,NaN,NaN,NaN,0,0,0,0,0,NaN,0,0,2.87,0
10/07/2025,04,5GNR,Central Texas,137,Austin,SCHZ,1370408,TX_AUS_NLAMARE_002,0024,0,0,6,100,3,3,4.89,0,21.39,0,0,0,2.78,15.22,14.79,3.22,0,0.2,0.82,0,5,NaN,NaN,NaN,NaN,NaN,NaN,NaN,NaN,0,0,NaN,0,0,NaN,NaN,NaN,NaN,NaN,NaN,NaN,NaN,NaN,NaN,NaN,NaN,0,0,0,0,0,NaN,0,0,3.22,0
10/07/2025,04,5GNR,Central Texas,137,Austin,SCHZ,1370408,TX_AUS_NLAMARE_004,0025,0,0,2,100,2,2,0.16,0,43.31,0,0,0,20,14.87,10.06,0.11,0,0.01,0.02,0,2.39,NaN,NaN,NaN,NaN,NaN,NaN,NaN,NaN,0,0,NaN,0,0,NaN,NaN,NaN,NaN,NaN,NaN,NaN,NaN,NaN,NaN,NaN,NaN,0,0,0,0,0,NaN,0,0,0.11,0
10/07/2025,04,5GNR,Central Texas,137,Austin,SCHZ,1370408,TX_AUS_NLAMARE_004,0026,0,0,6,100,10,10,42.21,0.01,67.21,0.02,0.03,0.04,0.06,17.53,18.66,20.89,0,10.99,44.89,0.02,9.16,NaN,NaN,NaN,NaN,NaN,NaN,NaN,NaN,0,0,NaN,0,0,NaN,NaN,NaN,NaN,NaN,NaN,NaN,NaN,NaN,NaN,NaN,NaN,0,0,0,0,0,NaN,0,0,20.91,0
10/07/2025,04,5GNR,Central Texas,137,Austin,SCHZ,1370408,TX_AUS_NLAMARE_004,0027,NaN,0,0,100,0,0,0,0,NaN,NaN,NaN,NaN,NaN,0,0,0,NaN,0,0,0,NaN,NaN,NaN,NaN,NaN,NaN,NaN,NaN,NaN,0,0,NaN,0,0,NaN,NaN,NaN,NaN,NaN,NaN,NaN,NaN,NaN,NaN,NaN,NaN,0,0,0,0,0,NaN,0,0,0,0
10/07/2025,04,5GNR,Central Texas,137,Austin,SCHZ,1370408,TX_AUS_NLAMARE_010,0004,NaN,0,0,100,0,0,0,0,NaN,NaN,NaN,NaN,NaN,0,0,0,NaN,0,0,0,NaN,NaN,NaN,NaN,NaN,NaN,NaN,NaN,NaN,0,0,NaN,0,0,NaN,NaN,NaN,NaN,NaN,NaN,NaN,NaN,NaN,NaN,NaN,NaN,0,0,0,0,0,NaN,0,0,0,0
10/07/2025,04,5GNR,Central Texas,137,Austin,SCHZ,1370408,TX_AUS_NLAMARE_010,0005,NaN,0,0,100,0,0,0,0,NaN,NaN,NaN,NaN,NaN,0,0,0,NaN,0,0,0,NaN,NaN,NaN,NaN,NaN,NaN,NaN,NaN,NaN,0,0,NaN,0,0,NaN,NaN,NaN,NaN,NaN,NaN,NaN,NaN,NaN,NaN,NaN,NaN,0,0,0,0,0,NaN,0,0,0,0
10/07/2025,04,5GNR,Central Texas,137,Austin,SCHZ,1370408,TX_AUS_NLAMARE_010,0006,NaN,0,0,100,0,0,0,0,NaN,NaN,NaN,NaN,NaN,0,0,0,NaN,0,0,0,NaN,NaN,NaN,NaN,NaN,NaN,NaN,NaN,NaN,0,0,NaN,0,0,NaN,NaN,NaN,NaN,NaN,NaN,NaN,NaN,NaN,NaN,NaN,NaN,0,0,0,0,0,NaN,0,0,0,0
10/07/2025,04,5GNR,Central Texas,137,Austin,SCHZ,1370408,TX_AUS_NLAMARE_015,0076,NaN,0,0,100,0,0,0,0,NaN,NaN,NaN,NaN,NaN,0,0,0,NaN,0,0,0,NaN,NaN,NaN,NaN,NaN,NaN,NaN,NaN,NaN,0,0,NaN,0,0,NaN,NaN,NaN,NaN,NaN,NaN,NaN,NaN,NaN,NaN,NaN,NaN,0,0,0,0,0,NaN,0,0,0,0
10/07/2025,04,5GNR,Central Texas,137,Austin,SCHZ,1370408,TX_AUS_NLAMARE_015,0077,0,0,2,100,2,2,0.1,0,6.81,0,0,0,9.52,14.42,9.16,0.1,0,0.04,0.08,0,1.11,NaN,NaN,NaN,NaN,NaN,NaN,NaN,NaN,0,0,NaN,0,0,NaN,NaN,NaN,NaN,NaN,NaN,NaN,NaN,NaN,NaN,NaN,NaN,0,0,0,0,0,NaN,0,0,0.13,0
10/07/2025,04,5GNR,Central Texas,137,Austin,SCHZ,1370408,TX_AUS_NLAMARE_015,0078,NaN,0,0,100,0,0,0,0,NaN,NaN,NaN,NaN,NaN,0,0,0,NaN,0,0,0,NaN,NaN,NaN,NaN,NaN,NaN,NaN,NaN,NaN,0,0,NaN,0,0,NaN,NaN,NaN,NaN,NaN,NaN,NaN,NaN,NaN,NaN,NaN,NaN,0,0,0,0,0,NaN,0,0,0,0
10/07/2025,04,5GNR,Central Texas,137,Austin,SCHZ,1370408,TX_AUS_NLAMARW_001,0055,0,0,4,100,2,2,0.23,0,36.9,0,0,0,16.93,14.63,9.12,0.15,0,0.02,0.05,0,2.65,NaN,NaN,NaN,NaN,NaN,NaN,NaN,NaN,0,0,NaN,0,0,NaN,NaN,NaN,NaN,NaN,NaN,NaN,NaN,NaN,NaN,NaN,NaN,0,0,0,0,0,NaN,0,0,0.15,0
10/07/2025,04,5GNR,Central Texas,137,Austin,SCHZ,1370408,TX_AUS_NLAMARW_001,0056,0,0,15,100,19,19,301.08,0.04,149.14,0.06,0.14,0.38,0.09,17.55,16.9,179.08,0,23.28,53.81,0.03,16.71,NaN,NaN,NaN,NaN,NaN,NaN,NaN,NaN,0,0,NaN,0,0,NaN,NaN,NaN,NaN,NaN,NaN,NaN,NaN,NaN,NaN,NaN,NaN,0,0,0,0,0,NaN,0,0,179.08,0
10/07/2025,04,5GNR,Central Texas,137,Austin,SCHZ,1370408,TX_AUS_NLAMARW_001,0057,0,0,1,100,0,0,0,0,NaN,0,0,0,9.09,12.61,3.23,0,NaN,0,0,0,NaN,NaN,NaN,NaN,NaN,NaN,NaN,NaN,NaN,0,0,NaN,0,0,NaN,NaN,NaN,NaN,NaN,NaN,NaN,NaN,NaN,NaN,NaN,NaN,0,0,0,0,0,NaN,0,0,0,0
10/07/2025,04,5GNR,Central Texas,137,Austin,SCHZ,1370408,TX_AUS_NLAMARW_002,0007,NaN,0,0,100,0,0,0,0,NaN,NaN,NaN,NaN,NaN,0,0,0,NaN,0,0,0,NaN,NaN,NaN,NaN,NaN,NaN,NaN,NaN,NaN,0,0,NaN,0,0,NaN,NaN,NaN,NaN,NaN,NaN,NaN,NaN,NaN,NaN,NaN,NaN,0,0,0,0,0,NaN,0,0,0,0
10/07/2025,04,5GNR,Central Texas,137,Austin,SCHZ,1370408,TX_AUS_NLAMARW_002,0008,NaN,0,0,100,0,0,0,0,NaN,NaN,NaN,NaN,NaN,0,0,0,NaN,0,0,0,NaN,NaN,NaN,NaN,NaN,NaN,NaN,NaN,NaN,0,0,NaN,0,0,NaN,NaN,NaN,NaN,NaN,NaN,NaN,NaN,NaN,NaN,NaN,NaN,0,0,0,0,0,NaN,0,0,0,0
10/07/2025,04,5GNR,Central Texas,137,Austin,SCHZ,1370408,TX_AUS_NLAMARW_002,0009,NaN,0,0,100,0,0,0,0,NaN,NaN,NaN,NaN,NaN,0,0,0,NaN,0,0,0,NaN,NaN,NaN,NaN,NaN,NaN,NaN,NaN,NaN,0,0,NaN,0,0,NaN,NaN,NaN,NaN,NaN,NaN,NaN,NaN,NaN,NaN,NaN,NaN,0,0,0,0,0,NaN,0,0,0,0
10/07/2025,04,5GNR,Central Texas,137,Austin,SCHZ,1370408,TX_AUS_NLAMARW_003,0037,0,0,3,100,3,3,1.23,0,45.99,0,0,0,1.19,15.25,7.22,0.89,0,0.05,0.1,0,1.61,NaN,NaN,NaN,NaN,NaN,NaN,NaN,NaN,0,0,NaN,0,0,NaN,NaN,NaN,NaN,NaN,NaN,NaN,NaN,NaN,NaN,NaN,NaN,0,0,0,0,0,NaN,0,0,0.89,0
10/07/2025,04,5GNR,Central Texas,137,Austin,SCHZ,1370408,TX_AUS_NLAMARW_003,0038,0,0,2,100,1,1,0,0,0,0,0,0,4.55,14.13,0.89,0,0,0,0,0,NaN,NaN,NaN,NaN,NaN,NaN,NaN,NaN,NaN,0,0,NaN,0,0,NaN,NaN,NaN,NaN,NaN,NaN,NaN,NaN,NaN,NaN,NaN,NaN,0,0,0,0,0,NaN,0,0,0,0
10/07/2025,04,5GNR,Central Texas,137,Austin,SCHZ,1370408,TX_AUS_NLAMARW_003,0039,NaN,0,0,100,0,0,0,0,NaN,NaN,NaN,NaN,NaN,0,0,0,NaN,0,0,0,NaN,NaN,NaN,NaN,NaN,NaN,NaN,NaN,NaN,0,0,NaN,0,0,NaN,NaN,NaN,NaN,NaN,NaN,NaN,NaN,NaN,NaN,NaN,NaN,0,0,0,0,0,NaN,0,0,0,0
10/07/2025,04,5GNR,Central Texas,137,Austin,SCHZ,1370408,TX_AUS_NLAMARW_004,0001,NaN,0,0,100,0,0,0,0,NaN,NaN,NaN,NaN,NaN,0,0,0,NaN,0,0,0,NaN,NaN,NaN,NaN,NaN,NaN,NaN,NaN,NaN,0,0,NaN,0,0,NaN,NaN,NaN,NaN,NaN,NaN,NaN,NaN,NaN,NaN,NaN,NaN,0,0,0,0,0,NaN,0,0,0,0
10/07/2025,04,5GNR,Central Texas,137,Austin,SCHZ,1370408,TX_AUS_NLAMARW_004,0002,NaN,0,0,100,0,0,0,0,NaN,0,0,NaN,NaN,0,0,0,NaN,0,0,0,NaN,NaN,NaN,NaN,NaN,NaN,NaN,NaN,NaN,0,0,NaN,0,0,NaN,NaN,NaN,NaN,NaN,NaN,NaN,NaN,NaN,NaN,NaN,NaN,0,0,0,0,0,NaN,0,0,0,0
10/07/2025,04,5GNR,Central Texas,137,Austin,SCHZ,1370408,TX_AUS_NLAMARW_004,0003,NaN,0,0,100,0,0,0,0,NaN,NaN,NaN,NaN,NaN,0,0,0,NaN,0,0,0,NaN,NaN,NaN,NaN,NaN,NaN,NaN,NaN,NaN,0,0,NaN,0,0,NaN,NaN,NaN,NaN,NaN,NaN,NaN,NaN,NaN,NaN,NaN,NaN,0,0,0,0,0,NaN,0,0,0,0
10/07/2025,04,5GNR,Central Texas,137,Austin,SCHZ,1370408,TX_AUS_NLAMARW_008,0031,NaN,0,0,100,0,0,0,0,NaN,NaN,NaN,NaN,NaN,0,0,0,NaN,0,0,0,NaN,NaN,NaN,NaN,NaN,NaN,NaN,NaN,NaN,0,0,NaN,0,0,NaN,NaN,NaN,NaN,NaN,NaN,NaN,NaN,NaN,NaN,NaN,NaN,0,0,0,0,0,NaN,0,0,0,0
10/07/2025,04,5GNR,Central Texas,137,Austin,SCHZ,1370408,TX_AUS_NLAMARW_008,0032,0,0,32,100,40,40,290.78,0.02,178.35,0.02,0.03,0.08,0.06,18.13,20.31,148.02,0,4.28,25.75,0.01,31.26,NaN,NaN,NaN,NaN,NaN,NaN,NaN,NaN,0,0,NaN,0,0,NaN,NaN,NaN,NaN,NaN,NaN,NaN,NaN,NaN,NaN,NaN,NaN,0,0,0,0,0,NaN,0,0,148.02,0
10/07/2025,04,5GNR,Central Texas,137,Austin,SCHZ,1370408,TX_AUS_NLAMARW_008,0033,NaN,0,0,100,0,0,0,0,NaN,NaN,NaN,NaN,NaN,0,0,0,NaN,0,0,0,NaN,NaN,NaN,NaN,NaN,NaN,NaN,NaN,NaN,0,0,NaN,0,0,NaN,NaN,NaN,NaN,NaN,NaN,NaN,NaN,NaN,NaN,NaN,NaN,0,0,0,0,0,NaN,0,0,0,0
10/07/2025,04,5GNR,Central Texas,137,Austin,SCHZ,1370409,TX_AUS_METRICRUNDBERG_003,0046,NaN,0,0,100,0,0,0,0,NaN,NaN,NaN,NaN,NaN,0,0,0,NaN,0,0,0,NaN,NaN,NaN,NaN,NaN,NaN,NaN,NaN,NaN,0,0,NaN,0,0,NaN,NaN,NaN,NaN,NaN,NaN,NaN,NaN,NaN,NaN,NaN,NaN,0,0,0,0,0,NaN,0,0,0,0
10/07/2025,04,5GNR,Central Texas,137,Austin,SCHZ,1370409,TX_AUS_METRICRUNDBERG_003,0047,1.32,1,76,100,99,99,388.89,0.06,195.6,0.01,0.02,0.04,0.04,18.35,19.61,262.22,0,13.25,52.92,0.02,14.34,NaN,NaN,NaN,NaN,NaN,NaN,NaN,NaN,0,0,NaN,0,0,NaN,NaN,NaN,NaN,NaN,NaN,NaN,NaN,NaN,NaN,NaN,NaN,0,0,0,0,0,NaN,0,0,262.23,0
10/07/2025,04,5GNR,Central Texas,137,Austin,SCHZ,1370409,TX_AUS_METRICRUNDBERG_003,0048,0,0,11,100,10,10,0.82,0,33.18,0,0,0,3.76,16.89,12.8,0.54,0,0.07,0.33,0,0.84,NaN,NaN,NaN,NaN,NaN,NaN,NaN,NaN,0,0,NaN,0,0,NaN,NaN,NaN,NaN,NaN,NaN,NaN,NaN,NaN,NaN,NaN,NaN,0,0,0,0,0,NaN,0,0,0.7,0
10/07/2025,04,5GNR,Central Texas,137,Austin,SCHZ,1370409,TX_AUS_METRICRUNDBERG_004,0040,NaN,0,0,100,0,0,0,0,NaN,NaN,NaN,NaN,NaN,0,0,0,NaN,0,0,0,NaN,NaN,NaN,NaN,NaN,NaN,NaN,NaN,NaN,0,0,NaN,0,0,NaN,NaN,NaN,NaN,NaN,NaN,NaN,NaN,NaN,NaN,NaN,NaN,0,0,0,0,0,NaN,0,0,0,0
10/07/2025,04,5GNR,Central Texas,137,Austin,SCHZ,1370409,TX_AUS_METRICRUNDBERG_004,0041,NaN,0,0,100,4,4,7.95,0,76.66,0,0,0,0.01,18.67,17.36,3.75,0,2,14.61,0,34.29,NaN,NaN,NaN,NaN,NaN,NaN,NaN,NaN,0,0,NaN,0,0,NaN,NaN,NaN,NaN,NaN,NaN,NaN,NaN,NaN,NaN,NaN,NaN,0,0,0,0,0,NaN,0,0,3.75,0
10/07/2025,04,5GNR,Central Texas,137,Austin,SCHZ,1370409,TX_AUS_METRICRUNDBERG_004,0042,NaN,0,0,100,0,0,0,0,NaN,NaN,NaN,NaN,NaN,0,0,0,NaN,0,0,0,NaN,NaN,NaN,NaN,NaN,NaN,NaN,NaN,NaN,0,0,NaN,0,0,NaN,NaN,NaN,NaN,NaN,NaN,NaN,NaN,NaN,NaN,NaN,NaN,0,0,0,0,0,NaN,0,0,0,0
10/07/2025,04,5GNR,Central Texas,137,Austin,SCHZ,1370409,TX_AUS_METRICRUNDBERG_007,0013,NaN,0,0,100,0,0,19.72,0.01,NaN,0,0,0,0.05,16.77,12.34,0,NaN,0,0.21,0,1.58,NaN,NaN,NaN,NaN,NaN,NaN,NaN,NaN,0,0,NaN,0,0,NaN,NaN,NaN,NaN,NaN,NaN,NaN,NaN,NaN,NaN,NaN,NaN,0,0,0,0,0,NaN,0,0,15.57,0
10/07/2025,04,5GNR,Central Texas,137,Austin,SCHZ,1370409,TX_AUS_METRICRUNDBERG_007,0014,NaN,0,0,100,0,0,0,0,NaN,NaN,NaN,NaN,NaN,0,0,0,NaN,0,0,0,NaN,NaN,NaN,NaN,NaN,NaN,NaN,NaN,NaN,0,0,NaN,0,0,NaN,NaN,NaN,NaN,NaN,NaN,NaN,NaN,NaN,NaN,NaN,NaN,0,0,0,0,0,NaN,0,0,0,0
10/07/2025,04,5GNR,Central Texas,137,Austin,SCHZ,1370409,TX_AUS_METRICRUNDBERG_007,0015,NaN,0,0,100,0,0,0,0,NaN,0,0,0,0,13.65,4.11,0,NaN,0,0,0,NaN,NaN,NaN,NaN,NaN,NaN,NaN,NaN,NaN,0,0,NaN,0,0,NaN,NaN,NaN,NaN,NaN,NaN,NaN,NaN,NaN,NaN,NaN,NaN,0,0,0,0,0,NaN,0,0,0,0
10/07/2025,04,5GNR,Central Texas,137,Austin,SCHZ,1370409,TX_AUS_METRICRUNDBERG_008,0049,NaN,0,0,100,0,0,0,0,NaN,0,0,0,1.64,15.64,3,0,NaN,0,0,0,NaN,NaN,NaN,NaN,NaN,NaN,NaN,NaN,NaN,0,0,NaN,0,0,NaN,NaN,NaN,NaN,NaN,NaN,NaN,NaN,NaN,NaN,NaN,NaN,0,0,0,0,0,NaN,0,0,0,0
10/07/2025,04,5GNR,Central Texas,137,Austin,SCHZ,1370409,TX_AUS_METRICRUNDBERG_008,0050,NaN,0,0,100,4,4,16.16,0,84.55,0,0,0,0.01,18.43,17.82,7.05,0,2.59,15.48,0.01,19.46,NaN,NaN,NaN,NaN,NaN,NaN,NaN,NaN,0,0,NaN,0,0,NaN,NaN,NaN,NaN,NaN,NaN,NaN,NaN,NaN,NaN,NaN,NaN,0,0,0,0,0,NaN,0,0,7.05,0
10/07/2025,04,5GNR,Central Texas,137,Austin,SCHZ,1370409,TX_AUS_METRICRUNDBERG_008,0051,0,0,3,100,3,3,5.99,0,44.14,0,0,0,9.37,16.5,12.91,4.01,0,0.04,0.26,0,3.99,NaN,NaN,NaN,NaN,NaN,NaN,NaN,NaN,0,0,NaN,0,0,NaN,NaN,NaN,NaN,NaN,NaN,NaN,NaN,NaN,NaN,NaN,NaN,0,0,0,0,0,NaN,0,0,4.41,0
10/07/2025,04,5GNR,Central Texas,137,Austin,SCHZ,1370409,TX_AUS_METRICRUNDBERG_011,0052,NaN,0,0,100,0,0,0,0,NaN,NaN,NaN,NaN,NaN,0,0,0,NaN,0,0,0,NaN,NaN,NaN,NaN,NaN,NaN,NaN,NaN,NaN,0,0,NaN,0,0,NaN,NaN,NaN,NaN,NaN,NaN,NaN,NaN,NaN,NaN,NaN,NaN,0,0,0,0,0,NaN,0,0,0,0
10/07/2025,04,5GNR,Central Texas,137,Austin,SCHZ,1370409,TX_AUS_METRICRUNDBERG_011,0053,NaN,0,0,100,0,0,0,0,NaN,NaN,NaN,NaN,NaN,0,0,0,NaN,0,0,0,NaN,NaN,NaN,NaN,NaN,NaN,NaN,NaN,NaN,0,0,NaN,0,0,NaN,NaN,NaN,NaN,NaN,NaN,NaN,NaN,NaN,NaN,NaN,NaN,0,0,0,0,0,NaN,0,0,0,0
10/07/2025,04,5GNR,Central Texas,137,Austin,SCHZ,1370409,TX_AUS_METRICRUNDBERG_011,0054,NaN,0,0,100,0,0,0,0,NaN,NaN,NaN,NaN,NaN,0,0,0,NaN,0,0,0,NaN,NaN,NaN,NaN,NaN,NaN,NaN,NaN,NaN,0,0,NaN,0,0,NaN,NaN,NaN,NaN,NaN,NaN,NaN,NaN,NaN,NaN,NaN,NaN,0,0,0,0,0,NaN,0,0,0,0
10/07/2025,04,5GNR,Central Texas,137,Austin,SCHZ,1370409,TX_AUS_METRICRUNDBERG_012,0076,NaN,0,0,100,0,0,0,0,NaN,NaN,NaN,NaN,NaN,0,0,0,NaN,0,0,0,NaN,NaN,NaN,NaN,NaN,NaN,NaN,NaN,NaN,0,0,NaN,0,0,NaN,NaN,NaN,NaN,NaN,NaN,NaN,NaN,NaN,NaN,NaN,NaN,0,0,0,0,0,NaN,0,0,0,0
10/07/2025,04,5GNR,Central Texas,137,Austin,SCHZ,1370409,TX_AUS_METRICRUNDBERG_012,0077,NaN,0,0,100,0,0,0,0,NaN,NaN,NaN,NaN,NaN,0,0,0,NaN,0,0,0,NaN,NaN,NaN,NaN,NaN,NaN,NaN,NaN,NaN,0,0,NaN,0,0,NaN,NaN,NaN,NaN,NaN,NaN,NaN,NaN,NaN,NaN,NaN,NaN,0,0,0,0,0,NaN,0,0,0,0
10/07/2025,04,5GNR,Central Texas,137,Austin,SCHZ,1370409,TX_AUS_METRICRUNDBERG_012,0078,NaN,0,0,100,0,0,0,0,NaN,NaN,NaN,NaN,NaN,0,0,0,NaN,0,0,0,NaN,NaN,NaN,NaN,NaN,NaN,NaN,NaN,NaN,0,0,NaN,0,0,NaN,NaN,NaN,NaN,NaN,NaN,NaN,NaN,NaN,NaN,NaN,NaN,0,0,0,0,0,NaN,0,0,0,0
10/07/2025,04,5GNR,Central Texas,137,Austin,SCHZ,1370409,TX_AUS_METRIC_MEARNS_004,0085,0,0,3,100,3,3,1.99,0,10,0,0,0,3.54,15.28,10.09,1.26,0,0.05,0.11,0,1.39,NaN,NaN,NaN,NaN,NaN,NaN,NaN,NaN,0,0,NaN,0,0,NaN,NaN,NaN,NaN,NaN,NaN,NaN,NaN,NaN,NaN,NaN,NaN,0,0,0,0,0,NaN,0,0,1.26,0
10/07/2025,04,5GNR,Central Texas,137,Austin,SCHZ,1370409,TX_AUS_METRIC_MEARNS_004,0086,NaN,0,0,100,0,0,0,0,NaN,NaN,NaN,NaN,NaN,0,0,0,NaN,0,0,0,NaN,NaN,NaN,NaN,NaN,NaN,NaN,NaN,NaN,0,0,NaN,0,0,NaN,NaN,NaN,NaN,NaN,NaN,NaN,NaN,NaN,NaN,NaN,NaN,0,0,0,0,0,NaN,0,0,0,0
10/07/2025,04,5GNR,Central Texas,137,Austin,SCHZ,1370409,TX_AUS_METRIC_MEARNS_004,0087,NaN,0,0,100,0,0,0,0,NaN,NaN,NaN,NaN,NaN,0,0,0,NaN,0,0,0,NaN,NaN,NaN,NaN,NaN,NaN,NaN,NaN,NaN,0,0,NaN,0,0,NaN,NaN,NaN,NaN,NaN,NaN,NaN,NaN,NaN,NaN,NaN,NaN,0,0,0,0,0,NaN,0,0,0,0
10/07/2025,04,5GNR,Central Texas,137,Austin,SCHZ,1370409,TX_AUS_METRIC_MEARNS_005,0079,NaN,0,0,100,0,0,0,0,NaN,NaN,NaN,NaN,NaN,0,0,0,NaN,0,0,0,NaN,NaN,NaN,NaN,NaN,NaN,NaN,NaN,NaN,0,0,NaN,0,0,NaN,NaN,NaN,NaN,NaN,NaN,NaN,NaN,NaN,NaN,NaN,NaN,0,0,0,0,0,NaN,0,0,0,0
10/07/2025,04,5GNR,Central Texas,137,Austin,SCHZ,1370409,TX_AUS_METRIC_MEARNS_005,0080,NaN,0,0,100,0,0,0,0,NaN,NaN,NaN,NaN,NaN,0,0,0,NaN,0,0,0,NaN,NaN,NaN,NaN,NaN,NaN,NaN,NaN,NaN,0,0,NaN,0,0,NaN,NaN,NaN,NaN,NaN,NaN,NaN,NaN,NaN,NaN,NaN,NaN,0,0,0,0,0,NaN,0,0,0,0
10/07/2025,04,5GNR,Central Texas,137,Austin,SCHZ,1370409,TX_AUS_METRIC_MEARNS_005,0081,NaN,0,0,100,0,0,0,0,NaN,NaN,NaN,NaN,NaN,0,0,0,NaN,0,0,0,NaN,NaN,NaN,NaN,NaN,NaN,NaN,NaN,NaN,0,0,NaN,0,0,NaN,NaN,NaN,NaN,NaN,NaN,NaN,NaN,NaN,NaN,NaN,NaN,0,0,0,0,0,NaN,0,0,0,0
10/07/2025,04,5GNR,Central Texas,137,Austin,SCHZ,1370409,TX_AUS_METRIC_MEARNS_007,0037,NaN,0,0,100,0,0,0,0,NaN,NaN,NaN,NaN,NaN,0,0,0,NaN,0,0,0,NaN,NaN,NaN,NaN,NaN,NaN,NaN,NaN,NaN,0,0,NaN,0,0,NaN,NaN,NaN,NaN,NaN,NaN,NaN,NaN,NaN,NaN,NaN,NaN,0,0,0,0,0,NaN,0,0,0,0
10/07/2025,04,5GNR,Central Texas,137,Austin,SCHZ,1370409,TX_AUS_METRIC_MEARNS_007,0038,NaN,0,0,100,0,0,0,0,NaN,NaN,NaN,NaN,NaN,0,0,0,NaN,0,0,0,NaN,NaN,NaN,NaN,NaN,NaN,NaN,NaN,NaN,0,0,NaN,0,0,NaN,NaN,NaN,NaN,NaN,NaN,NaN,NaN,NaN,NaN,NaN,NaN,0,0,0,0,0,NaN,0,0,0,0
10/07/2025,04,5GNR,Central Texas,137,Austin,SCHZ,1370409,TX_AUS_METRIC_MEARNS_007,0039,NaN,0,0,100,0,0,0,0,NaN,NaN,NaN,NaN,NaN,0,0,0,NaN,0,0,0,NaN,NaN,NaN,NaN,NaN,NaN,NaN,NaN,NaN,0,0,NaN,0,0,NaN,NaN,NaN,NaN,NaN,NaN,NaN,NaN,NaN,NaN,NaN,NaN,0,0,0,0,0,NaN,0,0,0,0
10/07/2025,04,5GNR,Central Texas,137,Austin,SCHZ,1370409,TX_AUS_METRIC_MEARNS_008,0082,NaN,0,0,100,0,0,0,0,NaN,NaN,NaN,NaN,NaN,0,0,0,NaN,0,0,0,NaN,NaN,NaN,NaN,NaN,NaN,NaN,NaN,NaN,0,0,NaN,0,0,NaN,NaN,NaN,NaN,NaN,NaN,NaN,NaN,NaN,NaN,NaN,NaN,0,0,0,0,0,NaN,0,0,0,0
10/07/2025,04,5GNR,Central Texas,137,Austin,SCHZ,1370409,TX_AUS_METRIC_MEARNS_008,0083,NaN,0,0,100,0,0,0,0,NaN,NaN,NaN,NaN,NaN,0,0,0,NaN,0,0,0,NaN,NaN,NaN,NaN,NaN,NaN,NaN,NaN,NaN,0,0,NaN,0,0,NaN,NaN,NaN,NaN,NaN,NaN,NaN,NaN,NaN,NaN,NaN,NaN,0,0,0,0,0,NaN,0,0,0,0
10/07/2025,04,5GNR,Central Texas,137,Austin,SCHZ,1370409,TX_AUS_METRIC_MEARNS_008,0084,NaN,0,0,100,0,0,0,0,NaN,NaN,NaN,NaN,NaN,0,0,0,NaN,0,0,0,NaN,NaN,NaN,NaN,NaN,NaN,NaN,NaN,NaN,0,0,NaN,0,0,NaN,NaN,NaN,NaN,NaN,NaN,NaN,NaN,NaN,NaN,NaN,NaN,0,0,0,0,0,NaN,0,0,0,0
10/07/2025,04,5GNR,Central Texas,137,Austin,SCHZ,1370409,TX_AUS_METRIC_MEARNS_009,0043,NaN,0,0,100,0,0,0,0,NaN,NaN,NaN,NaN,NaN,0,0,0,NaN,0,0,0,NaN,NaN,NaN,NaN,NaN,NaN,NaN,NaN,NaN,0,0,NaN,0,0,NaN,NaN,NaN,NaN,NaN,NaN,NaN,NaN,NaN,NaN,NaN,NaN,0,0,0,0,0,NaN,0,0,0,0
10/07/2025,04,5GNR,Central Texas,137,Austin,SCHZ,1370409,TX_AUS_METRIC_MEARNS_009,0044,NaN,0,0,100,0,0,0,0,NaN,NaN,NaN,NaN,NaN,0,0,0,NaN,0,0,0,NaN,NaN,NaN,NaN,NaN,NaN,NaN,NaN,NaN,0,0,NaN,0,0,NaN,NaN,NaN,NaN,NaN,NaN,NaN,NaN,NaN,NaN,NaN,NaN,0,0,0,0,0,NaN,0,0,0,0
10/07/2025,04,5GNR,Central Texas,137,Austin,SCHZ,1370409,TX_AUS_METRIC_MEARNS_009,0045,NaN,0,0,100,0,0,0,0,NaN,NaN,NaN,NaN,NaN,0,0,0,NaN,0,0,0,NaN,NaN,NaN,NaN,NaN,NaN,NaN,NaN,NaN,0,0,NaN,0,0,NaN,NaN,NaN,NaN,NaN,NaN,NaN,NaN,NaN,NaN,NaN,NaN,0,0,0,0,0,NaN,0,0,0,0
10/07/2025,04,5GNR,Central Texas,137,Austin,SCHZ,1370409,TX_AUS_METRIC_MEARNS_010,0007,NaN,0,0,100,0,0,0,0,NaN,NaN,NaN,NaN,NaN,0,0,0,NaN,0,0,0,NaN,NaN,NaN,NaN,NaN,NaN,NaN,NaN,NaN,0,0,NaN,0,0,NaN,NaN,NaN,NaN,NaN,NaN,NaN,NaN,NaN,NaN,NaN,NaN,0,0,0,0,0,NaN,0,0,0,0
10/07/2025,04,5GNR,Central Texas,137,Austin,SCHZ,1370409,TX_AUS_METRIC_MEARNS_010,0008,NaN,0,0,100,0,0,0,0,NaN,NaN,NaN,NaN,NaN,0,0,0,NaN,0,0,0,NaN,NaN,NaN,NaN,NaN,NaN,NaN,NaN,NaN,0,0,NaN,0,0,NaN,NaN,NaN,NaN,NaN,NaN,NaN,NaN,NaN,NaN,NaN,NaN,0,0,0,0,0,NaN,0,0,0,0
10/07/2025,04,5GNR,Central Texas,137,Austin,SCHZ,1370409,TX_AUS_METRIC_MEARNS_010,0009,NaN,0,0,100,0,0,0,0,NaN,NaN,NaN,NaN,NaN,0,0,0,NaN,0,0,0,NaN,NaN,NaN,NaN,NaN,NaN,NaN,NaN,NaN,0,0,NaN,0,0,NaN,NaN,NaN,NaN,NaN,NaN,NaN,NaN,NaN,NaN,NaN,NaN,0,0,0,0,0,NaN,0,0,0,0
10/07/2025,04,5GNR,Central Texas,137,Austin,SCHZ,1370409,TX_AUS_METRIC_MEARNS_011,0067,NaN,0,0,100,0,0,0,0,NaN,NaN,NaN,NaN,NaN,0,0,0,NaN,0,0,0,NaN,NaN,NaN,NaN,NaN,NaN,NaN,NaN,NaN,0,0,NaN,0,0,NaN,NaN,NaN,NaN,NaN,NaN,NaN,NaN,NaN,NaN,NaN,NaN,0,0,0,0,0,NaN,0,0,0,0
10/07/2025,04,5GNR,Central Texas,137,Austin,SCHZ,1370409,TX_AUS_METRIC_MEARNS_011,0068,NaN,0,0,100,0,0,0,0,NaN,NaN,NaN,NaN,NaN,0,0,0,NaN,0,0,0,NaN,NaN,NaN,NaN,NaN,NaN,NaN,NaN,NaN,0,0,NaN,0,0,NaN,NaN,NaN,NaN,NaN,NaN,NaN,NaN,NaN,NaN,NaN,NaN,0,0,0,0,0,NaN,0,0,0,0
10/07/2025,04,5GNR,Central Texas,137,Austin,SCHZ,1370409,TX_AUS_METRIC_MEARNS_011,0069,NaN,0,0,100,0,0,0,0,NaN,NaN,NaN,NaN,NaN,0,0,0,NaN,0,0,0,NaN,NaN,NaN,NaN,NaN,NaN,NaN,NaN,NaN,0,0,NaN,0,0,NaN,NaN,NaN,NaN,NaN,NaN,NaN,NaN,NaN,NaN,NaN,NaN,0,0,0,0,0,NaN,0,0,0,0
10/07/2025,04,5GNR,Central Texas,137,Austin,SCHZ,1370409,TX_AUS_NLAMARE_021,0004,0,0,5,100,4,4,34.87,0.01,190.46,0,0.01,0.04,0.8,16.05,15.42,24.1,0,0.3,1.54,0,3.55,NaN,NaN,NaN,NaN,NaN,NaN,NaN,NaN,0,0,NaN,0,0,NaN,NaN,NaN,NaN,NaN,NaN,NaN,NaN,NaN,NaN,NaN,NaN,0,0,0,0,0,NaN,0,0,24.1,0
10/07/2025,04,5GNR,Central Texas,137,Austin,SCHZ,1370409,TX_AUS_NLAMARE_021,0005,16.67,2,12,100,6,6,12.21,0.01,16.71,0,0,0,5.7,15.63,13.39,8.39,0,1.01,1.72,0,4.23,NaN,NaN,NaN,NaN,NaN,NaN,NaN,NaN,0,0,NaN,0,0,NaN,NaN,NaN,NaN,NaN,NaN,NaN,NaN,NaN,NaN,NaN,NaN,0,0,0,0,0,NaN,0,0,8.4,0
10/07/2025,04,5GNR,Central Texas,137,Austin,SCHZ,1370409,TX_AUS_NLAMARE_021,0006,0,0,3,100,0,0,0.19,0,21.31,0,0,0,1.02,15.51,8.66,0.16,NaN,0.01,0.02,0,0.51,NaN,NaN,NaN,NaN,NaN,NaN,NaN,NaN,0,0,NaN,0,0,NaN,NaN,NaN,NaN,NaN,NaN,NaN,NaN,NaN,NaN,NaN,NaN,0,0,0,0,0,NaN,0,0,0.16,0
10/07/2025,04,5GNR,Central Texas,137,Austin,SCHZ,1370409,TX_AUS_NLAMARW_009,0034,NaN,0,0,100,0,0,0,0,NaN,NaN,NaN,NaN,NaN,0,0,0,NaN,0,0,0,NaN,NaN,NaN,NaN,NaN,NaN,NaN,NaN,NaN,0,0,NaN,0,0,NaN,NaN,NaN,NaN,NaN,NaN,NaN,NaN,NaN,NaN,NaN,NaN,0,0,0,0,0,NaN,0,0,0,0
10/07/2025,04,5GNR,Central Texas,137,Austin,SCHZ,1370409,TX_AUS_NLAMARW_009,0035,NaN,0,0,100,0,0,0,0,NaN,NaN,NaN,NaN,NaN,0,0,0,NaN,0,0,0,NaN,NaN,NaN,NaN,NaN,NaN,NaN,NaN,NaN,0,0,NaN,0,0,NaN,NaN,NaN,NaN,NaN,NaN,NaN,NaN,NaN,NaN,NaN,NaN,0,0,0,0,0,NaN,0,0,0,0
10/07/2025,04,5GNR,Central Texas,137,Austin,SCHZ,1370409,TX_AUS_NLAMARW_009,0036,NaN,0,0,100,0,0,0,0,NaN,NaN,NaN,NaN,NaN,0,0,0,NaN,0,0,0,NaN,NaN,NaN,NaN,NaN,NaN,NaN,NaN,NaN,0,0,NaN,0,0,NaN,NaN,NaN,NaN,NaN,NaN,NaN,NaN,NaN,NaN,NaN,NaN,0,0,0,0,0,NaN,0,0,0,0
10/07/2025,04,5GNR,Central Texas,137,Austin,SCHZ,1370409,TX_AUS_NLAMARW_015,0055,NaN,0,0,100,0,0,0,0,NaN,NaN,NaN,NaN,NaN,0,0,0,NaN,0,0,0,NaN,NaN,NaN,NaN,NaN,NaN,NaN,NaN,NaN,0,0,NaN,0,0,NaN,NaN,NaN,NaN,NaN,NaN,NaN,NaN,NaN,NaN,NaN,NaN,0,0,0,0,0,NaN,0,0,0,0
10/07/2025,04,5GNR,Central Texas,137,Austin,SCHZ,1370409,TX_AUS_NLAMARW_015,0056,NaN,0,0,100,0,0,0,0,NaN,NaN,NaN,NaN,NaN,0,0,0,NaN,0,0,0,NaN,NaN,NaN,NaN,NaN,NaN,NaN,NaN,NaN,0,0,NaN,0,0,NaN,NaN,NaN,NaN,NaN,NaN,NaN,NaN,NaN,NaN,NaN,NaN,0,0,0,0,0,NaN,0,0,0,0
10/07/2025,04,5GNR,Central Texas,137,Austin,SCHZ,1370409,TX_AUS_NLAMARW_015,0057,NaN,0,0,100,0,0,0,0,NaN,NaN,NaN,NaN,NaN,0,0,0,NaN,0,0,0,NaN,NaN,NaN,NaN,NaN,NaN,NaN,NaN,NaN,0,0,NaN,0,0,NaN,NaN,NaN,NaN,NaN,NaN,NaN,NaN,NaN,NaN,NaN,NaN,0,0,0,0,0,NaN,0,0,0,0
10/07/2025,04,5GNR,Central Texas,137,Austin,SCHZ,1370409,TX_AUS_NLAMARW_024,0025,NaN,0,0,100,0,0,0,0,NaN,NaN,NaN,NaN,NaN,0,0,0,NaN,0,0,0,NaN,NaN,NaN,NaN,NaN,NaN,NaN,NaN,NaN,0,0,NaN,0,0,NaN,NaN,NaN,NaN,NaN,NaN,NaN,NaN,NaN,NaN,NaN,NaN,0,0,0,0,0,NaN,0,0,0,0
10/07/2025,04,5GNR,Central Texas,137,Austin,SCHZ,1370409,TX_AUS_NLAMARW_024,0026,NaN,0,0,100,0,0,0,0,NaN,NaN,NaN,NaN,NaN,0,0,0,NaN,0,0,0,NaN,NaN,NaN,NaN,NaN,NaN,NaN,NaN,NaN,0,0,NaN,0,0,NaN,NaN,NaN,NaN,NaN,NaN,NaN,NaN,NaN,NaN,NaN,NaN,0,0,0,0,0,NaN,0,0,0,0
10/07/2025,04,5GNR,Central Texas,137,Austin,SCHZ,1370409,TX_AUS_NLAMARW_024,0027,NaN,0,0,100,0,0,0,0,NaN,NaN,NaN,NaN,NaN,0,0,0,NaN,0,0,0,NaN,NaN,NaN,NaN,NaN,NaN,NaN,NaN,NaN,0,0,NaN,0,0,NaN,NaN,NaN,NaN,NaN,NaN,NaN,NaN,NaN,NaN,NaN,NaN,0,0,0,0,0,NaN,0,0,0,0
10/07/2025,04,5GNR,Central Texas,137,Austin,SCHZ,1370409,TX_AUS_NLAMARW_026,0070,NaN,0,0,100,0,0,0,0,NaN,NaN,NaN,NaN,NaN,0,0,0,NaN,0,0,0,NaN,NaN,NaN,NaN,NaN,NaN,NaN,NaN,NaN,0,0,NaN,0,0,NaN,NaN,NaN,NaN,NaN,NaN,NaN,NaN,NaN,NaN,NaN,NaN,0,0,0,0,0,NaN,0,0,0,0
10/07/2025,04,5GNR,Central Texas,137,Austin,SCHZ,1370409,TX_AUS_NLAMARW_026,0071,NaN,0,0,100,0,0,0,0,NaN,NaN,NaN,NaN,NaN,0,0,0,NaN,0,0,0,NaN,NaN,NaN,NaN,NaN,NaN,NaN,NaN,NaN,0,0,NaN,0,0,NaN,NaN,NaN,NaN,NaN,NaN,NaN,NaN,NaN,NaN,NaN,NaN,0,0,0,0,0,NaN,0,0,0,0
10/07/2025,04,5GNR,Central Texas,137,Austin,SCHZ,1370409,TX_AUS_NLAMARW_026,0072,NaN,0,0,100,0,0,0,0,NaN,NaN,NaN,NaN,NaN,0,0,0,NaN,0,0,0,NaN,NaN,NaN,NaN,NaN,NaN,NaN,NaN,NaN,0,0,NaN,0,0,NaN,NaN,NaN,NaN,NaN,NaN,NaN,NaN,NaN,NaN,NaN,NaN,0,0,0,0,0,NaN,0,0,0,0
10/07/2025,04,5GNR,Central Texas,137,Austin,SCHZ,1370409,TX_AUS_NLAMARW_028,0073,NaN,0,0,100,0,0,0,0,NaN,NaN,NaN,NaN,NaN,0,0,0,NaN,0,0,0,NaN,NaN,NaN,NaN,NaN,NaN,NaN,NaN,NaN,0,0,NaN,0,0,NaN,NaN,NaN,NaN,NaN,NaN,NaN,NaN,NaN,NaN,NaN,NaN,0,0,0,0,0,NaN,0,0,0,0
10/07/2025,04,5GNR,Central Texas,137,Austin,SCHZ,1370409,TX_AUS_NLAMARW_028,0074,NaN,0,0,100,0,0,0,0,NaN,NaN,NaN,NaN,NaN,0,0,0,NaN,0,0,0,NaN,NaN,NaN,NaN,NaN,NaN,NaN,NaN,NaN,0,0,NaN,0,0,NaN,NaN,NaN,NaN,NaN,NaN,NaN,NaN,NaN,NaN,NaN,NaN,0,0,0,0,0,NaN,0,0,0,0
10/07/2025,04,5GNR,Central Texas,137,Austin,SCHZ,1370409,TX_AUS_NLAMARW_028,0075,NaN,0,0,100,0,0,0,0,NaN,NaN,NaN,NaN,NaN,0,0,0,NaN,0,0,0,NaN,NaN,NaN,NaN,NaN,NaN,NaN,NaN,NaN,0,0,NaN,0,0,NaN,NaN,NaN,NaN,NaN,NaN,NaN,NaN,NaN,NaN,NaN,NaN,0,0,0,0,0,NaN,0,0,0,0
10/07/2025,04,5GNR,Central Texas,137,Austin,SCHZ,1370410,JAMESTOWN,0025,5.88,1,17,100,15,15,139.41,0.03,259.97,0.04,0.04,0.09,9.04,15.32,12.61,98.69,0,0.63,1.36,0,2.88,NaN,NaN,NaN,NaN,NaN,NaN,NaN,NaN,0,0,NaN,0,0,NaN,NaN,NaN,NaN,NaN,NaN,NaN,NaN,NaN,NaN,NaN,NaN,0,0,0,0,0,NaN,0,0,100.25,0
10/07/2025,04,5GNR,Central Texas,137,Austin,SCHZ,1370410,JAMESTOWN,0026,2.29,4,175,100,207,207,159.26,0.01,460.35,0.01,0.11,0.37,0.09,18.39,19.88,95.19,0,8.68,30.33,0.01,25.54,NaN,NaN,NaN,NaN,NaN,NaN,NaN,NaN,0,0,NaN,0,0,NaN,NaN,NaN,NaN,NaN,NaN,NaN,NaN,NaN,NaN,NaN,NaN,0,0,0,0,0,NaN,0,0,95.19,0
10/07/2025,04,5GNR,Central Texas,137,Austin,SCHZ,1370410,JAMESTOWN,0027,5.88,1,17,100,13,13,37.39,0.02,20.78,0,0.02,0.07,0.4,18.59,17.27,23.66,0,1.24,6.84,0.01,5.72,NaN,NaN,NaN,NaN,NaN,NaN,NaN,NaN,0,0,NaN,0,0,NaN,NaN,NaN,NaN,NaN,NaN,NaN,NaN,NaN,NaN,NaN,NaN,0,0,0,0,0,NaN,0,0,24.71,0
10/07/2025,04,5GNR,Central Texas,137,Austin,SCHZ,1370410,TX_AUS_NLAMARE_026,0007,NaN,0,0,100,0,0,0,0,NaN,NaN,NaN,NaN,NaN,0,0,0,NaN,0,0,0,NaN,NaN,NaN,NaN,NaN,NaN,NaN,NaN,NaN,0,0,NaN,0,0,NaN,NaN,NaN,NaN,NaN,NaN,NaN,NaN,NaN,NaN,NaN,NaN,0,0,0,0,0,NaN,0,0,0,0
10/07/2025,04,5GNR,Central Texas,137,Austin,SCHZ,1370410,TX_AUS_NLAMARE_026,0008,0,0,1,100,1,1,4.29,0,89.79,0,0,0,0.25,14.49,11.43,3.31,0,0,0.03,0,NaN,NaN,NaN,NaN,NaN,NaN,NaN,NaN,NaN,0,0,NaN,0,0,NaN,NaN,NaN,NaN,NaN,NaN,NaN,NaN,NaN,NaN,NaN,NaN,0,0,0,0,0,NaN,0,0,3.31,0
10/07/2025,04,5GNR,Central Texas,137,Austin,SCHZ,1370410,TX_AUS_NLAMARE_026,0009,NaN,0,0,100,0,0,0,0,NaN,NaN,NaN,NaN,NaN,0,0,0,NaN,0,0,0,NaN,NaN,NaN,NaN,NaN,NaN,NaN,NaN,NaN,0,0,NaN,0,0,NaN,NaN,NaN,NaN,NaN,NaN,NaN,NaN,NaN,NaN,NaN,NaN,0,0,0,0,0,NaN,0,0,0,0
10/07/2025,04,5GNR,Central Texas,137,Austin,SCHZ,1370410,TX_AUS_NLAMARW_031,0019,NaN,0,0,100,0,0,0,0,NaN,NaN,NaN,NaN,NaN,0,0,0,NaN,0,0,0,NaN,NaN,NaN,NaN,NaN,NaN,NaN,NaN,NaN,0,0,NaN,0,0,NaN,NaN,NaN,NaN,NaN,NaN,NaN,NaN,NaN,NaN,NaN,NaN,0,0,0,0,0,NaN,0,0,0,0
10/07/2025,04,5GNR,Central Texas,137,Austin,SCHZ,1370410,TX_AUS_NLAMARW_031,0020,0,0,1,100,1,1,3.78,0,30.3,0,0,0,0.13,18.21,16.47,0.34,0,0.01,0.56,0,9.83,NaN,NaN,NaN,NaN,NaN,NaN,NaN,NaN,0,0,NaN,0,0,NaN,NaN,NaN,NaN,NaN,NaN,NaN,NaN,NaN,NaN,NaN,NaN,0,0,0,0,0,NaN,0,0,2.09,0
10/07/2025,04,5GNR,Central Texas,137,Austin,SCHZ,1370410,TX_AUS_NLAMARW_031,0021,NaN,0,0,100,0,0,0,0,NaN,NaN,NaN,NaN,NaN,0,0,0,NaN,0,0,0,NaN,NaN,NaN,NaN,NaN,NaN,NaN,NaN,NaN,0,0,NaN,0,0,NaN,NaN,NaN,NaN,NaN,NaN,NaN,NaN,NaN,NaN,NaN,NaN,0,0,0,0,0,NaN,0,0,0,0
10/07/2025,04,5GNR,Central Texas,137,Austin,SCHZ,1370410,TX_AUS_NLAMARW_032,0022,NaN,0,0,100,0,0,0,0,NaN,NaN,NaN,NaN,NaN,0,0,0,NaN,0,0,0,NaN,NaN,NaN,NaN,NaN,NaN,NaN,NaN,NaN,0,0,NaN,0,0,NaN,NaN,NaN,NaN,NaN,NaN,NaN,NaN,NaN,NaN,NaN,NaN,0,0,0,0,0,NaN,0,0,0,0
10/07/2025,04,5GNR,Central Texas,137,Austin,SCHZ,1370410,TX_AUS_NLAMARW_032,0023,NaN,0,0,100,0,0,0,0,NaN,NaN,NaN,NaN,NaN,0,0,0,NaN,0,0,0,NaN,NaN,NaN,NaN,NaN,NaN,NaN,NaN,NaN,0,0,NaN,0,0,NaN,NaN,NaN,NaN,NaN,NaN,NaN,NaN,NaN,NaN,NaN,NaN,0,0,0,0,0,NaN,0,0,0,0
10/07/2025,04,5GNR,Central Texas,137,Austin,SCHZ,1370410,TX_AUS_NLAMARW_032,0024,NaN,0,0,100,0,0,0,0,NaN,NaN,NaN,NaN,NaN,0,0,0,NaN,0,0,0,NaN,NaN,NaN,NaN,NaN,NaN,NaN,NaN,NaN,0,0,NaN,0,0,NaN,NaN,NaN,NaN,NaN,NaN,NaN,NaN,NaN,NaN,NaN,NaN,0,0,0,0,0,NaN,0,0,0,0
10/07/2025,04,5GNR,Central Texas,137,Austin,SCHZ,1370410,TX_AUS_NLAMARW_040,0004,NaN,0,0,100,0,0,0,0,NaN,NaN,NaN,NaN,NaN,0,0,0,NaN,0,0,0,NaN,NaN,NaN,NaN,NaN,NaN,NaN,NaN,NaN,0,0,NaN,0,0,NaN,NaN,NaN,NaN,NaN,NaN,NaN,NaN,NaN,NaN,NaN,NaN,0,0,0,0,0,NaN,0,0,0,0
10/07/2025,04,5GNR,Central Texas,137,Austin,SCHZ,1370410,TX_AUS_NLAMARW_040,0005,NaN,0,0,100,0,0,0,0,NaN,NaN,NaN,NaN,NaN,0,0,0,NaN,0,0,0,NaN,NaN,NaN,NaN,NaN,NaN,NaN,NaN,NaN,0,0,NaN,0,0,NaN,NaN,NaN,NaN,NaN,NaN,NaN,NaN,NaN,NaN,NaN,NaN,0,0,0,0,0,NaN,0,0,0,0
10/07/2025,04,5GNR,Central Texas,137,Austin,SCHZ,1370410,TX_AUS_NLAMARW_040,0006,NaN,0,0,100,0,0,0,0,NaN,NaN,NaN,NaN,NaN,0,0,0,NaN,0,0,0,NaN,NaN,NaN,NaN,NaN,NaN,NaN,NaN,NaN,0,0,NaN,0,0,NaN,NaN,NaN,NaN,NaN,NaN,NaN,NaN,NaN,NaN,NaN,NaN,0,0,0,0,0,NaN,0,0,0,0
10/07/2025,04,5GNR,Central Texas,137,Austin,SCHZ,1370413,BEATRICE_COVE,0012,NaN,0,0,100,0,0,0.57,0,NaN,0,0,0,0.2,18.07,17.58,0,NaN,0,0.07,0,2.85,NaN,NaN,NaN,NaN,NaN,NaN,NaN,NaN,0,0,NaN,0,0,NaN,NaN,NaN,NaN,NaN,NaN,NaN,NaN,NaN,NaN,NaN,NaN,0,0,0,0,0,NaN,0,0,0.32,0
10/07/2025,04,5GNR,Central Texas,137,Austin,SCHZ,1370413,BEATRICE_COVE,0013,NaN,0,0,100,0,0,0.6,0,NaN,0,0,0,0.09,17.9,15.61,0,NaN,0,0.04,0,NaN,NaN,NaN,NaN,NaN,NaN,NaN,NaN,NaN,0,0,NaN,0,0,NaN,NaN,NaN,NaN,NaN,NaN,NaN,NaN,NaN,NaN,NaN,NaN,0,0,0,0,0,NaN,0,0,0.43,0
10/07/2025,04,5GNR,Central Texas,137,Austin,SCHZ,1370413,BEATRICE_COVE,0014,NaN,0,0,100,0,0,3.45,0,NaN,0,0,0,0,18.51,16.59,0,NaN,0,0.1,0,65.54,NaN,NaN,NaN,NaN,NaN,NaN,NaN,NaN,0,0,NaN,0,0,NaN,NaN,NaN,NaN,NaN,NaN,NaN,NaN,NaN,NaN,NaN,NaN,0,0,0,0,0,NaN,0,0,2.39,0
10/07/2025,04,5GNR,Central Texas,137,Austin,SCHZ,1370413,DOMAIN_BLUEG_E,0005,40,2,5,100,4,4,0.63,0,76.46,0,0,0,5.06,17.66,12.47,0.34,0,0.04,0.09,0,4.83,NaN,NaN,NaN,NaN,NaN,NaN,NaN,NaN,0,0,NaN,0,0,NaN,NaN,NaN,NaN,NaN,NaN,NaN,NaN,NaN,NaN,NaN,NaN,0,0,0,0,0,NaN,0,0,0.34,0
10/07/2025,04,5GNR,Central Texas,137,Austin,SCHZ,1370413,DOMAIN_BLUEG_N,0004,0,0,8,100,8,8,10.35,0,37.42,0,0,0,7.15,16.25,11.15,6.28,0,0.55,0.91,0,2.28,NaN,NaN,NaN,NaN,NaN,NaN,NaN,NaN,0,0,NaN,0,0,NaN,NaN,NaN,NaN,NaN,NaN,NaN,NaN,NaN,NaN,NaN,NaN,0,0,0,0,0,NaN,0,0,6.3,0
10/07/2025,04,5GNR,Central Texas,137,Austin,SCHZ,1370413,DOMAIN_BLUEG_S,0006,NaN,0,0,100,0,0,0,0,NaN,NaN,NaN,NaN,NaN,0,0,0,NaN,0,0,0,NaN,NaN,NaN,NaN,NaN,NaN,NaN,NaN,NaN,0,0,NaN,0,0,NaN,NaN,NaN,NaN,NaN,NaN,NaN,NaN,NaN,NaN,NaN,NaN,0,0,0,0,0,NaN,0,0,0,0
10/07/2025,04,5GNR,Central Texas,137,Austin,SCHZ,1370413,DOMAIN_GREENG_E,0002,0,0,6,100,4,4,23.72,0,401.86,0,0,0,1.24,16.37,14.77,16.14,0,0.1,0.34,0,0.56,NaN,NaN,NaN,NaN,NaN,NaN,NaN,NaN,0,0,NaN,0,0,NaN,NaN,NaN,NaN,NaN,NaN,NaN,NaN,NaN,NaN,NaN,NaN,0,0,0,0,0,NaN,0,0,16.14,0
10/07/2025,04,5GNR,Central Texas,137,Austin,SCHZ,1370413,DOMAIN_GREENG_N,0001,20,1,5,100,4,4,0.75,0,11.12,0,0,0,5.88,15.65,6.8,0.32,0,0.01,0.05,0,0.18,NaN,NaN,NaN,NaN,NaN,NaN,NaN,NaN,0,0,NaN,0,0,NaN,NaN,NaN,NaN,NaN,NaN,NaN,NaN,NaN,NaN,NaN,NaN,0,0,0,0,0,NaN,0,0,0.54,0
10/07/2025,04,5GNR,Central Texas,137,Austin,SCHZ,1370413,DOMAIN_GREENG_S,0003,0,0,71,100,81,81,136.24,0.01,341.29,0,0,0,0,18.58,22.79,82.78,0,1.24,8.31,0,22.43,NaN,NaN,NaN,NaN,NaN,NaN,NaN,NaN,0,0,NaN,0,0,NaN,NaN,NaN,NaN,NaN,NaN,NaN,NaN,NaN,NaN,NaN,NaN,0,0,0,0,0,NaN,0,0,82.78,0
10/07/2025,04,5GNR,Central Texas,137,Austin,SCHZ,1370413,DOMAIN_PURPLEG_NW,0007,NaN,0,0,100,1,0,0,0,NaN,NaN,NaN,NaN,NaN,0,0,0,100,0,0,0,NaN,NaN,NaN,NaN,NaN,NaN,NaN,NaN,NaN,0,0,NaN,0,0,NaN,NaN,NaN,NaN,NaN,NaN,NaN,NaN,NaN,NaN,NaN,NaN,0,0,0,0,0,NaN,0,0,0,0
10/07/2025,04,5GNR,Central Texas,137,Austin,SCHZ,1370413,DOMAIN_PURPLEG_S,0008,0,0,5,100,3,3,3.46,0,108.35,0,0,0,13.66,16.55,13.07,3.1,0,0.09,0.17,0,2.41,NaN,NaN,NaN,NaN,NaN,NaN,NaN,NaN,0,0,NaN,0,0,NaN,NaN,NaN,NaN,NaN,NaN,NaN,NaN,NaN,NaN,NaN,NaN,0,0,0,0,0,NaN,0,0,3.1,0
10/07/2025,04,5GNR,Central Texas,137,Austin,SCHZ,1370413,DOMAIN_REDG_E,0009,NaN,0,0,100,0,0,0,0,NaN,NaN,NaN,NaN,NaN,0,0,0,NaN,0,0,0,NaN,NaN,NaN,NaN,NaN,NaN,NaN,NaN,NaN,0,0,NaN,0,0,NaN,NaN,NaN,NaN,NaN,NaN,NaN,NaN,NaN,NaN,NaN,NaN,0,0,0,0,0,NaN,0,0,0,0
10/07/2025,04,5GNR,Central Texas,137,Austin,SCHZ,1370413,DOMAIN_REDG_W,0010,0,0,1,100,1,1,8.35,0,0,0,0,0,0.01,18,17.03,0,0,0,1.25,0,49.15,NaN,NaN,NaN,NaN,NaN,NaN,NaN,NaN,0,0,NaN,0,0,NaN,NaN,NaN,NaN,NaN,NaN,NaN,NaN,NaN,NaN,NaN,NaN,0,0,0,0,0,NaN,0,0,5.33,0
10/07/2025,04,5GNR,Central Texas,137,Austin,SCHZ,1370413,IBM_BURNET,0015,NaN,0,0,100,0,0,0.04,0,NaN,0,0,0,0,16.96,10.85,0,NaN,0,0.01,0,NaN,NaN,NaN,NaN,NaN,NaN,NaN,NaN,NaN,0,0,NaN,0,0,NaN,NaN,NaN,NaN,NaN,NaN,NaN,NaN,NaN,NaN,NaN,NaN,0,0,0,0,0,NaN,0,0,0.03,0
10/07/2025,04,5GNR,Central Texas,137,Austin,SCHZ,1370413,IBM_BURNET,0016,0,0,3,100,1,1,5.28,0,139.57,0,0,0,1.96,15.26,8.35,3.61,0,0.01,0.09,0,0.8,NaN,NaN,NaN,NaN,NaN,NaN,NaN,NaN,0,0,NaN,0,0,NaN,NaN,NaN,NaN,NaN,NaN,NaN,NaN,NaN,NaN,NaN,NaN,0,0,0,0,0,NaN,0,0,3.61,0
10/07/2025,04,5GNR,Central Texas,137,Austin,SCHZ,1370413,IBM_BURNET,0017,NaN,0,0,100,0,0,0,0,NaN,NaN,NaN,NaN,NaN,0,0,0,NaN,0,0,0,NaN,NaN,NaN,NaN,NaN,NaN,NaN,NaN,NaN,0,0,NaN,0,0,NaN,NaN,NaN,NaN,NaN,NaN,NaN,NaN,NaN,NaN,NaN,NaN,0,0,0,0,0,NaN,0,0,0,0
10/07/2025,04,5GNR,Central Texas,137,Austin,SCHZ,1370413,ROCK_ROSE_SC,0011,0,0,11,100,10,10,27.95,0.01,118.49,0,0.01,0.02,4.28,16.41,13.28,17.52,0,2.37,4.25,0,5.13,NaN,NaN,NaN,NaN,NaN,NaN,NaN,NaN,0,0,NaN,0,0,NaN,NaN,NaN,NaN,NaN,NaN,NaN,NaN,NaN,NaN,NaN,NaN,0,0,0,0,0,NaN,0,0,17.52,0
10/07/2025,04,5GNR,Central Texas,137,Austin,SCHZ,1370414,PARKER_LANE,0064,0,0,16,100,10,10,12.34,0,66.86,0,0,0,2.14,16.2,15.19,8.54,0,0.89,3.65,0,9.82,NaN,NaN,NaN,NaN,NaN,NaN,NaN,NaN,0,0,NaN,0,0,NaN,NaN,NaN,NaN,NaN,NaN,NaN,NaN,NaN,NaN,NaN,NaN,0,0,0,0,0,NaN,0,0,8.54,0
10/07/2025,04,5GNR,Central Texas,137,Austin,SCHZ,1370414,PARKER_LANE,0065,0,0,2,100,11,11,61.66,0.01,30.75,0.01,0.02,0.03,0.02,17.64,20.53,24.23,0,9.16,48.97,0.02,51.94,NaN,NaN,NaN,NaN,NaN,NaN,NaN,NaN,0,0,NaN,0,0,NaN,NaN,NaN,NaN,NaN,NaN,NaN,NaN,NaN,NaN,NaN,NaN,0,0,0,0,0,NaN,0,0,24.23,0
10/07/2025,04,5GNR,Central Texas,137,Austin,SCHZ,1370414,PARKER_LANE,0066,14.29,3,21,100,12,12,196.77,0.04,35.71,0,0,0,3.66,17.59,15.51,21.68,0,0.59,4.48,0,5.1,NaN,NaN,NaN,NaN,NaN,NaN,NaN,NaN,0,0,NaN,0,0,NaN,NaN,NaN,NaN,NaN,NaN,NaN,NaN,NaN,NaN,NaN,NaN,0,0,0,0,0,NaN,0,0,145.95,0
10/07/2025,04,5GNR,Central Texas,137,Austin,SCHZ,1370414,RIVERSIDE,0079,0,0,6,100,4,4,24.8,0.01,65.87,0,0,0,0.49,16.59,15,0.36,0,0.02,1.1,0,4.09,NaN,NaN,NaN,NaN,NaN,NaN,NaN,NaN,0,0,NaN,0,0,NaN,NaN,NaN,NaN,NaN,NaN,NaN,NaN,NaN,NaN,NaN,NaN,0,0,0,0,0,NaN,0,0,13.25,0
10/07/2025,04,5GNR,Central Texas,137,Austin,SCHZ,1370414,RIVERSIDE,0080,0,0,2,100,4,4,1.34,0,19.95,0,0,0,0.03,17.19,10.71,0.6,0,0.18,0.33,0,0.71,NaN,NaN,NaN,NaN,NaN,NaN,NaN,NaN,0,0,NaN,0,0,NaN,NaN,NaN,NaN,NaN,NaN,NaN,NaN,NaN,NaN,NaN,NaN,0,0,0,0,0,NaN,0,0,0.6,0
10/07/2025,04,5GNR,Central Texas,137,Austin,SCHZ,1370414,RIVERSIDE,0081,0,0,70,100,85,85,372.31,0.05,382.7,0,0,0.03,0.03,18.2,18.56,267.19,0,3.31,12.63,0.01,14.3,NaN,NaN,NaN,NaN,NaN,NaN,NaN,NaN,0,0,NaN,0,0,NaN,NaN,NaN,NaN,NaN,NaN,NaN,NaN,NaN,NaN,NaN,NaN,0,0,0,0,0,NaN,0,0,269.24,0
10/07/2025,04,5GNR,Central Texas,137,Austin,SCHZ,1370414,TX_AUS_PLEASANTVALLEY_005,0031,0,0,3,100,1,1,8.24,0.01,70.49,0,0,0,3.3,13.32,10.25,7.25,0,0.02,0.05,0,0.59,NaN,NaN,NaN,NaN,NaN,NaN,NaN,NaN,0,0,NaN,0,0,NaN,NaN,NaN,NaN,NaN,NaN,NaN,NaN,NaN,NaN,NaN,NaN,0,0,0,0,0,NaN,0,0,7.25,0
10/07/2025,04,5GNR,Central Texas,137,Austin,SCHZ,1370414,TX_AUS_PLEASANTVALLEY_005,0032,0,0,2,100,0,0,0.01,0,NaN,0,0,0,2.38,14.97,6.12,0,NaN,0,0,0,0,NaN,NaN,NaN,NaN,NaN,NaN,NaN,NaN,0,0,NaN,0,0,NaN,NaN,NaN,NaN,NaN,NaN,NaN,NaN,NaN,NaN,NaN,NaN,0,0,0,0,0,NaN,0,0,0,0
10/07/2025,04,5GNR,Central Texas,137,Austin,SCHZ,1370414,TX_AUS_PLEASANTVALLEY_005,0033,0,0,1,100,0,0,0.03,0,52.43,0,0,0,40.18,14.8,11.88,0.02,NaN,0.01,0.03,0,3.74,NaN,NaN,NaN,NaN,NaN,NaN,NaN,NaN,0,0,NaN,0,0,NaN,NaN,NaN,NaN,NaN,NaN,NaN,NaN,NaN,NaN,NaN,NaN,0,0,0,0,0,NaN,0,0,0.02,0
10/07/2025,04,5GNR,Central Texas,137,Austin,SCHZ,1370414,TX_AUS_PLEASANTVALLEY_007,0004,NaN,0,0,100,0,0,0,0,NaN,NaN,NaN,NaN,NaN,0,0,0,NaN,0,0,0,NaN,NaN,NaN,NaN,NaN,NaN,NaN,NaN,NaN,0,0,NaN,0,0,NaN,NaN,NaN,NaN,NaN,NaN,NaN,NaN,NaN,NaN,NaN,NaN,0,0,0,0,0,NaN,0,0,0,0
10/07/2025,04,5GNR,Central Texas,137,Austin,SCHZ,1370414,TX_AUS_PLEASANTVALLEY_007,0005,NaN,0,0,100,0,0,0,0,NaN,NaN,NaN,NaN,NaN,0,0,0,NaN,0,0,0,NaN,NaN,NaN,NaN,NaN,NaN,NaN,NaN,NaN,0,0,NaN,0,0,NaN,NaN,NaN,NaN,NaN,NaN,NaN,NaN,NaN,NaN,NaN,NaN,0,0,0,0,0,NaN,0,0,0,0
10/07/2025,04,5GNR,Central Texas,137,Austin,SCHZ,1370414,TX_AUS_PLEASANTVALLEY_007,0006,NaN,0,0,100,0,0,0,0,NaN,NaN,NaN,NaN,NaN,0,0,0,NaN,0,0,0,NaN,NaN,NaN,NaN,NaN,NaN,NaN,NaN,NaN,0,0,NaN,0,0,NaN,NaN,NaN,NaN,NaN,NaN,NaN,NaN,NaN,NaN,NaN,NaN,0,0,0,0,0,NaN,0,0,0,0
10/07/2025,04,5GNR,Central Texas,137,Austin,SCHZ,1370414,TX_AUS_PLEASANTVALLEY_008,0001,0,0,3,100,1,1,0.27,0,44.4,0,0,0,13.42,17.22,16.21,0.08,0,0.05,0.09,0,2.68,NaN,NaN,NaN,NaN,NaN,NaN,NaN,NaN,0,0,NaN,0,0,NaN,NaN,NaN,NaN,NaN,NaN,NaN,NaN,NaN,NaN,NaN,NaN,0,0,0,0,0,NaN,0,0,0.08,0
10/07/2025,04,5GNR,Central Texas,137,Austin,SCHZ,1370414,TX_AUS_PLEASANTVALLEY_008,0002,0,0,1,100,1,1,0.6,0,62.01,0,0,0,5.66,17.4,16.76,0.23,0,0.06,0.11,0,4.2,NaN,NaN,NaN,NaN,NaN,NaN,NaN,NaN,0,0,NaN,0,0,NaN,NaN,NaN,NaN,NaN,NaN,NaN,NaN,NaN,NaN,NaN,NaN,0,0,0,0,0,NaN,0,0,0.23,0
10/07/2025,04,5GNR,Central Texas,137,Austin,SCHZ,1370414,TX_AUS_PLEASANTVALLEY_008,0003,NaN,0,0,100,0,0,0,0,NaN,NaN,NaN,NaN,NaN,0,0,0,NaN,0,0,0,NaN,NaN,NaN,NaN,NaN,NaN,NaN,NaN,NaN,0,0,NaN,0,0,NaN,NaN,NaN,NaN,NaN,NaN,NaN,NaN,NaN,NaN,NaN,NaN,0,0,0,0,0,NaN,0,0,0,0
10/07/2025,04,5GNR,Central Texas,137,Austin,SCHZ,1370414,TX_AUS_PLEASANTVALLEY_011,0023,NaN,0,0,100,0,0,0,0,NaN,NaN,NaN,NaN,NaN,0,0,0,NaN,0,0,0,NaN,NaN,NaN,NaN,NaN,NaN,NaN,NaN,NaN,0,0,NaN,0,0,NaN,NaN,NaN,NaN,NaN,NaN,NaN,NaN,NaN,NaN,NaN,NaN,0,0,0,0,0,NaN,0,0,0,0
10/07/2025,04,5GNR,Central Texas,137,Austin,SCHZ,1370414,TX_AUS_PLEASANTVALLEY_011,0024,0,0,3,100,3,3,0.01,0,NaN,0,0,0,0,18.07,7.54,0,0,0,0.01,0,NaN,NaN,NaN,NaN,NaN,NaN,NaN,NaN,NaN,0,0,NaN,0,0,NaN,NaN,NaN,NaN,NaN,NaN,NaN,NaN,NaN,NaN,NaN,NaN,0,0,0,0,0,NaN,0,0,0,0
10/07/2025,04,5GNR,Central Texas,137,Austin,SCHZ,1370414,TX_AUS_RIVERSIDE_010,0028,18.18,2,11,100,3,3,0.05,0,5.46,0,0,0,11.72,14.86,4.45,0.06,0,0.04,0.04,0,2.43,NaN,NaN,NaN,NaN,NaN,NaN,NaN,NaN,0,0,NaN,0,0,NaN,NaN,NaN,NaN,NaN,NaN,NaN,NaN,NaN,NaN,NaN,NaN,0,0,0,0,0,NaN,0,0,0.06,0
10/07/2025,04,5GNR,Central Texas,137,Austin,SCHZ,1370414,TX_AUS_RIVERSIDE_010,0029,25,2,8,100,1,1,4.73,0,15.93,0,0,0,2.65,16.93,13.68,1.24,0,0.11,0.32,0,3.44,NaN,NaN,NaN,NaN,NaN,NaN,NaN,NaN,0,0,NaN,0,0,NaN,NaN,NaN,NaN,NaN,NaN,NaN,NaN,NaN,NaN,NaN,NaN,0,0,0,0,0,NaN,0,0,1.24,0
10/07/2025,04,5GNR,Central Texas,137,Austin,SCHZ,1370414,TX_AUS_RIVERSIDE_010,0030,9.52,2,21,100,14,14,44.23,0.01,30.73,0.06,0.05,0.04,14.38,16.62,12.18,21.05,0,0.89,2,0,0.39,NaN,NaN,NaN,NaN,NaN,NaN,NaN,NaN,0,0,NaN,0,0,NaN,NaN,NaN,NaN,NaN,NaN,NaN,NaN,NaN,NaN,NaN,NaN,0,0,0,0,0,NaN,0,0,21.07,0
10/07/2025,04,5GNR,Central Texas,137,Austin,SCHZ,1370414,TX_AUS_RIVERSIDE_012,0010,40,2,5,100,4,4,0,0,NaN,0,0,0,100,0,0,0.14,0,0,0,0,NaN,NaN,NaN,NaN,NaN,NaN,NaN,NaN,NaN,0,0,NaN,0,0,NaN,NaN,NaN,NaN,NaN,NaN,NaN,NaN,NaN,NaN,NaN,NaN,0,0,0,0,0,NaN,0,0,0.14,0
10/07/2025,04,5GNR,Central Texas,137,Austin,SCHZ,1370414,TX_AUS_RIVERSIDE_012,0011,NaN,0,0,100,0,0,0,0,NaN,NaN,NaN,NaN,NaN,0,0,0,NaN,0,0,0,NaN,NaN,NaN,NaN,NaN,NaN,NaN,NaN,NaN,0,0,NaN,0,0,NaN,NaN,NaN,NaN,NaN,NaN,NaN,NaN,NaN,NaN,NaN,NaN,0,0,0,0,0,NaN,0,0,0,0
10/07/2025,04,5GNR,Central Texas,137,Austin,SCHZ,1370414,TX_AUS_RIVERSIDE_012,0012,6.25,1,16,100,4,4,2.66,0,43.15,0,0,0,3.52,15.54,11.83,1.38,0,0.04,0.15,0,0.87,NaN,NaN,NaN,NaN,NaN,NaN,NaN,NaN,0,0,NaN,0,0,NaN,NaN,NaN,NaN,NaN,NaN,NaN,NaN,NaN,NaN,NaN,NaN,0,0,0,0,0,NaN,0,0,1.38,0
10/07/2025,04,5GNR,Central Texas,137,Austin,SCHZ,1370414,TX_AUS_RIVERSIDE_019,0040,NaN,0,0,100,0,0,0,0,NaN,NaN,NaN,NaN,NaN,0,0,0,NaN,0,0,0,NaN,NaN,NaN,NaN,NaN,NaN,NaN,NaN,NaN,0,0,NaN,0,0,NaN,NaN,NaN,NaN,NaN,NaN,NaN,NaN,NaN,NaN,NaN,NaN,0,0,0,0,0,NaN,0,0,0,0
10/07/2025,04,5GNR,Central Texas,137,Austin,SCHZ,1370414,TX_AUS_RIVERSIDE_019,0041,0,0,14,100,10,10,1302.27,0.15,204.9,0,0,0,0.03,16.72,17.96,912.52,0,2124.44,2745.22,0.73,101.68,NaN,NaN,NaN,NaN,NaN,NaN,NaN,NaN,0,0,NaN,0,0,NaN,NaN,NaN,NaN,NaN,NaN,NaN,NaN,NaN,NaN,NaN,NaN,0,0,0,0,0,NaN,0,0,912.52,0
10/07/2025,04,5GNR,Central Texas,137,Austin,SCHZ,1370414,TX_AUS_RIVERSIDE_019,0042,NaN,0,0,100,0,0,0,0,NaN,NaN,NaN,NaN,NaN,0,0,0,NaN,0,0,0,NaN,NaN,NaN,NaN,NaN,NaN,NaN,NaN,NaN,0,0,NaN,0,0,NaN,NaN,NaN,NaN,NaN,NaN,NaN,NaN,NaN,NaN,NaN,NaN,0,0,0,0,0,NaN,0,0,0,0
10/07/2025,04,5GNR,Central Texas,137,Austin,SCHZ,1370414,TX_AUS_RIVERSIDE_021,0055,NaN,0,0,100,0,0,18.54,0.01,NaN,0,0,0,0.72,15.89,14.02,0,NaN,0,0.73,0,26.03,NaN,NaN,NaN,NaN,NaN,NaN,NaN,NaN,0,0,NaN,0,0,NaN,NaN,NaN,NaN,NaN,NaN,NaN,NaN,NaN,NaN,NaN,NaN,0,0,0,0,0,NaN,0,0,12.07,0
10/07/2025,04,5GNR,Central Texas,137,Austin,SCHZ,1370414,TX_AUS_RIVERSIDE_021,0056,0,0,49,100,51,51,897.77,0.09,115.43,0.07,0.53,1.78,0.24,16.42,14.47,386.9,0,5.65,53.46,0.04,4.79,NaN,NaN,NaN,NaN,NaN,NaN,NaN,NaN,0,0,NaN,0,0,NaN,NaN,NaN,NaN,NaN,NaN,NaN,NaN,NaN,NaN,NaN,NaN,0,0,0,0,0,NaN,0,0,401.89,0
10/07/2025,04,5GNR,Central Texas,137,Austin,SCHZ,1370414,TX_AUS_RIVERSIDE_021,0057,20,1,5,100,4,4,30.56,0.01,115.55,0,0,0,0.49,16.37,13.6,20.38,0,0.72,1.82,0,7.89,NaN,NaN,NaN,NaN,NaN,NaN,NaN,NaN,0,0,NaN,0,0,NaN,NaN,NaN,NaN,NaN,NaN,NaN,NaN,NaN,NaN,NaN,NaN,0,0,0,0,0,NaN,0,0,21.63,0
10/07/2025,04,5GNR,Central Texas,137,Austin,SCHZ,1370414,TX_AUS_RIVERSIDE_023,0007,0,0,1,100,1,1,95.27,0.03,0,0,0,0,0.01,18.32,13.91,0.17,0,0,4.9,0,14.58,NaN,NaN,NaN,NaN,NaN,NaN,NaN,NaN,0,0,NaN,0,0,NaN,NaN,NaN,NaN,NaN,NaN,NaN,NaN,NaN,NaN,NaN,NaN,0,0,0,0,0,NaN,0,0,54.08,0
10/07/2025,04,5GNR,Central Texas,137,Austin,SCHZ,1370414,TX_AUS_RIVERSIDE_023,0008,33.33,1,3,100,2,2,8.2,0,107.34,0,0,0,2.39,16.53,19.23,5.13,0,0.17,5.97,0,1.41,NaN,NaN,NaN,NaN,NaN,NaN,NaN,NaN,0,0,NaN,0,0,NaN,NaN,NaN,NaN,NaN,NaN,NaN,NaN,NaN,NaN,NaN,NaN,0,0,0,0,0,NaN,0,0,5.16,0
10/07/2025,04,5GNR,Central Texas,137,Austin,SCHZ,1370414,TX_AUS_RIVERSIDE_023,0009,25,1,4,100,0,0,0.03,0,NaN,0,0,0,9.69,16.07,15.26,0.07,NaN,0,0.25,0,NaN,NaN,NaN,NaN,NaN,NaN,NaN,NaN,NaN,0,0,NaN,0,0,NaN,NaN,NaN,NaN,NaN,NaN,NaN,NaN,NaN,NaN,NaN,NaN,0,0,0,0,0,NaN,0,0,0.07,0
10/07/2025,04,5GNR,Central Texas,137,Austin,SCHZ,1370414,TX_AUS_RIVERSIDE_025,0043,NaN,0,0,100,0,0,0,0,NaN,NaN,NaN,NaN,NaN,0,0,0,NaN,0,0,0,NaN,NaN,NaN,NaN,NaN,NaN,NaN,NaN,NaN,0,0,NaN,0,0,NaN,NaN,NaN,NaN,NaN,NaN,NaN,NaN,NaN,NaN,NaN,NaN,0,0,0,0,0,NaN,0,0,0,0
10/07/2025,04,5GNR,Central Texas,137,Austin,SCHZ,1370414,TX_AUS_RIVERSIDE_025,0044,NaN,0,0,100,0,0,0,0,NaN,NaN,NaN,NaN,NaN,0,0,0,NaN,0,0,0,NaN,NaN,NaN,NaN,NaN,NaN,NaN,NaN,NaN,0,0,NaN,0,0,NaN,NaN,NaN,NaN,NaN,NaN,NaN,NaN,NaN,NaN,NaN,NaN,0,0,0,0,0,NaN,0,0,0,0
10/07/2025,04,5GNR,Central Texas,137,Austin,SCHZ,1370414,TX_AUS_RIVERSIDE_025,0045,0,0,6,100,6,6,2.01,0,40.42,0,0,0,5.19,16.8,14.7,1.23,0,0.16,0.49,0,5.1,NaN,NaN,NaN,NaN,NaN,NaN,NaN,NaN,0,0,NaN,0,0,NaN,NaN,NaN,NaN,NaN,NaN,NaN,NaN,NaN,NaN,NaN,NaN,0,0,0,0,0,NaN,0,0,1.23,0
10/07/2025,04,5GNR,Central Texas,137,Austin,SCHZ,1370414,TX_AUS_RIVERSIDE_027,0025,100,1,1,100,0,0,0,0,NaN,0,0,0,NaN,0,0,0,NaN,0,0,0,NaN,NaN,NaN,NaN,NaN,NaN,NaN,NaN,NaN,0,0,NaN,0,0,NaN,NaN,NaN,NaN,NaN,NaN,NaN,NaN,NaN,NaN,NaN,NaN,0,0,0,0,0,NaN,0,0,0,0
10/07/2025,04,5GNR,Central Texas,137,Austin,SCHZ,1370414,TX_AUS_RIVERSIDE_027,0026,0,0,2,100,1,1,12.03,0,124.2,0,0,0,0.29,16.44,14.01,6.58,0,0.4,0.72,0,7.25,NaN,NaN,NaN,NaN,NaN,NaN,NaN,NaN,0,0,NaN,0,0,NaN,NaN,NaN,NaN,NaN,NaN,NaN,NaN,NaN,NaN,NaN,NaN,0,0,0,0,0,NaN,0,0,6.58,0
10/07/2025,04,5GNR,Central Texas,137,Austin,SCHZ,1370414,TX_AUS_RIVERSIDE_027,0027,0,0,2,100,2,2,3.44,0,52.65,0,0,0,0.18,16.28,14.12,2.18,0,0.46,0.85,0,8.31,NaN,NaN,NaN,NaN,NaN,NaN,NaN,NaN,0,0,NaN,0,0,NaN,NaN,NaN,NaN,NaN,NaN,NaN,NaN,NaN,NaN,NaN,NaN,0,0,0,0,0,NaN,0,0,2.18,0
10/07/2025,04,5GNR,Central Texas,137,Austin,SCHZ,1370415,MOTOROLA_TOWER,0001,NaN,0,0,100,0,0,0,0,NaN,NaN,NaN,NaN,NaN,0,0,0,NaN,0,0,0,NaN,NaN,NaN,NaN,NaN,NaN,NaN,NaN,NaN,0,0,NaN,0,0,NaN,NaN,NaN,NaN,NaN,NaN,NaN,NaN,NaN,NaN,NaN,NaN,0,0,0,0,0,NaN,0,0,0,0
10/07/2025,04,5GNR,Central Texas,137,Austin,SCHZ,1370415,MOTOROLA_TOWER,0002,0,0,3,100,3,3,8.58,0,107.52,0,0,0,0.97,16.6,14.94,4.94,0,0.71,1.15,0,10.82,NaN,NaN,NaN,NaN,NaN,NaN,NaN,NaN,0,0,NaN,0,0,NaN,NaN,NaN,NaN,NaN,NaN,NaN,NaN,NaN,NaN,NaN,NaN,0,0,0,0,0,NaN,0,0,4.94,0
10/07/2025,04,5GNR,Central Texas,137,Austin,SCHZ,1370416,TX_AUS_BRENTWOOD_010,0004,NaN,0,0,100,0,0,0,0,NaN,NaN,NaN,NaN,NaN,0,0,0,NaN,0,0,0,NaN,NaN,NaN,NaN,NaN,NaN,NaN,NaN,NaN,0,0,NaN,0,0,NaN,NaN,NaN,NaN,NaN,NaN,NaN,NaN,NaN,NaN,NaN,NaN,0,0,0,0,0,NaN,0,0,0,0
10/07/2025,04,5GNR,Central Texas,137,Austin,SCHZ,1370416,TX_AUS_BRENTWOOD_010,0005,NaN,0,0,100,0,0,0,0,NaN,NaN,NaN,NaN,NaN,0,0,0,NaN,0,0,0,NaN,NaN,NaN,NaN,NaN,NaN,NaN,NaN,NaN,0,0,NaN,0,0,NaN,NaN,NaN,NaN,NaN,NaN,NaN,NaN,NaN,NaN,NaN,NaN,0,0,0,0,0,NaN,0,0,0,0
10/07/2025,04,5GNR,Central Texas,137,Austin,SCHZ,1370416,TX_AUS_BRENTWOOD_010,0006,NaN,0,0,100,0,0,0,0,NaN,NaN,NaN,NaN,NaN,0,0,0,NaN,0,0,0,NaN,NaN,NaN,NaN,NaN,NaN,NaN,NaN,NaN,0,0,NaN,0,0,NaN,NaN,NaN,NaN,NaN,NaN,NaN,NaN,NaN,NaN,NaN,NaN,0,0,0,0,0,NaN,0,0,0,0
10/07/2025,04,5GNR,Central Texas,137,Austin,SCHZ,1370417,BARTON_SPRINGS_2_SC,0004,NaN,0,0,100,0,0,0,0,NaN,NaN,NaN,NaN,NaN,0,0,0,NaN,0,0,0,NaN,NaN,NaN,NaN,NaN,NaN,NaN,NaN,NaN,0,0,NaN,0,0,NaN,NaN,NaN,NaN,NaN,NaN,NaN,NaN,NaN,NaN,NaN,NaN,0,0,0,0,0,NaN,0,0,0,0
10/07/2025,04,5GNR,Central Texas,137,Austin,SCHZ,1370417,BARTON_SPRINGS_2_SC,0005,NaN,0,0,100,0,0,0,0,NaN,NaN,NaN,NaN,NaN,0,0,0,NaN,0,0,0,NaN,NaN,NaN,NaN,NaN,NaN,NaN,NaN,NaN,0,0,NaN,0,0,NaN,NaN,NaN,NaN,NaN,NaN,NaN,NaN,NaN,NaN,NaN,NaN,0,0,0,0,0,NaN,0,0,0,0
10/07/2025,04,5GNR,Central Texas,137,Austin,SCHZ,1370417,BARTON_SPRINGS_2_SC,0006,NaN,0,0,100,0,0,0,0,NaN,NaN,NaN,NaN,NaN,0,0,0,NaN,0,0,0,NaN,NaN,NaN,NaN,NaN,NaN,NaN,NaN,NaN,0,0,NaN,0,0,NaN,NaN,NaN,NaN,NaN,NaN,NaN,NaN,NaN,NaN,NaN,NaN,0,0,0,0,0,NaN,0,0,0,0
10/07/2025,04,5GNR,Central Texas,137,Austin,SCHZ,1370417,BARTON_SPRINGS_4_SC,0007,NaN,0,0,100,0,0,0,0,NaN,NaN,NaN,NaN,NaN,0,0,0,NaN,0,0,0,NaN,NaN,NaN,NaN,NaN,NaN,NaN,NaN,NaN,0,0,NaN,0,0,NaN,NaN,NaN,NaN,NaN,NaN,NaN,NaN,NaN,NaN,NaN,NaN,0,0,0,0,0,NaN,0,0,0,0
10/07/2025,04,5GNR,Central Texas,137,Austin,SCHZ,1370417,BARTON_SPRINGS_4_SC,0008,NaN,0,0,100,0,0,0,0,NaN,NaN,NaN,NaN,NaN,0,0,0,NaN,0,0,0,NaN,NaN,NaN,NaN,NaN,NaN,NaN,NaN,NaN,0,0,NaN,0,0,NaN,NaN,NaN,NaN,NaN,NaN,NaN,NaN,NaN,NaN,NaN,NaN,0,0,0,0,0,NaN,0,0,0,0
10/07/2025,04,5GNR,Central Texas,137,Austin,SCHZ,1370417,BARTON_SPRINGS_4_SC,0009,0,0,100,100,125,125,2.24,0,4.39,0,0,0,0.58,18.74,19.49,0.73,0,1.12,6.94,0,166.3,NaN,NaN,NaN,NaN,NaN,NaN,NaN,NaN,0,0,NaN,0,0,NaN,NaN,NaN,NaN,NaN,NaN,NaN,NaN,NaN,NaN,NaN,NaN,0,0,0,0,0,NaN,0,0,0.73,0
10/07/2025,04,5GNR,Central Texas,137,Austin,SCHZ,1370418,AUSDT_109_SC,0016,0,0,1,100,1,1,0.24,0,45.88,0,0,0,0.95,15.98,14.58,0.14,0,0.02,0.24,0,0,NaN,NaN,NaN,NaN,NaN,NaN,NaN,NaN,0,0,NaN,0,0,NaN,NaN,NaN,NaN,NaN,NaN,NaN,NaN,NaN,NaN,NaN,NaN,0,0,0,0,0,NaN,0,0,0.14,0
10/07/2025,04,5GNR,Central Texas,137,Austin,SCHZ,1370418,AUSDT_109_SC,0017,0,0,1,100,0,0,0.01,0,0,0,0,0,2.68,15.3,10.05,0,NaN,0.01,0.07,0,0,NaN,NaN,NaN,NaN,NaN,NaN,NaN,NaN,0,0,NaN,0,0,NaN,NaN,NaN,NaN,NaN,NaN,NaN,NaN,NaN,NaN,NaN,NaN,0,0,0,0,0,NaN,0,0,0,0
10/07/2025,04,5GNR,Central Texas,137,Austin,SCHZ,1370418,AUSDT_109_SC,0018,0,0,1,100,0,0,0.45,0,88.11,0,0,0,2.48,16.1,15.03,0.31,NaN,0.02,0.19,0,NaN,NaN,NaN,NaN,NaN,NaN,NaN,NaN,NaN,0,0,NaN,0,0,NaN,NaN,NaN,NaN,NaN,NaN,NaN,NaN,NaN,NaN,NaN,NaN,0,0,0,0,0,NaN,0,0,0.31,0
10/07/2025,04,5GNR,Central Texas,137,Austin,SCHZ,1370418,AUSDT_119_SC,0013,NaN,0,0,100,0,0,0,0,NaN,NaN,NaN,NaN,NaN,0,0,0,NaN,0,0,0,NaN,NaN,NaN,NaN,NaN,NaN,NaN,NaN,NaN,0,0,NaN,0,0,NaN,NaN,NaN,NaN,NaN,NaN,NaN,NaN,NaN,NaN,NaN,NaN,0,0,0,0,0,NaN,0,0,0,0
10/07/2025,04,5GNR,Central Texas,137,Austin,SCHZ,1370418,AUSDT_119_SC,0014,0,0,5,100,5,5,7.71,0,88.97,0,0,0,3.79,14.41,8.12,3.91,0,0.01,0.14,0,0,NaN,NaN,NaN,NaN,NaN,NaN,NaN,NaN,0,0,NaN,0,0,NaN,NaN,NaN,NaN,NaN,NaN,NaN,NaN,NaN,NaN,NaN,NaN,0,0,0,0,0,NaN,0,0,3.91,0
10/07/2025,04,5GNR,Central Texas,137,Austin,SCHZ,1370418,AUSDT_119_SC,0015,0,0,2,100,2,2,0,0,NaN,0,0,0,0.42,15.06,5.69,0,0,0,0,0,NaN,NaN,NaN,NaN,NaN,NaN,NaN,NaN,NaN,0,0,NaN,0,0,NaN,NaN,NaN,NaN,NaN,NaN,NaN,NaN,NaN,NaN,NaN,NaN,0,0,0,0,0,NaN,0,0,0,0
10/07/2025,04,5GNR,Central Texas,137,Austin,SCHZ,1370418,AUSDT_122_SC,0037,0,0,1,100,1,1,6.84,0,113.45,0,0,0,9.32,15.79,9.95,5.36,0,0,0.05,0,NaN,NaN,NaN,NaN,NaN,NaN,NaN,NaN,NaN,0,0,NaN,0,0,NaN,NaN,NaN,NaN,NaN,NaN,NaN,NaN,NaN,NaN,NaN,NaN,0,0,0,0,0,NaN,0,0,5.36,0
10/07/2025,04,5GNR,Central Texas,137,Austin,SCHZ,1370418,AUSDT_122_SC,0038,NaN,0,0,100,0,0,0,0,NaN,NaN,NaN,NaN,NaN,0,0,0,NaN,0,0,0,NaN,NaN,NaN,NaN,NaN,NaN,NaN,NaN,NaN,0,0,NaN,0,0,NaN,NaN,NaN,NaN,NaN,NaN,NaN,NaN,NaN,NaN,NaN,NaN,0,0,0,0,0,NaN,0,0,0,0
10/07/2025,04,5GNR,Central Texas,137,Austin,SCHZ,1370418,AUSDT_122_SC,0039,0,0,1,100,1,1,0,0,NaN,0,0,0,89.19,14.46,3,0,0,0,0,0,NaN,NaN,NaN,NaN,NaN,NaN,NaN,NaN,NaN,0,0,NaN,0,0,NaN,NaN,NaN,NaN,NaN,NaN,NaN,NaN,NaN,NaN,NaN,NaN,0,0,0,0,0,NaN,0,0,0,0
10/07/2025,04,5GNR,Central Texas,137,Austin,SCHZ,1370418,AUSDT_123_SC,0031,0,0,17,100,25,25,887.88,0.3,61,0.43,0.51,0.64,0.07,16.95,13.7,507.46,0,1494.13,1696.58,1.04,72.88,NaN,NaN,NaN,NaN,NaN,NaN,NaN,NaN,0,0,NaN,0,0,NaN,NaN,NaN,NaN,NaN,NaN,NaN,NaN,NaN,NaN,NaN,NaN,0,0,0,0,0,NaN,0,0,507.46,0
10/07/2025,04,5GNR,Central Texas,137,Austin,SCHZ,1370418,AUSDT_123_SC,0032,NaN,0,0,100,0,0,0,0,NaN,NaN,NaN,NaN,NaN,0,0,0,NaN,0,0,0,NaN,NaN,NaN,NaN,NaN,NaN,NaN,NaN,NaN,0,0,NaN,0,0,NaN,NaN,NaN,NaN,NaN,NaN,NaN,NaN,NaN,NaN,NaN,NaN,0,0,0,0,0,NaN,0,0,0,0
10/07/2025,04,5GNR,Central Texas,137,Austin,SCHZ,1370418,AUSDT_123_SC,0033,NaN,0,0,100,0,0,0,0,NaN,NaN,NaN,NaN,NaN,0,0,0,NaN,0,0,0,NaN,NaN,NaN,NaN,NaN,NaN,NaN,NaN,NaN,0,0,NaN,0,0,NaN,NaN,NaN,NaN,NaN,NaN,NaN,NaN,NaN,NaN,NaN,NaN,0,0,0,0,0,NaN,0,0,0,0
10/07/2025,04,5GNR,Central Texas,137,Austin,SCHZ,1370419,TX_AUS_STJOHN_001,0037,22.22,4,18,100,17,17,15.9,0.01,23.47,0,0.01,0.03,10.53,15.29,12.17,13.01,0,0.18,0.58,0,0.68,NaN,NaN,NaN,NaN,NaN,NaN,NaN,NaN,0,0,NaN,0,0,NaN,NaN,NaN,NaN,NaN,NaN,NaN,NaN,NaN,NaN,NaN,NaN,0,0,0,0,0,NaN,0,0,13.18,0
10/07/2025,04,5GNR,Central Texas,137,Austin,SCHZ,1370419,TX_AUS_STJOHN_001,0038,0,0,2,100,0,0,0.01,0,0,0,0,0,2.56,13.92,5.01,0,NaN,0,0,0,NaN,NaN,NaN,NaN,NaN,NaN,NaN,NaN,NaN,0,0,NaN,0,0,NaN,NaN,NaN,NaN,NaN,NaN,NaN,NaN,NaN,NaN,NaN,NaN,0,0,0,0,0,NaN,0,0,0,0
10/07/2025,04,5GNR,Central Texas,137,Austin,SCHZ,1370419,TX_AUS_STJOHN_001,0039,NaN,0,0,100,0,0,0,0,NaN,NaN,NaN,NaN,NaN,0,0,0,NaN,0,0,0,NaN,NaN,NaN,NaN,NaN,NaN,NaN,NaN,NaN,0,0,NaN,0,0,NaN,NaN,NaN,NaN,NaN,NaN,NaN,NaN,NaN,NaN,NaN,NaN,0,0,0,0,0,NaN,0,0,0,0
10/07/2025,04,5GNR,Central Texas,137,Austin,SCHZ,1370419,TX_AUS_STJOHN_002,0034,25,1,4,100,5,5,77.35,0.01,69.14,0.01,0.01,0.01,0.01,18.41,23.27,40.86,0,8.47,32.62,0.01,97.48,NaN,NaN,NaN,NaN,NaN,NaN,NaN,NaN,0,0,NaN,0,0,NaN,NaN,NaN,NaN,NaN,NaN,NaN,NaN,NaN,NaN,NaN,NaN,0,0,0,0,0,NaN,0,0,40.86,0
10/07/2025,04,5GNR,Central Texas,137,Austin,SCHZ,1370419,TX_AUS_STJOHN_002,0035,NaN,0,0,100,0,0,0,0,NaN,NaN,NaN,NaN,NaN,0,0,0,NaN,0,0,0,NaN,NaN,NaN,NaN,NaN,NaN,NaN,NaN,NaN,0,0,NaN,0,0,NaN,NaN,NaN,NaN,NaN,NaN,NaN,NaN,NaN,NaN,NaN,NaN,0,0,0,0,0,NaN,0,0,0,0
10/07/2025,04,5GNR,Central Texas,137,Austin,SCHZ,1370419,TX_AUS_STJOHN_002,0036,0,0,18,100,18,18,24.43,0.01,29.12,0.04,0.05,0.07,0.03,17.02,23.33,13.22,0,4.39,27.6,0.01,7.8,NaN,NaN,NaN,NaN,NaN,NaN,NaN,NaN,0,0,NaN,0,0,NaN,NaN,NaN,NaN,NaN,NaN,NaN,NaN,NaN,NaN,NaN,NaN,0,0,0,0,0,NaN,0,0,13.23,0
10/07/2025,04,5GNR,Central Texas,137,Austin,SCHZ,1370419,TX_AUS_STJOHN_003,0046,0,0,5,100,3,3,8.87,0,124.52,0,0,0,3.71,16.35,14.83,0.64,0,0.01,0.33,0,8.3,NaN,NaN,NaN,NaN,NaN,NaN,NaN,NaN,0,0,NaN,0,0,NaN,NaN,NaN,NaN,NaN,NaN,NaN,NaN,NaN,NaN,NaN,NaN,0,0,0,0,0,NaN,0,0,6.57,0
10/07/2025,04,5GNR,Central Texas,137,Austin,SCHZ,1370419,TX_AUS_STJOHN_003,0047,NaN,0,0,100,0,0,0,0,NaN,NaN,NaN,NaN,NaN,0,0,0,NaN,0,0,0,NaN,NaN,NaN,NaN,NaN,NaN,NaN,NaN,NaN,0,0,NaN,0,0,NaN,NaN,NaN,NaN,NaN,NaN,NaN,NaN,NaN,NaN,NaN,NaN,0,0,0,0,0,NaN,0,0,0,0
10/07/2025,04,5GNR,Central Texas,137,Austin,SCHZ,1370419,TX_AUS_STJOHN_003,0048,50,1,2,100,2,2,0.45,0,33.19,0,0,0,0.09,17.23,15.53,0.21,0,0.15,0.44,0,0.84,NaN,NaN,NaN,NaN,NaN,NaN,NaN,NaN,0,0,NaN,0,0,NaN,NaN,NaN,NaN,NaN,NaN,NaN,NaN,NaN,NaN,NaN,NaN,0,0,0,0,0,NaN,0,0,0.21,0
10/07/2025,04,5GNR,Central Texas,137,Austin,SCHZ,1370419,TX_AUS_STJOHN_004,0016,0,0,13,100,10,10,1.32,0,19.49,0,0,0,3.25,15.83,12.07,1.03,0,0.07,0.15,0,4.32,NaN,NaN,NaN,NaN,NaN,NaN,NaN,NaN,0,0,NaN,0,0,NaN,NaN,NaN,NaN,NaN,NaN,NaN,NaN,NaN,NaN,NaN,NaN,0,0,0,0,0,NaN,0,0,1.03,0
10/07/2025,04,5GNR,Central Texas,137,Austin,SCHZ,1370419,TX_AUS_STJOHN_004,0017,NaN,0,0,100,0,0,0,0,NaN,0,0,0,0,17.79,3.65,0,NaN,0,0,0,NaN,NaN,NaN,NaN,NaN,NaN,NaN,NaN,NaN,0,0,NaN,0,0,NaN,NaN,NaN,NaN,NaN,NaN,NaN,NaN,NaN,NaN,NaN,NaN,0,0,0,0,0,NaN,0,0,0,0
10/07/2025,04,5GNR,Central Texas,137,Austin,SCHZ,1370419,TX_AUS_STJOHN_004,0018,33.33,1,3,100,1,1,0.47,0,41.63,0,0,0,0,15.6,8.04,0.36,0,0,0.02,0,1.93,NaN,NaN,NaN,NaN,NaN,NaN,NaN,NaN,0,0,NaN,0,0,NaN,NaN,NaN,NaN,NaN,NaN,NaN,NaN,NaN,NaN,NaN,NaN,0,0,0,0,0,NaN,0,0,0.36,0
10/07/2025,04,5GNR,Central Texas,137,Austin,SCHZ,1370419,TX_AUS_STJOHN_005,0022,NaN,0,0,100,0,0,0,0,NaN,NaN,NaN,NaN,NaN,0,0,0,NaN,0,0,0,NaN,NaN,NaN,NaN,NaN,NaN,NaN,NaN,NaN,0,0,NaN,0,0,NaN,NaN,NaN,NaN,NaN,NaN,NaN,NaN,NaN,NaN,NaN,NaN,0,0,0,0,0,NaN,0,0,0,0
10/07/2025,04,5GNR,Central Texas,137,Austin,SCHZ,1370419,TX_AUS_STJOHN_005,0023,NaN,0,0,100,0,0,0,0,NaN,NaN,NaN,NaN,NaN,0,0,0,NaN,0,0,0,NaN,NaN,NaN,NaN,NaN,NaN,NaN,NaN,NaN,0,0,NaN,0,0,NaN,NaN,NaN,NaN,NaN,NaN,NaN,NaN,NaN,NaN,NaN,NaN,0,0,0,0,0,NaN,0,0,0,0
10/07/2025,04,5GNR,Central Texas,137,Austin,SCHZ,1370419,TX_AUS_STJOHN_005,0024,NaN,0,0,100,0,0,0,0,NaN,NaN,NaN,NaN,NaN,0,0,0,NaN,0,0,0,NaN,NaN,NaN,NaN,NaN,NaN,NaN,NaN,NaN,0,0,NaN,0,0,NaN,NaN,NaN,NaN,NaN,NaN,NaN,NaN,NaN,NaN,NaN,NaN,0,0,0,0,0,NaN,0,0,0,0
10/07/2025,04,5GNR,Central Texas,137,Austin,SCHZ,1370419,TX_AUS_STJOHN_009,0040,33.33,1,3,100,2,2,3.38,0,12.6,0.02,0.01,0,7.71,14.83,11.26,0.54,0,0.01,0.08,0,3.5,NaN,NaN,NaN,NaN,NaN,NaN,NaN,NaN,0,0,NaN,0,0,NaN,NaN,NaN,NaN,NaN,NaN,NaN,NaN,NaN,NaN,NaN,NaN,0,0,0,0,0,NaN,0,0,2,0
10/07/2025,04,5GNR,Central Texas,137,Austin,SCHZ,1370419,TX_AUS_STJOHN_009,0041,NaN,0,0,100,0,0,0,0,NaN,NaN,NaN,NaN,NaN,0,0,0,NaN,0,0,0,NaN,NaN,NaN,NaN,NaN,NaN,NaN,NaN,NaN,0,0,NaN,0,0,NaN,NaN,NaN,NaN,NaN,NaN,NaN,NaN,NaN,NaN,NaN,NaN,0,0,0,0,0,NaN,0,0,0,0
10/07/2025,04,5GNR,Central Texas,137,Austin,SCHZ,1370419,TX_AUS_STJOHN_009,0042,0,0,2,100,2,2,1.24,0,34.98,0,0,0,2.16,15.81,7.4,0.86,0,0.21,0.29,0,1.86,NaN,NaN,NaN,NaN,NaN,NaN,NaN,NaN,0,0,NaN,0,0,NaN,NaN,NaN,NaN,NaN,NaN,NaN,NaN,NaN,NaN,NaN,NaN,0,0,0,0,0,NaN,0,0,0.86,0
10/07/2025,04,5GNR,Central Texas,137,Austin,SCHZ,1370419,TX_AUS_STJOHN_011,0010,NaN,0,0,100,0,0,0,0,NaN,NaN,NaN,NaN,NaN,0,0,0,NaN,0,0,0,NaN,NaN,NaN,NaN,NaN,NaN,NaN,NaN,NaN,0,0,NaN,0,0,NaN,NaN,NaN,NaN,NaN,NaN,NaN,NaN,NaN,NaN,NaN,NaN,0,0,0,0,0,NaN,0,0,0,0
10/07/2025,04,5GNR,Central Texas,137,Austin,SCHZ,1370419,TX_AUS_STJOHN_011,0011,0,0,1,100,1,1,0.65,0,36.96,0,0,0,8.05,15.84,13.5,0.42,0,0.02,0.05,0,4.85,NaN,NaN,NaN,NaN,NaN,NaN,NaN,NaN,0,0,NaN,0,0,NaN,NaN,NaN,NaN,NaN,NaN,NaN,NaN,NaN,NaN,NaN,NaN,0,0,0,0,0,NaN,0,0,0.42,0
10/07/2025,04,5GNR,Central Texas,137,Austin,SCHZ,1370419,TX_AUS_STJOHN_011,0012,0,0,2,100,2,2,0.05,0,16.77,0,0,0,0,15.83,11.58,0.03,0,0.02,0.03,0,6.36,NaN,NaN,NaN,NaN,NaN,NaN,NaN,NaN,0,0,NaN,0,0,NaN,NaN,NaN,NaN,NaN,NaN,NaN,NaN,NaN,NaN,NaN,NaN,0,0,0,0,0,NaN,0,0,0.03,0
10/07/2025,04,5GNR,Central Texas,137,Austin,SCHZ,1370419,TX_AUS_STJOHN_015,0025,NaN,0,0,100,0,0,0,0,NaN,NaN,NaN,NaN,NaN,0,0,0,NaN,0,0,0,NaN,NaN,NaN,NaN,NaN,NaN,NaN,NaN,NaN,0,0,NaN,0,0,NaN,NaN,NaN,NaN,NaN,NaN,NaN,NaN,NaN,NaN,NaN,NaN,0,0,0,0,0,NaN,0,0,0,0
10/07/2025,04,5GNR,Central Texas,137,Austin,SCHZ,1370419,TX_AUS_STJOHN_015,0026,NaN,0,0,100,0,0,0,0,NaN,NaN,NaN,NaN,NaN,0,0,0,NaN,0,0,0,NaN,NaN,NaN,NaN,NaN,NaN,NaN,NaN,NaN,0,0,NaN,0,0,NaN,NaN,NaN,NaN,NaN,NaN,NaN,NaN,NaN,NaN,NaN,NaN,0,0,0,0,0,NaN,0,0,0,0
10/07/2025,04,5GNR,Central Texas,137,Austin,SCHZ,1370419,TX_AUS_STJOHN_015,0027,0,0,2,100,3,3,4.75,0,77.61,0,0,0,0.05,18.33,13.93,2.28,0,0.73,3.22,0,2.83,NaN,NaN,NaN,NaN,NaN,NaN,NaN,NaN,0,0,NaN,0,0,NaN,NaN,NaN,NaN,NaN,NaN,NaN,NaN,NaN,NaN,NaN,NaN,0,0,0,0,0,NaN,0,0,2.28,0
10/07/2025,04,5GNR,Central Texas,137,Austin,SCHZ,1370419,TX_AUS_STJOHN_017,0001,NaN,0,0,100,0,0,0,0,NaN,NaN,NaN,NaN,NaN,0,0,0,NaN,0,0,0,NaN,NaN,NaN,NaN,NaN,NaN,NaN,NaN,NaN,0,0,NaN,0,0,NaN,NaN,NaN,NaN,NaN,NaN,NaN,NaN,NaN,NaN,NaN,NaN,0,0,0,0,0,NaN,0,0,0,0
10/07/2025,04,5GNR,Central Texas,137,Austin,SCHZ,1370419,TX_AUS_STJOHN_017,0002,0,0,2,100,1,1,0.41,0,170.18,0,0,0,0.22,17.61,14.35,0.27,0,0,0.12,0,6.77,NaN,NaN,NaN,NaN,NaN,NaN,NaN,NaN,0,0,NaN,0,0,NaN,NaN,NaN,NaN,NaN,NaN,NaN,NaN,NaN,NaN,NaN,NaN,0,0,0,0,0,NaN,0,0,0.29,0
10/07/2025,04,5GNR,Central Texas,137,Austin,SCHZ,1370419,TX_AUS_STJOHN_017,0003,0,0,2,100,2,2,1.36,0,10.21,0,0,0,13.2,12.51,4.14,1.33,0,0.06,0.07,0,1.07,NaN,NaN,NaN,NaN,NaN,NaN,NaN,NaN,0,0,NaN,0,0,NaN,NaN,NaN,NaN,NaN,NaN,NaN,NaN,NaN,NaN,NaN,NaN,0,0,0,0,0,NaN,0,0,1.33,0
10/07/2025,04,5GNR,Central Texas,137,Austin,SCHZ,1370420,RUTLAND,0025,NaN,0,0,100,0,0,0,0,NaN,NaN,NaN,NaN,NaN,0,0,0,NaN,0,0,0,NaN,NaN,NaN,NaN,NaN,NaN,NaN,NaN,NaN,0,0,NaN,0,0,NaN,NaN,NaN,NaN,NaN,NaN,NaN,NaN,NaN,NaN,NaN,NaN,0,0,0,0,0,NaN,0,0,0,0
10/07/2025,04,5GNR,Central Texas,137,Austin,SCHZ,1370420,RUTLAND,0026,NaN,0,0,100,0,0,0,0,NaN,NaN,NaN,NaN,NaN,0,0,0,NaN,0,0,0,NaN,NaN,NaN,NaN,NaN,NaN,NaN,NaN,NaN,0,0,NaN,0,0,NaN,NaN,NaN,NaN,NaN,NaN,NaN,NaN,NaN,NaN,NaN,NaN,0,0,0,0,0,NaN,0,0,0,0
10/07/2025,04,5GNR,Central Texas,137,Austin,SCHZ,1370420,RUTLAND,0027,NaN,0,0,100,0,0,0,0,NaN,NaN,NaN,NaN,NaN,0,0,0,NaN,0,0,0,NaN,NaN,NaN,NaN,NaN,NaN,NaN,NaN,NaN,0,0,NaN,0,0,NaN,NaN,NaN,NaN,NaN,NaN,NaN,NaN,NaN,NaN,NaN,NaN,0,0,0,0,0,NaN,0,0,0,0
10/07/2025,04,5GNR,Central Texas,137,Austin,SCHZ,1370420,TX_AUS_NLAMARE_017,0007,NaN,0,0,100,0,0,0,0,NaN,NaN,NaN,NaN,NaN,0,0,0,NaN,0,0,0,NaN,NaN,NaN,NaN,NaN,NaN,NaN,NaN,NaN,0,0,NaN,0,0,NaN,NaN,NaN,NaN,NaN,NaN,NaN,NaN,NaN,NaN,NaN,NaN,0,0,0,0,0,NaN,0,0,0,0
10/07/2025,04,5GNR,Central Texas,137,Austin,SCHZ,1370420,TX_AUS_NLAMARE_017,0008,NaN,0,0,100,0,0,0,0,NaN,0,0,0,0,15.32,6.32,0,NaN,0,0,0,0.9,NaN,NaN,NaN,NaN,NaN,NaN,NaN,NaN,0,0,NaN,0,0,NaN,NaN,NaN,NaN,NaN,NaN,NaN,NaN,NaN,NaN,NaN,NaN,0,0,0,0,0,NaN,0,0,0,0
10/07/2025,04,5GNR,Central Texas,137,Austin,SCHZ,1370420,TX_AUS_NLAMARE_017,0009,NaN,0,0,100,0,0,0,0,NaN,NaN,NaN,NaN,NaN,0,0,0,NaN,0,0,0,NaN,NaN,NaN,NaN,NaN,NaN,NaN,NaN,NaN,0,0,NaN,0,0,NaN,NaN,NaN,NaN,NaN,NaN,NaN,NaN,NaN,NaN,NaN,NaN,0,0,0,0,0,NaN,0,0,0,0
10/07/2025,04,5GNR,Central Texas,137,Austin,SCHZ,1370420,TX_AUS_NLAMARE_018,0010,0,0,80,100,96,96,2.14,0,13.28,0,0,0,0,18.86,17.93,0.45,0,0.56,4.33,0,16.72,NaN,NaN,NaN,NaN,NaN,NaN,NaN,NaN,0,0,NaN,0,0,NaN,NaN,NaN,NaN,NaN,NaN,NaN,NaN,NaN,NaN,NaN,NaN,0,0,0,0,0,NaN,0,0,0.45,0
10/07/2025,04,5GNR,Central Texas,137,Austin,SCHZ,1370420,TX_AUS_NLAMARE_018,0011,NaN,0,0,100,0,0,0,0,NaN,NaN,NaN,NaN,NaN,0,0,0,NaN,0,0,0,NaN,NaN,NaN,NaN,NaN,NaN,NaN,NaN,NaN,0,0,NaN,0,0,NaN,NaN,NaN,NaN,NaN,NaN,NaN,NaN,NaN,NaN,NaN,NaN,0,0,0,0,0,NaN,0,0,0,0
10/07/2025,04,5GNR,Central Texas,137,Austin,SCHZ,1370420,TX_AUS_NLAMARE_018,0012,NaN,0,0,100,0,0,0,0,NaN,NaN,NaN,NaN,NaN,0,0,0,NaN,0,0,0,NaN,NaN,NaN,NaN,NaN,NaN,NaN,NaN,NaN,0,0,NaN,0,0,NaN,NaN,NaN,NaN,NaN,NaN,NaN,NaN,NaN,NaN,NaN,NaN,0,0,0,0,0,NaN,0,0,0,0
10/07/2025,04,5GNR,Central Texas,137,Austin,SCHZ,1370420,TX_AUS_NLAMARE_022,0022,0,0,1,100,1,1,3.3,0,51.59,0,0,0,2.51,15.42,8.87,2.17,0,0,0.14,0,NaN,NaN,NaN,NaN,NaN,NaN,NaN,NaN,NaN,0,0,NaN,0,0,NaN,NaN,NaN,NaN,NaN,NaN,NaN,NaN,NaN,NaN,NaN,NaN,0,0,0,0,0,NaN,0,0,2.17,0
10/07/2025,04,5GNR,Central Texas,137,Austin,SCHZ,1370420,TX_AUS_NLAMARE_022,0023,NaN,0,0,100,0,0,0,0,NaN,NaN,NaN,NaN,NaN,0,0,0,NaN,0,0,0,NaN,NaN,NaN,NaN,NaN,NaN,NaN,NaN,NaN,0,0,NaN,0,0,NaN,NaN,NaN,NaN,NaN,NaN,NaN,NaN,NaN,NaN,NaN,NaN,0,0,0,0,0,NaN,0,0,0,0
10/07/2025,04,5GNR,Central Texas,137,Austin,SCHZ,1370420,TX_AUS_NLAMARE_022,0024,0,0,3,100,3,3,16.96,0.01,146.78,0,0,0,2.15,15.66,13.72,13.63,0,0.07,0.17,0,4.74,NaN,NaN,NaN,NaN,NaN,NaN,NaN,NaN,0,0,NaN,0,0,NaN,NaN,NaN,NaN,NaN,NaN,NaN,NaN,NaN,NaN,NaN,NaN,0,0,0,0,0,NaN,0,0,13.63,0
10/07/2025,04,5GNR,Central Texas,137,Austin,SCHZ,1370420,TX_AUS_NLAMARE_024,0037,50,1,2,100,2,2,0.06,0,6.9,0,0,0,0,18.1,15.78,0.02,0,0.01,0.03,0,1.26,NaN,NaN,NaN,NaN,NaN,NaN,NaN,NaN,0,0,NaN,0,0,NaN,NaN,NaN,NaN,NaN,NaN,NaN,NaN,NaN,NaN,NaN,NaN,0,0,0,0,0,NaN,0,0,0.02,0
10/07/2025,04,5GNR,Central Texas,137,Austin,SCHZ,1370420,TX_AUS_NLAMARE_024,0038,NaN,0,0,100,0,0,0,0,NaN,NaN,NaN,NaN,NaN,0,0,0,NaN,0,0,0,NaN,NaN,NaN,NaN,NaN,NaN,NaN,NaN,NaN,0,0,NaN,0,0,NaN,NaN,NaN,NaN,NaN,NaN,NaN,NaN,NaN,NaN,NaN,NaN,0,0,0,0,0,NaN,0,0,0,0
10/07/2025,04,5GNR,Central Texas,137,Austin,SCHZ,1370420,TX_AUS_NLAMARE_024,0039,NaN,0,0,100,0,0,0,0,NaN,NaN,NaN,NaN,NaN,0,0,0,NaN,0,0,0,NaN,NaN,NaN,NaN,NaN,NaN,NaN,NaN,NaN,0,0,NaN,0,0,NaN,NaN,NaN,NaN,NaN,NaN,NaN,NaN,NaN,NaN,NaN,NaN,0,0,0,0,0,NaN,0,0,0,0
10/07/2025,04,5GNR,Central Texas,137,Austin,SCHZ,1370420,TX_AUS_NLAMARW_010,0019,NaN,0,0,100,0,0,0,0,NaN,NaN,NaN,NaN,NaN,0,0,0,NaN,0,0,0,NaN,NaN,NaN,NaN,NaN,NaN,NaN,NaN,NaN,0,0,NaN,0,0,NaN,NaN,NaN,NaN,NaN,NaN,NaN,NaN,NaN,NaN,NaN,NaN,0,0,0,0,0,NaN,0,0,0,0
10/07/2025,04,5GNR,Central Texas,137,Austin,SCHZ,1370420,TX_AUS_NLAMARW_010,0020,NaN,0,0,100,0,0,0,0,NaN,NaN,NaN,NaN,NaN,0,0,0,NaN,0,0,0,NaN,NaN,NaN,NaN,NaN,NaN,NaN,NaN,NaN,0,0,NaN,0,0,NaN,NaN,NaN,NaN,NaN,NaN,NaN,NaN,NaN,NaN,NaN,NaN,0,0,0,0,0,NaN,0,0,0,0
10/07/2025,04,5GNR,Central Texas,137,Austin,SCHZ,1370420,TX_AUS_NLAMARW_010,0021,NaN,0,0,100,0,0,0,0,NaN,NaN,NaN,NaN,NaN,0,0,0,NaN,0,0,0,NaN,NaN,NaN,NaN,NaN,NaN,NaN,NaN,NaN,0,0,NaN,0,0,NaN,NaN,NaN,NaN,NaN,NaN,NaN,NaN,NaN,NaN,NaN,NaN,0,0,0,0,0,NaN,0,0,0,0
10/07/2025,04,5GNR,Central Texas,137,Austin,SCHZ,1370420,TX_AUS_NLAMARW_014,0001,NaN,0,0,100,0,0,0,0,NaN,NaN,NaN,NaN,NaN,0,0,0,NaN,0,0,0,NaN,NaN,NaN,NaN,NaN,NaN,NaN,NaN,NaN,0,0,NaN,0,0,NaN,NaN,NaN,NaN,NaN,NaN,NaN,NaN,NaN,NaN,NaN,NaN,0,0,0,0,0,NaN,0,0,0,0
10/07/2025,04,5GNR,Central Texas,137,Austin,SCHZ,1370420,TX_AUS_NLAMARW_014,0002,NaN,0,0,100,0,0,0,0,NaN,NaN,NaN,NaN,NaN,0,0,0,NaN,0,0,0,NaN,NaN,NaN,NaN,NaN,NaN,NaN,NaN,NaN,0,0,NaN,0,0,NaN,NaN,NaN,NaN,NaN,NaN,NaN,NaN,NaN,NaN,NaN,NaN,0,0,0,0,0,NaN,0,0,0,0
10/07/2025,04,5GNR,Central Texas,137,Austin,SCHZ,1370420,TX_AUS_NLAMARW_014,0003,NaN,0,0,100,0,0,0,0,NaN,NaN,NaN,NaN,NaN,0,0,0,NaN,0,0,0,NaN,NaN,NaN,NaN,NaN,NaN,NaN,NaN,NaN,0,0,NaN,0,0,NaN,NaN,NaN,NaN,NaN,NaN,NaN,NaN,NaN,NaN,NaN,NaN,0,0,0,0,0,NaN,0,0,0,0
10/07/2025,04,5GNR,Central Texas,137,Austin,SCHZ,1370420,TX_AUS_NLAMARW_029,0064,NaN,0,0,100,0,0,0,0,NaN,NaN,NaN,NaN,NaN,0,0,0,NaN,0,0,0,NaN,NaN,NaN,NaN,NaN,NaN,NaN,NaN,NaN,0,0,NaN,0,0,NaN,NaN,NaN,NaN,NaN,NaN,NaN,NaN,NaN,NaN,NaN,NaN,0,0,0,0,0,NaN,0,0,0,0
10/07/2025,04,5GNR,Central Texas,137,Austin,SCHZ,1370420,TX_AUS_NLAMARW_029,0065,NaN,0,0,100,0,0,0,0,NaN,NaN,NaN,NaN,NaN,0,0,0,NaN,0,0,0,NaN,NaN,NaN,NaN,NaN,NaN,NaN,NaN,NaN,0,0,NaN,0,0,NaN,NaN,NaN,NaN,NaN,NaN,NaN,NaN,NaN,NaN,NaN,NaN,0,0,0,0,0,NaN,0,0,0,0
10/07/2025,04,5GNR,Central Texas,137,Austin,SCHZ,1370420,TX_AUS_NLAMARW_029,0066,NaN,0,0,100,0,0,0,0,NaN,NaN,NaN,NaN,NaN,0,0,0,NaN,0,0,0,NaN,NaN,NaN,NaN,NaN,NaN,NaN,NaN,NaN,0,0,NaN,0,0,NaN,NaN,NaN,NaN,NaN,NaN,NaN,NaN,NaN,NaN,NaN,NaN,0,0,0,0,0,NaN,0,0,0,0
10/07/2025,04,5GNR,Central Texas,137,Austin,SCHZ,1370421,TRUGREEN,0001,0,0,9,100,6,6,1.24,0,30.98,0,0,0,1.99,16.11,15.55,0.79,0,0.27,0.97,0,9.34,NaN,NaN,NaN,NaN,NaN,NaN,NaN,NaN,0,0,NaN,0,0,NaN,NaN,NaN,NaN,NaN,NaN,NaN,NaN,NaN,NaN,NaN,NaN,0,0,0,0,0,NaN,0,0,1.01,0
10/07/2025,04,5GNR,Central Texas,137,Austin,SCHZ,1370421,TRUGREEN,0002,0,0,8,100,8,8,11.88,0,10.84,0,0,0,24.61,15.33,16.36,2.79,0,0.96,3.19,0,6.21,NaN,NaN,NaN,NaN,NaN,NaN,NaN,NaN,0,0,NaN,0,0,NaN,NaN,NaN,NaN,NaN,NaN,NaN,NaN,NaN,NaN,NaN,NaN,0,0,0,0,0,NaN,0,0,6.71,0
10/07/2025,04,5GNR,Central Texas,137,Austin,SCHZ,1370421,TRUGREEN,0003,NaN,0,0,100,4,4,3.71,0,16.16,0,0,0,0,18.54,20.98,1.34,0,1.65,13.75,0,153.33,NaN,NaN,NaN,NaN,NaN,NaN,NaN,NaN,0,0,NaN,0,0,NaN,NaN,NaN,NaN,NaN,NaN,NaN,NaN,NaN,NaN,NaN,NaN,0,0,0,0,0,NaN,0,0,1.34,0
10/07/2025,04,5GNR,Central Texas,137,Austin,SCHZ,1370421,TX_AUS_WOOTEN_005,0013,NaN,0,0,100,0,0,0,0,NaN,NaN,NaN,NaN,NaN,0,0,0,NaN,0,0,0,NaN,NaN,NaN,NaN,NaN,NaN,NaN,NaN,NaN,0,0,NaN,0,0,NaN,NaN,NaN,NaN,NaN,NaN,NaN,NaN,NaN,NaN,NaN,NaN,0,0,0,0,0,NaN,0,0,0,0
10/07/2025,04,5GNR,Central Texas,137,Austin,SCHZ,1370421,TX_AUS_WOOTEN_005,0014,NaN,0,0,100,0,0,0,0,NaN,NaN,NaN,NaN,NaN,0,0,0,NaN,0,0,0,NaN,NaN,NaN,NaN,NaN,NaN,NaN,NaN,NaN,0,0,NaN,0,0,NaN,NaN,NaN,NaN,NaN,NaN,NaN,NaN,NaN,NaN,NaN,NaN,0,0,0,0,0,NaN,0,0,0,0
10/07/2025,04,5GNR,Central Texas,137,Austin,SCHZ,1370421,TX_AUS_WOOTEN_005,0015,NaN,0,0,100,0,0,0,0,NaN,NaN,NaN,NaN,NaN,0,0,0,NaN,0,0,0,NaN,NaN,NaN,NaN,NaN,NaN,NaN,NaN,NaN,0,0,NaN,0,0,NaN,NaN,NaN,NaN,NaN,NaN,NaN,NaN,NaN,NaN,NaN,NaN,0,0,0,0,0,NaN,0,0,0,0
10/07/2025,04,5GNR,Central Texas,137,Austin,SCHZ,1370421,TX_AUS_WOOTEN_011,0004,NaN,0,0,100,0,0,0,0,NaN,NaN,NaN,NaN,NaN,0,0,0,NaN,0,0,0,NaN,NaN,NaN,NaN,NaN,NaN,NaN,NaN,NaN,0,0,NaN,0,0,NaN,NaN,NaN,NaN,NaN,NaN,NaN,NaN,NaN,NaN,NaN,NaN,0,0,0,0,0,NaN,0,0,0,0
10/07/2025,04,5GNR,Central Texas,137,Austin,SCHZ,1370421,TX_AUS_WOOTEN_011,0005,NaN,0,0,100,0,0,0,0,NaN,NaN,NaN,NaN,NaN,0,0,0,NaN,0,0,0,NaN,NaN,NaN,NaN,NaN,NaN,NaN,NaN,NaN,0,0,NaN,0,0,NaN,NaN,NaN,NaN,NaN,NaN,NaN,NaN,NaN,NaN,NaN,NaN,0,0,0,0,0,NaN,0,0,0,0
10/07/2025,04,5GNR,Central Texas,137,Austin,SCHZ,1370421,TX_AUS_WOOTEN_011,0006,NaN,0,0,100,0,0,0,0,NaN,NaN,NaN,NaN,NaN,0,0,0,NaN,0,0,0,NaN,NaN,NaN,NaN,NaN,NaN,NaN,NaN,NaN,0,0,NaN,0,0,NaN,NaN,NaN,NaN,NaN,NaN,NaN,NaN,NaN,NaN,NaN,NaN,0,0,0,0,0,NaN,0,0,0,0
10/07/2025,04,5GNR,Central Texas,137,Austin,SCHZ,1370422,FORT_HOOD_08,0001,0,0,4,100,4,4,60.61,0.01,281.23,0,0,0,0.57,16.31,13.97,40.36,0,0.61,1.05,0,3.74,NaN,NaN,NaN,NaN,NaN,NaN,NaN,NaN,0,0,NaN,0,0,NaN,NaN,NaN,NaN,NaN,NaN,NaN,NaN,NaN,NaN,NaN,NaN,0,0,0,0,0,NaN,0,0,40.36,0
10/07/2025,04,5GNR,Central Texas,137,Austin,SCHZ,1370422,FORT_HOOD_08,0002,0,0,2,100,0,0,0.08,0,38.23,0,0,0,0,16.66,14.29,0.04,NaN,0.01,0.02,0,NaN,NaN,NaN,NaN,NaN,NaN,NaN,NaN,NaN,0,0,NaN,0,0,NaN,NaN,NaN,NaN,NaN,NaN,NaN,NaN,NaN,NaN,NaN,NaN,0,0,0,0,0,NaN,0,0,0.04,0
10/07/2025,04,5GNR,Central Texas,137,Austin,SCHZ,1370422,FORT_HOOD_08,0003,0,0,5,100,5,5,6.45,0.01,112.71,0,0,0,2.55,13.91,8.27,5.07,0,0.05,0.1,0,0.74,NaN,NaN,NaN,NaN,NaN,NaN,NaN,NaN,0,0,NaN,0,0,NaN,NaN,NaN,NaN,NaN,NaN,NaN,NaN,NaN,NaN,NaN,NaN,0,0,0,0,0,NaN,0,0,5.07,0
10/07/2025,04,5GNR,Central Texas,137,Austin,SCHZ,1370422,FORT_HOOD_09,0023,NaN,0,0,100,0,0,0,0,NaN,NaN,NaN,NaN,NaN,0,0,0,NaN,0,0,0,NaN,NaN,NaN,NaN,NaN,NaN,NaN,NaN,NaN,0,0,NaN,0,0,NaN,NaN,NaN,NaN,NaN,NaN,NaN,NaN,NaN,NaN,NaN,NaN,0,0,0,0,0,NaN,0,0,0,0
10/07/2025,04,5GNR,Central Texas,137,Austin,SCHZ,1370422,FORT_HOOD_09,0024,0,0,2,100,1,1,0.19,0,48.59,0,0,0,3.71,17.29,11.01,0.14,0,0.02,0.05,0,8.89,NaN,NaN,NaN,NaN,NaN,NaN,NaN,NaN,0,0,NaN,0,0,NaN,NaN,NaN,NaN,NaN,NaN,NaN,NaN,NaN,NaN,NaN,NaN,0,0,0,0,0,NaN,0,0,0.14,0
10/07/2025,04,5GNR,Central Texas,137,Austin,SCHZ,1370422,FORT_HOOD_09,0025,12.5,1,8,100,7,7,216.57,0.1,212.68,0,0,0,0.62,16.47,9.89,176.62,0,0.22,0.68,0,1.07,NaN,NaN,NaN,NaN,NaN,NaN,NaN,NaN,0,0,NaN,0,0,NaN,NaN,NaN,NaN,NaN,NaN,NaN,NaN,NaN,NaN,NaN,NaN,0,0,0,0,0,NaN,0,0,176.62,0
10/07/2025,04,5GNR,Central Texas,137,Austin,SCHZ,1370422,FORT_HOOD_10,0026,NaN,0,0,100,0,0,0,0,NaN,NaN,NaN,NaN,NaN,0,0,0,NaN,0,0,0,NaN,NaN,NaN,NaN,NaN,NaN,NaN,NaN,NaN,0,0,NaN,0,0,NaN,NaN,NaN,NaN,NaN,NaN,NaN,NaN,NaN,NaN,NaN,NaN,0,0,0,0,0,NaN,0,0,0,0
10/07/2025,04,5GNR,Central Texas,137,Austin,SCHZ,1370422,FORT_HOOD_10,0027,NaN,0,0,100,0,0,0,0,NaN,NaN,NaN,NaN,NaN,0,0,0,NaN,0,0,0,NaN,NaN,NaN,NaN,NaN,NaN,NaN,NaN,NaN,0,0,NaN,0,0,NaN,NaN,NaN,NaN,NaN,NaN,NaN,NaN,NaN,NaN,NaN,NaN,0,0,0,0,0,NaN,0,0,0,0
10/07/2025,04,5GNR,Central Texas,137,Austin,SCHZ,1370422,FORT_HOOD_10,0028,NaN,0,0,100,0,0,0,0,NaN,NaN,NaN,NaN,NaN,0,0,0,NaN,0,0,0,NaN,NaN,NaN,NaN,NaN,NaN,NaN,NaN,NaN,0,0,NaN,0,0,NaN,NaN,NaN,NaN,NaN,NaN,NaN,NaN,NaN,NaN,NaN,NaN,0,0,0,0,0,NaN,0,0,0,0
10/07/2025,04,5GNR,Central Texas,137,Austin,SCHZ,1370422,FORT_HOOD_11,0029,0,0,4,100,3,3,10.69,0.01,38.38,0,0,0,4.65,15.23,9.66,8.68,0,0.19,0.49,0,1.68,NaN,NaN,NaN,NaN,NaN,NaN,NaN,NaN,0,0,NaN,0,0,NaN,NaN,NaN,NaN,NaN,NaN,NaN,NaN,NaN,NaN,NaN,NaN,0,0,0,0,0,NaN,0,0,8.68,0
10/07/2025,04,5GNR,Central Texas,137,Austin,SCHZ,1370422,FORT_HOOD_11,0030,0,0,4,100,0,0,0.83,0,25.41,0,0,0,0.53,15.46,8.87,0.42,NaN,0,0.03,0,NaN,NaN,NaN,NaN,NaN,NaN,NaN,NaN,NaN,0,0,NaN,0,0,NaN,NaN,NaN,NaN,NaN,NaN,NaN,NaN,NaN,NaN,NaN,NaN,0,0,0,0,0,NaN,0,0,0.42,0
10/07/2025,04,5GNR,Central Texas,137,Austin,SCHZ,1370422,FORT_HOOD_11,0031,0,0,3,100,2,2,0.44,0,37.15,0,0,0,0.28,15.51,9.03,0.2,0,0,0.03,0,0,NaN,NaN,NaN,NaN,NaN,NaN,NaN,NaN,0,0,NaN,0,0,NaN,NaN,NaN,NaN,NaN,NaN,NaN,NaN,NaN,NaN,NaN,NaN,0,0,0,0,0,NaN,0,0,0.2,0
10/07/2025,04,5GNR,Central Texas,137,Austin,SCHZ,1370422,FORT_HOOD_13,0032,0,0,1,100,0,0,0,0,NaN,0,0,0,0,17.29,5.77,0,NaN,0,0,0,NaN,NaN,NaN,NaN,NaN,NaN,NaN,NaN,NaN,0,0,NaN,0,0,NaN,NaN,NaN,NaN,NaN,NaN,NaN,NaN,NaN,NaN,NaN,NaN,0,0,0,0,0,NaN,0,0,0,0
10/07/2025,04,5GNR,Central Texas,137,Austin,SCHZ,1370422,FORT_HOOD_13,0033,0,0,3,100,1,1,12.37,0,251.03,0,0,0,0.3,16.9,20.17,8.1,0,0.32,0.73,0,30.91,NaN,NaN,NaN,NaN,NaN,NaN,NaN,NaN,0,0,NaN,0,0,NaN,NaN,NaN,NaN,NaN,NaN,NaN,NaN,NaN,NaN,NaN,NaN,0,0,0,0,0,NaN,0,0,8.1,0
10/07/2025,04,5GNR,Central Texas,137,Austin,SCHZ,1370422,FORT_HOOD_13,0034,0,0,3,100,0,0,2.81,0,147.51,0,0,0,0,16.62,15.26,1.99,NaN,0.14,0.24,0,6.65,NaN,NaN,NaN,NaN,NaN,NaN,NaN,NaN,0,0,NaN,0,0,NaN,NaN,NaN,NaN,NaN,NaN,NaN,NaN,NaN,NaN,NaN,NaN,0,0,0,0,0,NaN,0,0,1.99,0
10/07/2025,04,5GNR,Central Texas,137,Austin,SCHZ,1370422,FORT_HOOD_14,0035,0,0,24,100,16,16,435.41,0.06,230.68,0,0,0,0.21,16.8,15.32,292.84,0,12.71,20.68,0.01,10.41,NaN,NaN,NaN,NaN,NaN,NaN,NaN,NaN,0,0,NaN,0,0,NaN,NaN,NaN,NaN,NaN,NaN,NaN,NaN,NaN,NaN,NaN,NaN,0,0,0,0,0,NaN,0,0,292.84,0
10/07/2025,04,5GNR,Central Texas,137,Austin,SCHZ,1370422,FORT_HOOD_14,0036,0,0,1,100,0,0,1.74,0,84.85,0,0,0,0,16.58,12.11,1.44,NaN,0.03,0.06,0,13.74,NaN,NaN,NaN,NaN,NaN,NaN,NaN,NaN,0,0,NaN,0,0,NaN,NaN,NaN,NaN,NaN,NaN,NaN,NaN,NaN,NaN,NaN,NaN,0,0,0,0,0,NaN,0,0,1.44,0
10/07/2025,04,5GNR,Central Texas,137,Austin,SCHZ,1370422,FORT_HOOD_14,0037,0,0,8,100,3,3,89.34,0.02,198.02,0,0,0,0.05,16.64,14.54,57.8,0,2.96,5.35,0,7.36,NaN,NaN,NaN,NaN,NaN,NaN,NaN,NaN,0,0,NaN,0,0,NaN,NaN,NaN,NaN,NaN,NaN,NaN,NaN,NaN,NaN,NaN,NaN,0,0,0,0,0,NaN,0,0,57.8,0
10/07/2025,04,5GNR,Central Texas,137,Austin,SCHZ,1370422,FORT_HOOD_15,0004,NaN,0,0,100,0,0,0,0,NaN,NaN,NaN,NaN,NaN,0,0,0,NaN,0,0,0,NaN,NaN,NaN,NaN,NaN,NaN,NaN,NaN,NaN,0,0,NaN,0,0,NaN,NaN,NaN,NaN,NaN,NaN,NaN,NaN,NaN,NaN,NaN,NaN,0,0,0,0,0,NaN,0,0,0,0
10/07/2025,04,5GNR,Central Texas,137,Austin,SCHZ,1370422,FORT_HOOD_15,0005,0,0,6,100,6,6,7.68,0,95.82,0,0,0,2.92,16.73,17.18,5.71,0,0.33,0.66,0,4.87,NaN,NaN,NaN,NaN,NaN,NaN,NaN,NaN,0,0,NaN,0,0,NaN,NaN,NaN,NaN,NaN,NaN,NaN,NaN,NaN,NaN,NaN,NaN,0,0,0,0,0,NaN,0,0,5.71,0
10/07/2025,04,5GNR,Central Texas,137,Austin,SCHZ,1370422,FORT_HOOD_15,0006,33.33,1,3,100,1,1,0.01,0,7.28,0,0,0,5.26,16.9,9.67,0,0,0,0,0,NaN,NaN,NaN,NaN,NaN,NaN,NaN,NaN,NaN,0,0,NaN,0,0,NaN,NaN,NaN,NaN,NaN,NaN,NaN,NaN,NaN,NaN,NaN,NaN,0,0,0,0,0,NaN,0,0,0,0
10/07/2025,04,5GNR,Central Texas,137,Austin,SCHZ,1370422,FORT_HOOD_16,0041,NaN,0,0,100,0,0,0,0,NaN,NaN,NaN,NaN,NaN,0,0,0,NaN,0,0,0,NaN,NaN,NaN,NaN,NaN,NaN,NaN,NaN,NaN,0,0,NaN,0,0,NaN,NaN,NaN,NaN,NaN,NaN,NaN,NaN,NaN,NaN,NaN,NaN,0,0,0,0,0,NaN,0,0,0,0
10/07/2025,04,5GNR,Central Texas,137,Austin,SCHZ,1370422,FORT_HOOD_16,0042,0,0,3,100,0,0,31.99,0,242.79,0,0,0,1.76,15.95,15.37,19.86,NaN,0.11,0.28,0,4.99,NaN,NaN,NaN,NaN,NaN,NaN,NaN,NaN,0,0,NaN,0,0,NaN,NaN,NaN,NaN,NaN,NaN,NaN,NaN,NaN,NaN,NaN,NaN,0,0,0,0,0,NaN,0,0,19.86,0
10/07/2025,04,5GNR,Central Texas,137,Austin,SCHZ,1370422,FORT_HOOD_16,0043,0,0,1,100,1,1,0.16,0,51.37,0,0,0,0.93,15.59,9.33,0.09,0,0,0.02,0,NaN,NaN,NaN,NaN,NaN,NaN,NaN,NaN,NaN,0,0,NaN,0,0,NaN,NaN,NaN,NaN,NaN,NaN,NaN,NaN,NaN,NaN,NaN,NaN,0,0,0,0,0,NaN,0,0,0.09,0
10/07/2025,04,5GNR,Central Texas,137,Austin,SCHZ,1370422,FORT_HOOD_18,0044,NaN,0,0,100,0,0,0,0,NaN,NaN,NaN,NaN,NaN,0,0,0,NaN,0,0,0,NaN,NaN,NaN,NaN,NaN,NaN,NaN,NaN,NaN,0,0,NaN,0,0,NaN,NaN,NaN,NaN,NaN,NaN,NaN,NaN,NaN,NaN,NaN,NaN,0,0,0,0,0,NaN,0,0,0,0
10/07/2025,04,5GNR,Central Texas,137,Austin,SCHZ,1370422,FORT_HOOD_18,0045,0,0,8,100,3,3,44.3,0.02,73.25,0,0,0,1.53,16.09,15.24,31.9,0,0.3,0.92,0,6.37,NaN,NaN,NaN,NaN,NaN,NaN,NaN,NaN,0,0,NaN,0,0,NaN,NaN,NaN,NaN,NaN,NaN,NaN,NaN,NaN,NaN,NaN,NaN,0,0,0,0,0,NaN,0,0,31.9,0
10/07/2025,04,5GNR,Central Texas,137,Austin,SCHZ,1370422,FORT_HOOD_18,0046,0,0,8,100,3,3,60.07,0.01,109.38,0,0,0,0.7,16.29,18.51,33.88,0,0.32,1.12,0,7.3,NaN,NaN,NaN,NaN,NaN,NaN,NaN,NaN,0,0,NaN,0,0,NaN,NaN,NaN,NaN,NaN,NaN,NaN,NaN,NaN,NaN,NaN,NaN,0,0,0,0,0,NaN,0,0,33.88,0
10/07/2025,04,5GNR,Central Texas,137,Austin,SCHZ,1370422,FORT_HOOD_20,0047,NaN,0,0,100,0,0,0,0,NaN,NaN,NaN,NaN,NaN,0,0,0,NaN,0,0,0,NaN,NaN,NaN,NaN,NaN,NaN,NaN,NaN,NaN,0,0,NaN,0,0,NaN,NaN,NaN,NaN,NaN,NaN,NaN,NaN,NaN,NaN,NaN,NaN,0,0,0,0,0,NaN,0,0,0,0
10/07/2025,04,5GNR,Central Texas,137,Austin,SCHZ,1370422,FORT_HOOD_20,0048,NaN,0,0,100,0,0,0,0,NaN,NaN,NaN,NaN,NaN,0,0,0,NaN,0,0,0,NaN,NaN,NaN,NaN,NaN,NaN,NaN,NaN,NaN,0,0,NaN,0,0,NaN,NaN,NaN,NaN,NaN,NaN,NaN,NaN,NaN,NaN,NaN,NaN,0,0,0,0,0,NaN,0,0,0,0
10/07/2025,04,5GNR,Central Texas,137,Austin,SCHZ,1370422,FORT_HOOD_20,0049,NaN,0,0,100,0,0,0,0,NaN,NaN,NaN,NaN,NaN,0,0,0,NaN,0,0,0,NaN,NaN,NaN,NaN,NaN,NaN,NaN,NaN,NaN,0,0,NaN,0,0,NaN,NaN,NaN,NaN,NaN,NaN,NaN,NaN,NaN,NaN,NaN,NaN,0,0,0,0,0,NaN,0,0,0,0
10/07/2025,04,5GNR,Central Texas,137,Austin,SCHZ,1370422,FORT_HOOD_22,0007,0,0,1,100,1,1,0.24,0,30.07,0,0,0,0,14.42,5.99,0.24,0,0,0,0,NaN,NaN,NaN,NaN,NaN,NaN,NaN,NaN,NaN,0,0,NaN,0,0,NaN,NaN,NaN,NaN,NaN,NaN,NaN,NaN,NaN,NaN,NaN,NaN,0,0,0,0,0,NaN,0,0,0.24,0
10/07/2025,04,5GNR,Central Texas,137,Austin,SCHZ,1370422,FORT_HOOD_22,0008,0,0,1,100,1,1,0,0,NaN,0,0,0,5.88,12.26,1.64,0,0,0,0,0,0,NaN,NaN,NaN,NaN,NaN,NaN,NaN,NaN,0,0,NaN,0,0,NaN,NaN,NaN,NaN,NaN,NaN,NaN,NaN,NaN,NaN,NaN,NaN,0,0,0,0,0,NaN,0,0,0,0
10/07/2025,04,5GNR,Central Texas,137,Austin,SCHZ,1370422,FORT_HOOD_22,0009,NaN,0,0,100,0,0,0,0,NaN,NaN,NaN,NaN,NaN,0,0,0,NaN,0,0,0,NaN,NaN,NaN,NaN,NaN,NaN,NaN,NaN,NaN,0,0,NaN,0,0,NaN,NaN,NaN,NaN,NaN,NaN,NaN,NaN,NaN,NaN,NaN,NaN,0,0,0,0,0,NaN,0,0,0,0
10/07/2025,04,5GNR,Central Texas,137,Austin,SCHZ,1370422,FORT_HOOD_23,0010,0,0,1,100,1,1,0,0,NaN,0,0,0,4.08,16.45,6.68,0,0,0,0,0,NaN,NaN,NaN,NaN,NaN,NaN,NaN,NaN,NaN,0,0,NaN,0,0,NaN,NaN,NaN,NaN,NaN,NaN,NaN,NaN,NaN,NaN,NaN,NaN,0,0,0,0,0,NaN,0,0,0,0
10/07/2025,04,5GNR,Central Texas,137,Austin,SCHZ,1370422,FORT_HOOD_23,0011,0,0,1,100,0,0,0,0,NaN,0,0,0,47.06,12.41,1.59,0,NaN,0,0,0,NaN,NaN,NaN,NaN,NaN,NaN,NaN,NaN,NaN,0,0,NaN,0,0,NaN,NaN,NaN,NaN,NaN,NaN,NaN,NaN,NaN,NaN,NaN,NaN,0,0,0,0,0,NaN,0,0,0,0
10/07/2025,04,5GNR,Central Texas,137,Austin,SCHZ,1370422,FORT_HOOD_23,0012,0,0,2,100,2,2,0.01,0,10.08,0,0,0,2.37,17.32,11.21,0,0,0,0.01,0,NaN,NaN,NaN,NaN,NaN,NaN,NaN,NaN,NaN,0,0,NaN,0,0,NaN,NaN,NaN,NaN,NaN,NaN,NaN,NaN,NaN,NaN,NaN,NaN,0,0,0,0,0,NaN,0,0,0,0
10/07/2025,04,5GNR,Central Texas,137,Austin,SCHZ,1370422,FORT_HOOD_25,0056,NaN,0,0,100,0,0,0,0,NaN,NaN,NaN,NaN,NaN,0,0,0,NaN,0,0,0,NaN,NaN,NaN,NaN,NaN,NaN,NaN,NaN,NaN,0,0,NaN,0,0,NaN,NaN,NaN,NaN,NaN,NaN,NaN,NaN,NaN,NaN,NaN,NaN,0,0,0,0,0,NaN,0,0,0,0
10/07/2025,04,5GNR,Central Texas,137,Austin,SCHZ,1370422,FORT_HOOD_25,0057,0,0,21,100,22,21,8.29,0,90.44,0,0,0,0.34,16.17,12.03,4.9,4.55,0.54,1.35,0,4.02,NaN,NaN,NaN,NaN,NaN,NaN,NaN,NaN,0,0,NaN,0,0,NaN,NaN,NaN,NaN,NaN,NaN,NaN,NaN,NaN,NaN,NaN,NaN,0,0,0,0,0,NaN,0,0,4.9,0
10/07/2025,04,5GNR,Central Texas,137,Austin,SCHZ,1370422,FORT_HOOD_25,0058,50,1,2,100,2,2,0.04,0,17.12,0,0,0,22.86,15.3,6.83,0.04,0,0,0.01,0,0,NaN,NaN,NaN,NaN,NaN,NaN,NaN,NaN,0,0,NaN,0,0,NaN,NaN,NaN,NaN,NaN,NaN,NaN,NaN,NaN,NaN,NaN,NaN,0,0,0,0,0,NaN,0,0,0.04,0
10/07/2025,04,5GNR,Central Texas,137,Austin,SCHZ,1370422,FORT_HOOD_26,0013,0,0,4,100,1,1,16.65,0.01,167.74,0,0,0,4.67,16.45,9.7,12.38,0,0.28,0.55,0,2.99,NaN,NaN,NaN,NaN,NaN,NaN,NaN,NaN,0,0,NaN,0,0,NaN,NaN,NaN,NaN,NaN,NaN,NaN,NaN,NaN,NaN,NaN,NaN,0,0,0,0,0,NaN,0,0,12.38,0
10/07/2025,04,5GNR,Central Texas,137,Austin,SCHZ,1370422,FORT_HOOD_26,0014,NaN,0,0,100,0,0,0,0,NaN,NaN,NaN,NaN,NaN,0,0,0,NaN,0,0,0,NaN,NaN,NaN,NaN,NaN,NaN,NaN,NaN,NaN,0,0,NaN,0,0,NaN,NaN,NaN,NaN,NaN,NaN,NaN,NaN,NaN,NaN,NaN,NaN,0,0,0,0,0,NaN,0,0,0,0
10/07/2025,04,5GNR,Central Texas,137,Austin,SCHZ,1370422,FORT_HOOD_26,0015,0,0,1,100,1,1,0,0,NaN,0,0,0,100,0,-7.87,0.29,0,0,0,0,NaN,NaN,NaN,NaN,NaN,NaN,NaN,NaN,NaN,0,0,NaN,0,0,NaN,NaN,NaN,NaN,NaN,NaN,NaN,NaN,NaN,NaN,NaN,NaN,0,0,0,0,0,NaN,0,0,0.29,0
10/07/2025,04,5GNR,Central Texas,137,Austin,SCHZ,1370422,FORT_HOOD_30,0016,NaN,0,0,100,0,0,0,0,NaN,NaN,NaN,NaN,NaN,0,0,0,NaN,0,0,0,NaN,NaN,NaN,NaN,NaN,NaN,NaN,NaN,NaN,0,0,NaN,0,0,NaN,NaN,NaN,NaN,NaN,NaN,NaN,NaN,NaN,NaN,NaN,NaN,0,0,0,0,0,NaN,0,0,0,0
10/07/2025,04,5GNR,Central Texas,137,Austin,SCHZ,1370422,FORT_HOOD_30,0017,4.65,2,43,100,25,25,281.36,0.06,279.25,0.01,0.01,0.03,1.73,16.33,14.62,163.21,0,5.16,10.7,0.02,4.25,NaN,NaN,NaN,NaN,NaN,NaN,NaN,NaN,0,0,NaN,0,0,NaN,NaN,NaN,NaN,NaN,NaN,NaN,NaN,NaN,NaN,NaN,NaN,0,0,0,0,0,NaN,0,0,163.21,0
10/07/2025,04,5GNR,Central Texas,137,Austin,SCHZ,1370422,FORT_HOOD_30,0018,0,0,32,100,14,14,9.5,0,84.99,0,0,0,2.61,16.69,12.57,4.75,0,0.73,1.71,0,4.61,NaN,NaN,NaN,NaN,NaN,NaN,NaN,NaN,0,0,NaN,0,0,NaN,NaN,NaN,NaN,NaN,NaN,NaN,NaN,NaN,NaN,NaN,NaN,0,0,0,0,0,NaN,0,0,4.75,0
10/07/2025,04,5GNR,Central Texas,137,Austin,SCHZ,1370422,FORT_HOOD_49,0074,NaN,0,0,100,0,0,0,0,NaN,NaN,NaN,NaN,NaN,0,0,0,NaN,0,0,0,NaN,NaN,NaN,NaN,NaN,NaN,NaN,NaN,NaN,0,0,NaN,0,0,NaN,NaN,NaN,NaN,NaN,NaN,NaN,NaN,NaN,NaN,NaN,NaN,0,0,0,0,0,NaN,0,0,0,0
10/07/2025,04,5GNR,Central Texas,137,Austin,SCHZ,1370422,FORT_HOOD_49,0075,NaN,0,0,100,0,0,0,0,NaN,NaN,NaN,NaN,NaN,0,0,0,NaN,0,0,0,NaN,NaN,NaN,NaN,NaN,NaN,NaN,NaN,NaN,0,0,NaN,0,0,NaN,NaN,NaN,NaN,NaN,NaN,NaN,NaN,NaN,NaN,NaN,NaN,0,0,0,0,0,NaN,0,0,0,0
10/07/2025,04,5GNR,Central Texas,137,Austin,SCHZ,1370422,FORT_HOOD_49,0076,50,1,2,100,2,2,0.3,0,52.09,0,0,0,0.67,16.56,10.29,0.12,0,0.12,0.36,0,3.13,NaN,NaN,NaN,NaN,NaN,NaN,NaN,NaN,0,0,NaN,0,0,NaN,NaN,NaN,NaN,NaN,NaN,NaN,NaN,NaN,NaN,NaN,NaN,0,0,0,0,0,NaN,0,0,0.12,0
10/07/2025,04,5GNR,Central Texas,137,Austin,SCHZ,1370422,FORT_HOOD_60,0019,0,0,1,100,0,0,0.53,0,53.97,0,0,0,0,16.72,10.52,0.32,NaN,0,0.01,0,NaN,NaN,NaN,NaN,NaN,NaN,NaN,NaN,NaN,0,0,NaN,0,0,NaN,NaN,NaN,NaN,NaN,NaN,NaN,NaN,NaN,NaN,NaN,NaN,0,0,0,0,0,NaN,0,0,0.32,0
10/07/2025,04,5GNR,Central Texas,137,Austin,SCHZ,1370422,FORT_HOOD_60,0020,0,0,1,100,1,1,0.04,0,16.38,0,0,0,0,16.83,12.29,0.02,0,0.01,0.02,0,65.54,NaN,NaN,NaN,NaN,NaN,NaN,NaN,NaN,0,0,NaN,0,0,NaN,NaN,NaN,NaN,NaN,NaN,NaN,NaN,NaN,NaN,NaN,NaN,0,0,0,0,0,NaN,0,0,0.02,0
10/07/2025,04,5GNR,Central Texas,137,Austin,SCHZ,1370422,FORT_HOOD_60,0021,NaN,0,0,100,0,0,0,0,NaN,NaN,NaN,NaN,NaN,0,0,0,NaN,0,0,0,NaN,NaN,NaN,NaN,NaN,NaN,NaN,NaN,NaN,0,0,NaN,0,0,NaN,NaN,NaN,NaN,NaN,NaN,NaN,NaN,NaN,NaN,NaN,NaN,0,0,0,0,0,NaN,0,0,0,0
10/07/2025,04,5GNR,Central Texas,137,Austin,SCHZ,1370422,FORT_HOOD_61,0038,NaN,0,0,100,0,0,0,0,NaN,NaN,NaN,NaN,NaN,0,0,0,NaN,0,0,0,NaN,NaN,NaN,NaN,NaN,NaN,NaN,NaN,NaN,0,0,NaN,0,0,NaN,NaN,NaN,NaN,NaN,NaN,NaN,NaN,NaN,NaN,NaN,NaN,0,0,0,0,0,NaN,0,0,0,0
10/07/2025,04,5GNR,Central Texas,137,Austin,SCHZ,1370422,FORT_HOOD_61,0039,0,0,2,100,1,1,0.28,0,34.11,0,0,0,4.88,15.33,12.82,0.14,0,0.13,0.16,0,4.86,NaN,NaN,NaN,NaN,NaN,NaN,NaN,NaN,0,0,NaN,0,0,NaN,NaN,NaN,NaN,NaN,NaN,NaN,NaN,NaN,NaN,NaN,NaN,0,0,0,0,0,NaN,0,0,0.14,0
10/07/2025,04,5GNR,Central Texas,137,Austin,SCHZ,1370422,FORT_HOOD_61,0040,0,0,1,100,0,0,15.67,0,171.14,0,0,0,10.58,15.86,14.94,10.15,NaN,1.01,1.45,0,3.35,NaN,NaN,NaN,NaN,NaN,NaN,NaN,NaN,0,0,NaN,0,0,NaN,NaN,NaN,NaN,NaN,NaN,NaN,NaN,NaN,NaN,NaN,NaN,0,0,0,0,0,NaN,0,0,10.15,0
10/07/2025,04,5GNR,Central Texas,137,Austin,SCHZ,1370422,FORT_HOOD_63,0050,0,0,1,100,0,0,0.56,0,71.96,0,0,0,2.86,16.35,11.7,0.42,NaN,0.03,0.05,0,12.17,NaN,NaN,NaN,NaN,NaN,NaN,NaN,NaN,0,0,NaN,0,0,NaN,NaN,NaN,NaN,NaN,NaN,NaN,NaN,NaN,NaN,NaN,NaN,0,0,0,0,0,NaN,0,0,0.42,0
10/07/2025,04,5GNR,Central Texas,137,Austin,SCHZ,1370422,FORT_HOOD_63,0051,0,0,4,100,0,0,2.33,0,52.09,0,0,0,3.9,15.72,14.06,1.7,NaN,0.1,0.23,0,6.49,NaN,NaN,NaN,NaN,NaN,NaN,NaN,NaN,0,0,NaN,0,0,NaN,NaN,NaN,NaN,NaN,NaN,NaN,NaN,NaN,NaN,NaN,NaN,0,0,0,0,0,NaN,0,0,1.7,0
10/07/2025,04,5GNR,Central Texas,137,Austin,SCHZ,1370422,FORT_HOOD_63,0052,0,0,9,100,6,6,14.34,0,305.26,0,0,0,0.74,17.37,18.73,10.14,0,0.18,0.53,0,17.57,NaN,NaN,NaN,NaN,NaN,NaN,NaN,NaN,0,0,NaN,0,0,NaN,NaN,NaN,NaN,NaN,NaN,NaN,NaN,NaN,NaN,NaN,NaN,0,0,0,0,0,NaN,0,0,10.14,0
10/07/2025,04,5GNR,Central Texas,137,Austin,SCHZ,1370422,FORT_HOOD_64,0053,NaN,0,0,100,0,0,0,0,NaN,NaN,NaN,NaN,NaN,0,0,0,NaN,0,0,0,NaN,NaN,NaN,NaN,NaN,NaN,NaN,NaN,NaN,0,0,NaN,0,0,NaN,NaN,NaN,NaN,NaN,NaN,NaN,NaN,NaN,NaN,NaN,NaN,0,0,0,0,0,NaN,0,0,0,0
10/07/2025,04,5GNR,Central Texas,137,Austin,SCHZ,1370422,FORT_HOOD_64,0054,NaN,0,0,100,0,0,0,0,NaN,NaN,NaN,NaN,NaN,0,0,0,NaN,0,0,0,NaN,NaN,NaN,NaN,NaN,NaN,NaN,NaN,NaN,0,0,NaN,0,0,NaN,NaN,NaN,NaN,NaN,NaN,NaN,NaN,NaN,NaN,NaN,NaN,0,0,0,0,0,NaN,0,0,0,0
10/07/2025,04,5GNR,Central Texas,137,Austin,SCHZ,1370422,FORT_HOOD_64,0055,NaN,0,0,100,0,0,0,0,NaN,NaN,NaN,NaN,NaN,0,0,0,NaN,0,0,0,NaN,NaN,NaN,NaN,NaN,NaN,NaN,NaN,NaN,0,0,NaN,0,0,NaN,NaN,NaN,NaN,NaN,NaN,NaN,NaN,NaN,NaN,NaN,NaN,0,0,0,0,0,NaN,0,0,0,0
10/07/2025,04,5GNR,Central Texas,137,Austin,SCHZ,1370422,FORT_HOOD_65,0059,0,0,1,100,1,1,0.04,0,95.78,0,0,0,0.63,12.98,10.11,0.03,0,0,0.02,0,NaN,NaN,NaN,NaN,NaN,NaN,NaN,NaN,NaN,0,0,NaN,0,0,NaN,NaN,NaN,NaN,NaN,NaN,NaN,NaN,NaN,NaN,NaN,NaN,0,0,0,0,0,NaN,0,0,0.03,0
10/07/2025,04,5GNR,Central Texas,137,Austin,SCHZ,1370422,FORT_HOOD_65,0060,0,0,2,100,0,0,0.1,0,21.44,0,0,0,0,16.71,13.6,0.05,NaN,0.01,0.04,0,NaN,NaN,NaN,NaN,NaN,NaN,NaN,NaN,NaN,0,0,NaN,0,0,NaN,NaN,NaN,NaN,NaN,NaN,NaN,NaN,NaN,NaN,NaN,NaN,0,0,0,0,0,NaN,0,0,0.05,0
10/07/2025,04,5GNR,Central Texas,137,Austin,SCHZ,1370422,FORT_HOOD_65,0061,0,0,6,100,2,2,0.84,0,75.46,0,0,0,0.11,16.93,15.6,0.83,0,0.04,0.16,0,5.15,NaN,NaN,NaN,NaN,NaN,NaN,NaN,NaN,0,0,NaN,0,0,NaN,NaN,NaN,NaN,NaN,NaN,NaN,NaN,NaN,NaN,NaN,NaN,0,0,0,0,0,NaN,0,0,0.83,0
10/07/2025,04,5GNR,Central Texas,137,Austin,SCHZ,1370422,FORT_HOOD_66,0062,NaN,0,0,100,0,0,0,0,NaN,NaN,NaN,NaN,NaN,0,0,0,NaN,0,0,0,NaN,NaN,NaN,NaN,NaN,NaN,NaN,NaN,NaN,0,0,NaN,0,0,NaN,NaN,NaN,NaN,NaN,NaN,NaN,NaN,NaN,NaN,NaN,NaN,0,0,0,0,0,NaN,0,0,0,0
10/07/2025,04,5GNR,Central Texas,137,Austin,SCHZ,1370422,FORT_HOOD_66,0063,0,0,2,100,0,0,0,0,NaN,0,0,0,0,8.41,2.11,0,NaN,0,0,0,NaN,NaN,NaN,NaN,NaN,NaN,NaN,NaN,NaN,0,0,NaN,0,0,NaN,NaN,NaN,NaN,NaN,NaN,NaN,NaN,NaN,NaN,NaN,NaN,0,0,0,0,0,NaN,0,0,0,0
10/07/2025,04,5GNR,Central Texas,137,Austin,SCHZ,1370422,FORT_HOOD_66,0064,NaN,0,0,100,0,0,0,0,NaN,NaN,NaN,NaN,NaN,0,0,0,NaN,0,0,0,NaN,NaN,NaN,NaN,NaN,NaN,NaN,NaN,NaN,0,0,NaN,0,0,NaN,NaN,NaN,NaN,NaN,NaN,NaN,NaN,NaN,NaN,NaN,NaN,0,0,0,0,0,NaN,0,0,0,0
10/07/2025,04,5GNR,Central Texas,137,Austin,SCHZ,1370422,FORT_HOOD_67,0065,0,0,2,100,2,2,70.29,0.02,48.64,0,0,0,0.13,15.78,10.36,34.88,0,0.04,0.51,0,7.71,NaN,NaN,NaN,NaN,NaN,NaN,NaN,NaN,0,0,NaN,0,0,NaN,NaN,NaN,NaN,NaN,NaN,NaN,NaN,NaN,NaN,NaN,NaN,0,0,0,0,0,NaN,0,0,34.88,0
10/07/2025,04,5GNR,Central Texas,137,Austin,SCHZ,1370422,FORT_HOOD_67,0066,0,0,1,100,2,2,0.01,0,0,0,0,0,9.39,16.53,9.04,0,0,0.01,0.02,0,0.54,NaN,NaN,NaN,NaN,NaN,NaN,NaN,NaN,0,0,NaN,0,0,NaN,NaN,NaN,NaN,NaN,NaN,NaN,NaN,NaN,NaN,NaN,NaN,0,0,0,0,0,NaN,0,0,0,0
10/07/2025,04,5GNR,Central Texas,137,Austin,SCHZ,1370422,FORT_HOOD_67,0067,0,0,3,100,2,2,1.91,0,111.86,0,0,0,1.14,16.4,12.63,1.39,0,0.08,0.15,0,5.15,NaN,NaN,NaN,NaN,NaN,NaN,NaN,NaN,0,0,NaN,0,0,NaN,NaN,NaN,NaN,NaN,NaN,NaN,NaN,NaN,NaN,NaN,NaN,0,0,0,0,0,NaN,0,0,1.39,0
10/07/2025,04,5GNR,Central Texas,137,Austin,SCHZ,1370422,FORT_HOOD_68,0068,0,0,3,100,2,2,0,0,NaN,0,0,0,0,13.54,3.74,0,0,0,0,0,0.37,NaN,NaN,NaN,NaN,NaN,NaN,NaN,NaN,0,0,NaN,0,0,NaN,NaN,NaN,NaN,NaN,NaN,NaN,NaN,NaN,NaN,NaN,NaN,0,0,0,0,0,NaN,0,0,0,0
10/07/2025,04,5GNR,Central Texas,137,Austin,SCHZ,1370422,FORT_HOOD_68,0069,NaN,0,0,100,0,0,0,0,NaN,NaN,NaN,NaN,NaN,0,0,0,NaN,0,0,0,NaN,NaN,NaN,NaN,NaN,NaN,NaN,NaN,NaN,0,0,NaN,0,0,NaN,NaN,NaN,NaN,NaN,NaN,NaN,NaN,NaN,NaN,NaN,NaN,0,0,0,0,0,NaN,0,0,0,0
10/07/2025,04,5GNR,Central Texas,137,Austin,SCHZ,1370422,FORT_HOOD_68,0070,18.18,2,11,100,7,7,11.36,0.01,31.98,0,0,0,0.33,15.54,11.23,9.3,0,0.24,0.71,0,7.57,NaN,NaN,NaN,NaN,NaN,NaN,NaN,NaN,0,0,NaN,0,0,NaN,NaN,NaN,NaN,NaN,NaN,NaN,NaN,NaN,NaN,NaN,NaN,0,0,0,0,0,NaN,0,0,9.3,0
10/07/2025,04,5GNR,Central Texas,137,Austin,SCHZ,1370422,FORT_HOOD_69,0071,NaN,0,0,100,0,0,0,0,NaN,NaN,NaN,NaN,NaN,0,0,0,NaN,0,0,0,NaN,NaN,NaN,NaN,NaN,NaN,NaN,NaN,NaN,0,0,NaN,0,0,NaN,NaN,NaN,NaN,NaN,NaN,NaN,NaN,NaN,NaN,NaN,NaN,0,0,0,0,0,NaN,0,0,0,0
10/07/2025,04,5GNR,Central Texas,137,Austin,SCHZ,1370422,FORT_HOOD_69,0072,0,0,1,100,0,0,3.78,0,46.61,0,0,0,2.79,15.99,14.7,1.65,NaN,0.15,0.44,0,5.86,NaN,NaN,NaN,NaN,NaN,NaN,NaN,NaN,0,0,NaN,0,0,NaN,NaN,NaN,NaN,NaN,NaN,NaN,NaN,NaN,NaN,NaN,NaN,0,0,0,0,0,NaN,0,0,1.65,0
10/07/2025,04,5GNR,Central Texas,137,Austin,SCHZ,1370422,FORT_HOOD_69,0073,0,0,1,100,0,0,6.46,0,62.96,0,0,0,0.26,16.01,15.61,3.72,NaN,0.32,0.67,0,5.16,NaN,NaN,NaN,NaN,NaN,NaN,NaN,NaN,0,0,NaN,0,0,NaN,NaN,NaN,NaN,NaN,NaN,NaN,NaN,NaN,NaN,NaN,NaN,0,0,0,0,0,NaN,0,0,3.72,0
10/07/2025,04,5GNR,Central Texas,137,Austin,SCHZ,1370423,FORT_HOOD_01,0010,NaN,0,0,100,0,0,0,0,NaN,NaN,NaN,NaN,NaN,0,0,0,NaN,0,0,0,NaN,NaN,NaN,NaN,NaN,NaN,NaN,NaN,NaN,0,0,NaN,0,0,NaN,NaN,NaN,NaN,NaN,NaN,NaN,NaN,NaN,NaN,NaN,NaN,0,0,0,0,0,NaN,0,0,0,0
10/07/2025,04,5GNR,Central Texas,137,Austin,SCHZ,1370423,FORT_HOOD_01,0011,NaN,0,0,100,0,0,0,0,NaN,NaN,NaN,NaN,NaN,0,0,0,NaN,0,0,0,NaN,NaN,NaN,NaN,NaN,NaN,NaN,NaN,NaN,0,0,NaN,0,0,NaN,NaN,NaN,NaN,NaN,NaN,NaN,NaN,NaN,NaN,NaN,NaN,0,0,0,0,0,NaN,0,0,0,0
10/07/2025,04,5GNR,Central Texas,137,Austin,SCHZ,1370423,FORT_HOOD_01,0012,NaN,0,0,100,0,0,0,0,NaN,NaN,NaN,NaN,NaN,0,0,0,NaN,0,0,0,NaN,NaN,NaN,NaN,NaN,NaN,NaN,NaN,NaN,0,0,NaN,0,0,NaN,NaN,NaN,NaN,NaN,NaN,NaN,NaN,NaN,NaN,NaN,NaN,0,0,0,0,0,NaN,0,0,0,0
10/07/2025,04,5GNR,Central Texas,137,Austin,SCHZ,1370423,FORT_HOOD_02,0013,NaN,0,0,100,0,0,0,0,NaN,NaN,NaN,NaN,NaN,0,0,0,NaN,0,0,0,NaN,NaN,NaN,NaN,NaN,NaN,NaN,NaN,NaN,0,0,NaN,0,0,NaN,NaN,NaN,NaN,NaN,NaN,NaN,NaN,NaN,NaN,NaN,NaN,0,0,0,0,0,NaN,0,0,0,0
10/07/2025,04,5GNR,Central Texas,137,Austin,SCHZ,1370423,FORT_HOOD_02,0014,0,0,1,100,0,0,0,0,0,0,0,0,0,17.29,10.95,0,NaN,0.01,0.02,0,24.97,NaN,NaN,NaN,NaN,NaN,NaN,NaN,NaN,0,0,NaN,0,0,NaN,NaN,NaN,NaN,NaN,NaN,NaN,NaN,NaN,NaN,NaN,NaN,0,0,0,0,0,NaN,0,0,0,0
10/07/2025,04,5GNR,Central Texas,137,Austin,SCHZ,1370423,FORT_HOOD_02,0015,0,0,3,100,2,2,21.89,0,238.76,0,0,0,0.02,17.38,14.94,12.47,0,0.45,1.91,0,13.13,NaN,NaN,NaN,NaN,NaN,NaN,NaN,NaN,0,0,NaN,0,0,NaN,NaN,NaN,NaN,NaN,NaN,NaN,NaN,NaN,NaN,NaN,NaN,0,0,0,0,0,NaN,0,0,12.47,0
10/07/2025,04,5GNR,Central Texas,137,Austin,SCHZ,1370423,FORT_HOOD_03,0016,NaN,0,0,100,0,0,0,0,NaN,NaN,NaN,NaN,NaN,0,0,0,NaN,0,0,0,NaN,NaN,NaN,NaN,NaN,NaN,NaN,NaN,NaN,0,0,NaN,0,0,NaN,NaN,NaN,NaN,NaN,NaN,NaN,NaN,NaN,NaN,NaN,NaN,0,0,0,0,0,NaN,0,0,0,0
10/07/2025,04,5GNR,Central Texas,137,Austin,SCHZ,1370423,FORT_HOOD_03,0017,NaN,0,0,100,0,0,0,0,NaN,NaN,NaN,NaN,NaN,0,0,0,NaN,0,0,0,NaN,NaN,NaN,NaN,NaN,NaN,NaN,NaN,NaN,0,0,NaN,0,0,NaN,NaN,NaN,NaN,NaN,NaN,NaN,NaN,NaN,NaN,NaN,NaN,0,0,0,0,0,NaN,0,0,0,0
10/07/2025,04,5GNR,Central Texas,137,Austin,SCHZ,1370423,FORT_HOOD_03,0018,NaN,0,0,100,0,0,0,0,NaN,NaN,NaN,NaN,NaN,0,0,0,NaN,0,0,0,NaN,NaN,NaN,NaN,NaN,NaN,NaN,NaN,NaN,0,0,NaN,0,0,NaN,NaN,NaN,NaN,NaN,NaN,NaN,NaN,NaN,NaN,NaN,NaN,0,0,0,0,0,NaN,0,0,0,0
10/07/2025,04,5GNR,Central Texas,137,Austin,SCHZ,1370423,FORT_HOOD_04,0019,NaN,0,0,100,0,0,0,0,NaN,NaN,NaN,NaN,NaN,0,0,0,NaN,0,0,0,NaN,NaN,NaN,NaN,NaN,NaN,NaN,NaN,NaN,0,0,NaN,0,0,NaN,NaN,NaN,NaN,NaN,NaN,NaN,NaN,NaN,NaN,NaN,NaN,0,0,0,0,0,NaN,0,0,0,0
10/07/2025,04,5GNR,Central Texas,137,Austin,SCHZ,1370423,FORT_HOOD_04,0020,NaN,0,0,100,0,0,0,0,NaN,NaN,NaN,NaN,NaN,0,0,0,NaN,0,0,0,NaN,NaN,NaN,NaN,NaN,NaN,NaN,NaN,NaN,0,0,NaN,0,0,NaN,NaN,NaN,NaN,NaN,NaN,NaN,NaN,NaN,NaN,NaN,NaN,0,0,0,0,0,NaN,0,0,0,0
10/07/2025,04,5GNR,Central Texas,137,Austin,SCHZ,1370423,FORT_HOOD_04,0021,NaN,0,0,100,0,0,0,0,NaN,NaN,NaN,NaN,NaN,0,0,0,NaN,0,0,0,NaN,NaN,NaN,NaN,NaN,NaN,NaN,NaN,NaN,0,0,NaN,0,0,NaN,NaN,NaN,NaN,NaN,NaN,NaN,NaN,NaN,NaN,NaN,NaN,0,0,0,0,0,NaN,0,0,0,0
10/07/2025,04,5GNR,Central Texas,137,Austin,SCHZ,1370423,FORT_HOOD_05,0022,NaN,0,0,100,0,0,0,0,NaN,NaN,NaN,NaN,NaN,0,0,0,NaN,0,0,0,NaN,NaN,NaN,NaN,NaN,NaN,NaN,NaN,NaN,0,0,NaN,0,0,NaN,NaN,NaN,NaN,NaN,NaN,NaN,NaN,NaN,NaN,NaN,NaN,0,0,0,0,0,NaN,0,0,0,0
10/07/2025,04,5GNR,Central Texas,137,Austin,SCHZ,1370423,FORT_HOOD_05,0023,NaN,0,0,100,0,0,0,0,NaN,NaN,NaN,NaN,NaN,0,0,0,NaN,0,0,0,NaN,NaN,NaN,NaN,NaN,NaN,NaN,NaN,NaN,0,0,NaN,0,0,NaN,NaN,NaN,NaN,NaN,NaN,NaN,NaN,NaN,NaN,NaN,NaN,0,0,0,0,0,NaN,0,0,0,0
10/07/2025,04,5GNR,Central Texas,137,Austin,SCHZ,1370423,FORT_HOOD_05,0024,NaN,0,0,100,0,0,0,0,NaN,NaN,NaN,NaN,NaN,0,0,0,NaN,0,0,0,NaN,NaN,NaN,NaN,NaN,NaN,NaN,NaN,NaN,0,0,NaN,0,0,NaN,NaN,NaN,NaN,NaN,NaN,NaN,NaN,NaN,NaN,NaN,NaN,0,0,0,0,0,NaN,0,0,0,0
10/07/2025,04,5GNR,Central Texas,137,Austin,SCHZ,1370423,FORT_HOOD_06,0025,NaN,0,0,100,0,0,0,0,NaN,NaN,NaN,NaN,NaN,0,0,0,NaN,0,0,0,NaN,NaN,NaN,NaN,NaN,NaN,NaN,NaN,NaN,0,0,NaN,0,0,NaN,NaN,NaN,NaN,NaN,NaN,NaN,NaN,NaN,NaN,NaN,NaN,0,0,0,0,0,NaN,0,0,0,0
10/07/2025,04,5GNR,Central Texas,137,Austin,SCHZ,1370423,FORT_HOOD_06,0026,NaN,0,0,100,0,0,0,0,NaN,NaN,NaN,NaN,NaN,0,0,0,NaN,0,0,0,NaN,NaN,NaN,NaN,NaN,NaN,NaN,NaN,NaN,0,0,NaN,0,0,NaN,NaN,NaN,NaN,NaN,NaN,NaN,NaN,NaN,NaN,NaN,NaN,0,0,0,0,0,NaN,0,0,0,0
10/07/2025,04,5GNR,Central Texas,137,Austin,SCHZ,1370423,FORT_HOOD_06,0027,NaN,0,0,100,0,0,0,0,NaN,NaN,NaN,NaN,NaN,0,0,0,NaN,0,0,0,NaN,NaN,NaN,NaN,NaN,NaN,NaN,NaN,NaN,0,0,NaN,0,0,NaN,NaN,NaN,NaN,NaN,NaN,NaN,NaN,NaN,NaN,NaN,NaN,0,0,0,0,0,NaN,0,0,0,0
10/07/2025,04,5GNR,Central Texas,137,Austin,SCHZ,1370423,FORT_HOOD_07,0028,NaN,0,0,100,0,0,0,0,NaN,NaN,NaN,NaN,NaN,0,0,0,NaN,0,0,0,NaN,NaN,NaN,NaN,NaN,NaN,NaN,NaN,NaN,0,0,NaN,0,0,NaN,NaN,NaN,NaN,NaN,NaN,NaN,NaN,NaN,NaN,NaN,NaN,0,0,0,0,0,NaN,0,0,0,0
10/07/2025,04,5GNR,Central Texas,137,Austin,SCHZ,1370423,FORT_HOOD_07,0029,0,0,1,100,1,1,10.27,0.01,317.24,0,0,0,1.3,16.21,10.06,9.12,0,0.06,0.1,0,2.31,NaN,NaN,NaN,NaN,NaN,NaN,NaN,NaN,0,0,NaN,0,0,NaN,NaN,NaN,NaN,NaN,NaN,NaN,NaN,NaN,NaN,NaN,NaN,0,0,0,0,0,NaN,0,0,9.12,0
10/07/2025,04,5GNR,Central Texas,137,Austin,SCHZ,1370423,FORT_HOOD_07,0030,NaN,0,0,100,0,0,0,0,NaN,NaN,NaN,NaN,NaN,0,0,0,NaN,0,0,0,NaN,NaN,NaN,NaN,NaN,NaN,NaN,NaN,NaN,0,0,NaN,0,0,NaN,NaN,NaN,NaN,NaN,NaN,NaN,NaN,NaN,NaN,NaN,NaN,0,0,0,0,0,NaN,0,0,0,0
10/07/2025,04,5GNR,Central Texas,137,Austin,SCHZ,1370423,FORT_HOOD_32,0031,0,0,7,100,7,7,56.85,0.01,85.2,0,0,0,0.12,15.76,17.17,26.15,0,1.02,5.81,0.01,3,NaN,NaN,NaN,NaN,NaN,NaN,NaN,NaN,0,0,NaN,0,0,NaN,NaN,NaN,NaN,NaN,NaN,NaN,NaN,NaN,NaN,NaN,NaN,0,0,0,0,0,NaN,0,0,26.15,0
10/07/2025,04,5GNR,Central Texas,137,Austin,SCHZ,1370423,FORT_HOOD_32,0032,0,0,1,100,1,1,0,0,NaN,0,0,0,100,0,0,0,0,0,0,0,NaN,NaN,NaN,NaN,NaN,NaN,NaN,NaN,NaN,0,0,NaN,0,0,NaN,NaN,NaN,NaN,NaN,NaN,NaN,NaN,NaN,NaN,NaN,NaN,0,0,0,0,0,NaN,0,0,0,0
10/07/2025,04,5GNR,Central Texas,137,Austin,SCHZ,1370423,FORT_HOOD_32,0033,0,0,2,100,2,2,0.07,0,12.66,0,0,0,7.69,14.5,4.67,0.05,0,0.05,0.08,0,1.47,NaN,NaN,NaN,NaN,NaN,NaN,NaN,NaN,0,0,NaN,0,0,NaN,NaN,NaN,NaN,NaN,NaN,NaN,NaN,NaN,NaN,NaN,NaN,0,0,0,0,0,NaN,0,0,0.05,0
10/07/2025,04,5GNR,Central Texas,137,Austin,SCHZ,1370423,FORT_HOOD_34,0034,NaN,0,0,100,0,0,0,0,NaN,NaN,NaN,NaN,NaN,0,0,0,NaN,0,0,0,NaN,NaN,NaN,NaN,NaN,NaN,NaN,NaN,NaN,0,0,NaN,0,0,NaN,NaN,NaN,NaN,NaN,NaN,NaN,NaN,NaN,NaN,NaN,NaN,0,0,0,0,0,NaN,0,0,0,0
10/07/2025,04,5GNR,Central Texas,137,Austin,SCHZ,1370423,FORT_HOOD_34,0035,0,0,4,100,2,2,0,0,NaN,0,0,0,100,0,0,0.11,0,0,0,0,NaN,NaN,NaN,NaN,NaN,NaN,NaN,NaN,NaN,0,0,NaN,0,0,NaN,NaN,NaN,NaN,NaN,NaN,NaN,NaN,NaN,NaN,NaN,NaN,0,0,0,0,0,NaN,0,0,0.11,0
10/07/2025,04,5GNR,Central Texas,137,Austin,SCHZ,1370423,FORT_HOOD_34,0036,NaN,0,0,100,0,0,0,0,NaN,NaN,NaN,NaN,NaN,0,0,0,NaN,0,0,0,NaN,NaN,NaN,NaN,NaN,NaN,NaN,NaN,NaN,0,0,NaN,0,0,NaN,NaN,NaN,NaN,NaN,NaN,NaN,NaN,NaN,NaN,NaN,NaN,0,0,0,0,0,NaN,0,0,0,0
10/07/2025,04,5GNR,Central Texas,137,Austin,SCHZ,1370423,FORT_HOOD_37,0037,NaN,0,0,100,0,0,0,0,NaN,NaN,NaN,NaN,NaN,0,0,0,NaN,0,0,0,NaN,NaN,NaN,NaN,NaN,NaN,NaN,NaN,NaN,0,0,NaN,0,0,NaN,NaN,NaN,NaN,NaN,NaN,NaN,NaN,NaN,NaN,NaN,NaN,0,0,0,0,0,NaN,0,0,0,0
10/07/2025,04,5GNR,Central Texas,137,Austin,SCHZ,1370423,FORT_HOOD_37,0038,NaN,0,0,100,0,0,0,0,NaN,NaN,NaN,NaN,NaN,0,0,0,NaN,0,0,0,NaN,NaN,NaN,NaN,NaN,NaN,NaN,NaN,NaN,0,0,NaN,0,0,NaN,NaN,NaN,NaN,NaN,NaN,NaN,NaN,NaN,NaN,NaN,NaN,0,0,0,0,0,NaN,0,0,0,0
10/07/2025,04,5GNR,Central Texas,137,Austin,SCHZ,1370423,FORT_HOOD_37,0039,NaN,0,0,100,0,0,0,0,NaN,NaN,NaN,NaN,NaN,0,0,0,NaN,0,0,0,NaN,NaN,NaN,NaN,NaN,NaN,NaN,NaN,NaN,0,0,NaN,0,0,NaN,NaN,NaN,NaN,NaN,NaN,NaN,NaN,NaN,NaN,NaN,NaN,0,0,0,0,0,NaN,0,0,0,0
10/07/2025,04,5GNR,Central Texas,137,Austin,SCHZ,1370423,FORT_HOOD_38,0001,NaN,0,0,100,0,0,0,0,NaN,NaN,NaN,NaN,NaN,0,0,0,NaN,0,0,0,NaN,NaN,NaN,NaN,NaN,NaN,NaN,NaN,NaN,0,0,NaN,0,0,NaN,NaN,NaN,NaN,NaN,NaN,NaN,NaN,NaN,NaN,NaN,NaN,0,0,0,0,0,NaN,0,0,0,0
10/07/2025,04,5GNR,Central Texas,137,Austin,SCHZ,1370423,FORT_HOOD_38,0002,NaN,0,0,100,0,0,0,0,NaN,NaN,NaN,NaN,NaN,0,0,0,NaN,0,0,0,NaN,NaN,NaN,NaN,NaN,NaN,NaN,NaN,NaN,0,0,NaN,0,0,NaN,NaN,NaN,NaN,NaN,NaN,NaN,NaN,NaN,NaN,NaN,NaN,0,0,0,0,0,NaN,0,0,0,0
10/07/2025,04,5GNR,Central Texas,137,Austin,SCHZ,1370423,FORT_HOOD_38,0003,NaN,0,0,100,0,0,0,0,NaN,NaN,NaN,NaN,NaN,0,0,0,NaN,0,0,0,NaN,NaN,NaN,NaN,NaN,NaN,NaN,NaN,NaN,0,0,NaN,0,0,NaN,NaN,NaN,NaN,NaN,NaN,NaN,NaN,NaN,NaN,NaN,NaN,0,0,0,0,0,NaN,0,0,0,0
10/07/2025,04,5GNR,Central Texas,137,Austin,SCHZ,1370423,FORT_HOOD_39,0040,NaN,0,0,100,0,0,0,0,NaN,NaN,NaN,NaN,NaN,0,0,0,NaN,0,0,0,NaN,NaN,NaN,NaN,NaN,NaN,NaN,NaN,NaN,0,0,NaN,0,0,NaN,NaN,NaN,NaN,NaN,NaN,NaN,NaN,NaN,NaN,NaN,NaN,0,0,0,0,0,NaN,0,0,0,0
10/07/2025,04,5GNR,Central Texas,137,Austin,SCHZ,1370423,FORT_HOOD_39,0041,NaN,0,0,100,0,0,0,0,NaN,NaN,NaN,NaN,NaN,0,0,0,NaN,0,0,0,NaN,NaN,NaN,NaN,NaN,NaN,NaN,NaN,NaN,0,0,NaN,0,0,NaN,NaN,NaN,NaN,NaN,NaN,NaN,NaN,NaN,NaN,NaN,NaN,0,0,0,0,0,NaN,0,0,0,0
10/07/2025,04,5GNR,Central Texas,137,Austin,SCHZ,1370423,FORT_HOOD_39,0042,NaN,0,0,100,0,0,0,0,NaN,NaN,NaN,NaN,NaN,0,0,0,NaN,0,0,0,NaN,NaN,NaN,NaN,NaN,NaN,NaN,NaN,NaN,0,0,NaN,0,0,NaN,NaN,NaN,NaN,NaN,NaN,NaN,NaN,NaN,NaN,NaN,NaN,0,0,0,0,0,NaN,0,0,0,0
10/07/2025,04,5GNR,Central Texas,137,Austin,SCHZ,1370423,FORT_HOOD_40,0043,NaN,0,0,100,0,0,0,0,NaN,NaN,NaN,NaN,NaN,0,0,0,NaN,0,0,0,NaN,NaN,NaN,NaN,NaN,NaN,NaN,NaN,NaN,0,0,NaN,0,0,NaN,NaN,NaN,NaN,NaN,NaN,NaN,NaN,NaN,NaN,NaN,NaN,0,0,0,0,0,NaN,0,0,0,0
10/07/2025,04,5GNR,Central Texas,137,Austin,SCHZ,1370423,FORT_HOOD_40,0044,NaN,0,0,100,0,0,0,0,NaN,NaN,NaN,NaN,NaN,0,0,0,NaN,0,0,0,NaN,NaN,NaN,NaN,NaN,NaN,NaN,NaN,NaN,0,0,NaN,0,0,NaN,NaN,NaN,NaN,NaN,NaN,NaN,NaN,NaN,NaN,NaN,NaN,0,0,0,0,0,NaN,0,0,0,0
10/07/2025,04,5GNR,Central Texas,137,Austin,SCHZ,1370423,FORT_HOOD_40,0045,NaN,0,0,100,0,0,0,0,NaN,NaN,NaN,NaN,NaN,0,0,0,NaN,0,0,0,NaN,NaN,NaN,NaN,NaN,NaN,NaN,NaN,NaN,0,0,NaN,0,0,NaN,NaN,NaN,NaN,NaN,NaN,NaN,NaN,NaN,NaN,NaN,NaN,0,0,0,0,0,NaN,0,0,0,0
10/07/2025,04,5GNR,Central Texas,137,Austin,SCHZ,1370423,FORT_HOOD_41,0007,NaN,0,0,100,0,0,0,0,NaN,NaN,NaN,NaN,NaN,0,0,0,NaN,0,0,0,NaN,NaN,NaN,NaN,NaN,NaN,NaN,NaN,NaN,0,0,NaN,0,0,NaN,NaN,NaN,NaN,NaN,NaN,NaN,NaN,NaN,NaN,NaN,NaN,0,0,0,0,0,NaN,0,0,0,0
10/07/2025,04,5GNR,Central Texas,137,Austin,SCHZ,1370423,FORT_HOOD_41,0008,NaN,0,0,100,0,0,0,0,NaN,NaN,NaN,NaN,NaN,0,0,0,NaN,0,0,0,NaN,NaN,NaN,NaN,NaN,NaN,NaN,NaN,NaN,0,0,NaN,0,0,NaN,NaN,NaN,NaN,NaN,NaN,NaN,NaN,NaN,NaN,NaN,NaN,0,0,0,0,0,NaN,0,0,0,0
10/07/2025,04,5GNR,Central Texas,137,Austin,SCHZ,1370423,FORT_HOOD_41,0009,NaN,0,0,100,1,0,0,0,NaN,NaN,NaN,NaN,NaN,0,0,0,100,0,0,0,NaN,NaN,NaN,NaN,NaN,NaN,NaN,NaN,NaN,0,0,NaN,0,0,NaN,NaN,NaN,NaN,NaN,NaN,NaN,NaN,NaN,NaN,NaN,NaN,0,0,0,0,0,NaN,0,0,0,0
10/07/2025,04,5GNR,Central Texas,137,Austin,SCHZ,1370423,FORT_HOOD_42,0004,NaN,0,0,100,0,0,0,0,NaN,NaN,NaN,NaN,NaN,0,0,0,NaN,0,0,0,NaN,NaN,NaN,NaN,NaN,NaN,NaN,NaN,NaN,0,0,NaN,0,0,NaN,NaN,NaN,NaN,NaN,NaN,NaN,NaN,NaN,NaN,NaN,NaN,0,0,0,0,0,NaN,0,0,0,0
10/07/2025,04,5GNR,Central Texas,137,Austin,SCHZ,1370423,FORT_HOOD_42,0005,NaN,0,0,100,0,0,0,0,NaN,NaN,NaN,NaN,NaN,0,0,0,NaN,0,0,0,NaN,NaN,NaN,NaN,NaN,NaN,NaN,NaN,NaN,0,0,NaN,0,0,NaN,NaN,NaN,NaN,NaN,NaN,NaN,NaN,NaN,NaN,NaN,NaN,0,0,0,0,0,NaN,0,0,0,0
10/07/2025,04,5GNR,Central Texas,137,Austin,SCHZ,1370423,FORT_HOOD_42,0006,NaN,0,0,100,0,0,0,0,NaN,NaN,NaN,NaN,NaN,0,0,0,NaN,0,0,0,NaN,NaN,NaN,NaN,NaN,NaN,NaN,NaN,NaN,0,0,NaN,0,0,NaN,NaN,NaN,NaN,NaN,NaN,NaN,NaN,NaN,NaN,NaN,NaN,0,0,0,0,0,NaN,0,0,0,0
10/07/2025,04,5GNR,Central Texas,137,Austin,SCHZ,1370423,FORT_HOOD_43,0046,NaN,0,0,100,0,0,0,0,NaN,NaN,NaN,NaN,NaN,0,0,0,NaN,0,0,0,NaN,NaN,NaN,NaN,NaN,NaN,NaN,NaN,NaN,0,0,NaN,0,0,NaN,NaN,NaN,NaN,NaN,NaN,NaN,NaN,NaN,NaN,NaN,NaN,0,0,0,0,0,NaN,0,0,0,0
10/07/2025,04,5GNR,Central Texas,137,Austin,SCHZ,1370423,FORT_HOOD_43,0047,NaN,0,0,100,0,0,0,0,NaN,NaN,NaN,NaN,NaN,0,0,0,NaN,0,0,0,NaN,NaN,NaN,NaN,NaN,NaN,NaN,NaN,NaN,0,0,NaN,0,0,NaN,NaN,NaN,NaN,NaN,NaN,NaN,NaN,NaN,NaN,NaN,NaN,0,0,0,0,0,NaN,0,0,0,0
10/07/2025,04,5GNR,Central Texas,137,Austin,SCHZ,1370423,FORT_HOOD_43,0048,NaN,0,0,100,0,0,0,0,NaN,NaN,NaN,NaN,NaN,0,0,0,NaN,0,0,0,NaN,NaN,NaN,NaN,NaN,NaN,NaN,NaN,NaN,0,0,NaN,0,0,NaN,NaN,NaN,NaN,NaN,NaN,NaN,NaN,NaN,NaN,NaN,NaN,0,0,0,0,0,NaN,0,0,0,0
10/07/2025,04,5GNR,Central Texas,137,Austin,SCHZ,1370423,FORT_HOOD_44,0049,0,0,1,100,0,0,0.02,0,NaN,0,0,0,0,14.73,7.2,0.01,NaN,0.06,0.07,0,6.12,NaN,NaN,NaN,NaN,NaN,NaN,NaN,NaN,0,0,NaN,0,0,NaN,NaN,NaN,NaN,NaN,NaN,NaN,NaN,NaN,NaN,NaN,NaN,0,0,0,0,0,NaN,0,0,0.01,0
10/07/2025,04,5GNR,Central Texas,137,Austin,SCHZ,1370423,FORT_HOOD_44,0050,0,0,2,100,1,1,1181.93,0.29,300.5,0,0,0,0.23,16.66,14.25,859.36,0,20.46,34.99,0.05,6.7,NaN,NaN,NaN,NaN,NaN,NaN,NaN,NaN,0,0,NaN,0,0,NaN,NaN,NaN,NaN,NaN,NaN,NaN,NaN,NaN,NaN,NaN,NaN,0,0,0,0,0,NaN,0,0,859.36,0
10/07/2025,04,5GNR,Central Texas,137,Austin,SCHZ,1370423,FORT_HOOD_44,0051,NaN,0,0,100,0,0,0,0,NaN,NaN,NaN,NaN,NaN,0,0,0,NaN,0,0,0,NaN,NaN,NaN,NaN,NaN,NaN,NaN,NaN,NaN,0,0,NaN,0,0,NaN,NaN,NaN,NaN,NaN,NaN,NaN,NaN,NaN,NaN,NaN,NaN,0,0,0,0,0,NaN,0,0,0,0
10/07/2025,04,5GNR,Central Texas,137,Austin,SCHZ,1370423,FORT_HOOD_46,0052,NaN,0,0,100,0,0,0,0,NaN,NaN,NaN,NaN,NaN,0,0,0,NaN,0,0,0,NaN,NaN,NaN,NaN,NaN,NaN,NaN,NaN,NaN,0,0,NaN,0,0,NaN,NaN,NaN,NaN,NaN,NaN,NaN,NaN,NaN,NaN,NaN,NaN,0,0,0,0,0,NaN,0,0,0,0
10/07/2025,04,5GNR,Central Texas,137,Austin,SCHZ,1370423,FORT_HOOD_46,0053,NaN,0,0,100,0,0,0,0,NaN,NaN,NaN,NaN,NaN,0,0,0,NaN,0,0,0,NaN,NaN,NaN,NaN,NaN,NaN,NaN,NaN,NaN,0,0,NaN,0,0,NaN,NaN,NaN,NaN,NaN,NaN,NaN,NaN,NaN,NaN,NaN,NaN,0,0,0,0,0,NaN,0,0,0,0
10/07/2025,04,5GNR,Central Texas,137,Austin,SCHZ,1370423,FORT_HOOD_46,0054,NaN,0,0,100,0,0,0,0,NaN,NaN,NaN,NaN,NaN,0,0,0,NaN,0,0,0,NaN,NaN,NaN,NaN,NaN,NaN,NaN,NaN,NaN,0,0,NaN,0,0,NaN,NaN,NaN,NaN,NaN,NaN,NaN,NaN,NaN,NaN,NaN,NaN,0,0,0,0,0,NaN,0,0,0,0
10/07/2025,04,5GNR,Central Texas,137,Austin,SCHZ,1370423,FORT_HOOD_47,0055,0,0,3,100,2,2,0.14,0,108.13,0,0,0,0,16.87,9.31,0.07,0,0.01,0.02,0,2.66,NaN,NaN,NaN,NaN,NaN,NaN,NaN,NaN,0,0,NaN,0,0,NaN,NaN,NaN,NaN,NaN,NaN,NaN,NaN,NaN,NaN,NaN,NaN,0,0,0,0,0,NaN,0,0,0.07,0
10/07/2025,04,5GNR,Central Texas,137,Austin,SCHZ,1370423,FORT_HOOD_47,0056,NaN,0,0,100,0,0,0,0,NaN,NaN,NaN,NaN,NaN,0,0,0,NaN,0,0,0,NaN,NaN,NaN,NaN,NaN,NaN,NaN,NaN,NaN,0,0,NaN,0,0,NaN,NaN,NaN,NaN,NaN,NaN,NaN,NaN,NaN,NaN,NaN,NaN,0,0,0,0,0,NaN,0,0,0,0
10/07/2025,04,5GNR,Central Texas,137,Austin,SCHZ,1370423,FORT_HOOD_47,0057,0,0,10,100,8,8,625.14,0.16,220.95,0.08,0.12,0.36,0.66,16.62,14.94,449.1,0,6.53,15.96,0.02,5.26,NaN,NaN,NaN,NaN,NaN,NaN,NaN,NaN,0,0,NaN,0,0,NaN,NaN,NaN,NaN,NaN,NaN,NaN,NaN,NaN,NaN,NaN,NaN,0,0,0,0,0,NaN,0,0,449.1,0
10/07/2025,04,5GNR,Central Texas,137,Austin,SCHZ,1370423,FORT_HOOD_48,0058,50,1,2,100,1,1,0,0,NaN,0,0,0,100,0,0,0,0,0,0,0,NaN,NaN,NaN,NaN,NaN,NaN,NaN,NaN,NaN,0,0,NaN,0,0,NaN,NaN,NaN,NaN,NaN,NaN,NaN,NaN,NaN,NaN,NaN,NaN,0,0,0,0,0,NaN,0,0,0,0
10/07/2025,04,5GNR,Central Texas,137,Austin,SCHZ,1370423,FORT_HOOD_48,0059,0,0,3,100,3,3,6.03,0,68.44,0,0,0,2.01,15.93,14.17,3.24,0,0.16,0.4,0,3.47,NaN,NaN,NaN,NaN,NaN,NaN,NaN,NaN,0,0,NaN,0,0,NaN,NaN,NaN,NaN,NaN,NaN,NaN,NaN,NaN,NaN,NaN,NaN,0,0,0,0,0,NaN,0,0,3.24,0
10/07/2025,04,5GNR,Central Texas,137,Austin,SCHZ,1370423,FORT_HOOD_48,0060,0,0,8,100,9,9,468.26,0.21,162.86,0.09,0.1,0.28,5.1,15.99,10.59,349.2,0,0.2,3.98,0.01,1.18,NaN,NaN,NaN,NaN,NaN,NaN,NaN,NaN,0,0,NaN,0,0,NaN,NaN,NaN,NaN,NaN,NaN,NaN,NaN,NaN,NaN,NaN,NaN,0,0,0,0,0,NaN,0,0,349.2,0
10/07/2025,04,5GNR,Central Texas,137,Austin,SCHZ,1370423,FORT_HOOD_50,0061,NaN,0,0,100,0,0,0,0,NaN,NaN,NaN,NaN,NaN,0,0,0,NaN,0,0,0,NaN,NaN,NaN,NaN,NaN,NaN,NaN,NaN,NaN,0,0,NaN,0,0,NaN,NaN,NaN,NaN,NaN,NaN,NaN,NaN,NaN,NaN,NaN,NaN,0,0,0,0,0,NaN,0,0,0,0
10/07/2025,04,5GNR,Central Texas,137,Austin,SCHZ,1370423,FORT_HOOD_50,0062,NaN,0,0,100,0,0,0,0,NaN,NaN,NaN,NaN,NaN,0,0,0,NaN,0,0,0,NaN,NaN,NaN,NaN,NaN,NaN,NaN,NaN,NaN,0,0,NaN,0,0,NaN,NaN,NaN,NaN,NaN,NaN,NaN,NaN,NaN,NaN,NaN,NaN,0,0,0,0,0,NaN,0,0,0,0
10/07/2025,04,5GNR,Central Texas,137,Austin,SCHZ,1370423,FORT_HOOD_50,0063,NaN,0,0,100,0,0,0,0,NaN,NaN,NaN,NaN,NaN,0,0,0,NaN,0,0,0,NaN,NaN,NaN,NaN,NaN,NaN,NaN,NaN,NaN,0,0,NaN,0,0,NaN,NaN,NaN,NaN,NaN,NaN,NaN,NaN,NaN,NaN,NaN,NaN,0,0,0,0,0,NaN,0,0,0,0
10/07/2025,04,5GNR,Central Texas,137,Austin,SCHZ,1370423,FORT_HOOD_51,0064,NaN,0,0,100,0,0,0,0,NaN,NaN,NaN,NaN,NaN,0,0,0,NaN,0,0,0,NaN,NaN,NaN,NaN,NaN,NaN,NaN,NaN,NaN,0,0,NaN,0,0,NaN,NaN,NaN,NaN,NaN,NaN,NaN,NaN,NaN,NaN,NaN,NaN,0,0,0,0,0,NaN,0,0,0,0
10/07/2025,04,5GNR,Central Texas,137,Austin,SCHZ,1370423,FORT_HOOD_51,0065,NaN,0,0,100,0,0,0,0,NaN,NaN,NaN,NaN,NaN,0,0,0,NaN,0,0,0,NaN,NaN,NaN,NaN,NaN,NaN,NaN,NaN,NaN,0,0,NaN,0,0,NaN,NaN,NaN,NaN,NaN,NaN,NaN,NaN,NaN,NaN,NaN,NaN,0,0,0,0,0,NaN,0,0,0,0
10/07/2025,04,5GNR,Central Texas,137,Austin,SCHZ,1370423,FORT_HOOD_51,0066,NaN,0,0,100,0,0,0,0,NaN,NaN,NaN,NaN,NaN,0,0,0,NaN,0,0,0,NaN,NaN,NaN,NaN,NaN,NaN,NaN,NaN,NaN,0,0,NaN,0,0,NaN,NaN,NaN,NaN,NaN,NaN,NaN,NaN,NaN,NaN,NaN,NaN,0,0,0,0,0,NaN,0,0,0,0
10/07/2025,04,5GNR,Central Texas,137,Austin,SCHZ,1370423,FORT_HOOD_52,0067,0,0,1,100,0,0,0,0,0,0,0,0,0,17.49,10.82,0,NaN,0,0,0,NaN,NaN,NaN,NaN,NaN,NaN,NaN,NaN,NaN,0,0,NaN,0,0,NaN,NaN,NaN,NaN,NaN,NaN,NaN,NaN,NaN,NaN,NaN,NaN,0,0,0,0,0,NaN,0,0,0,0
10/07/2025,04,5GNR,Central Texas,137,Austin,SCHZ,1370423,FORT_HOOD_52,0068,NaN,0,0,100,0,0,0,0,NaN,NaN,NaN,NaN,NaN,0,0,0,NaN,0,0,0,NaN,NaN,NaN,NaN,NaN,NaN,NaN,NaN,NaN,0,0,NaN,0,0,NaN,NaN,NaN,NaN,NaN,NaN,NaN,NaN,NaN,NaN,NaN,NaN,0,0,0,0,0,NaN,0,0,0,0
10/07/2025,04,5GNR,Central Texas,137,Austin,SCHZ,1370423,FORT_HOOD_52,0069,0,0,1,100,1,0,0,0,NaN,0,0,0,0.33,17.7,11.36,0,100,0,0.01,0,NaN,NaN,NaN,NaN,NaN,NaN,NaN,NaN,NaN,0,0,NaN,0,0,NaN,NaN,NaN,NaN,NaN,NaN,NaN,NaN,NaN,NaN,NaN,NaN,0,0,0,0,0,NaN,0,0,0,0
10/07/2025,04,5GNR,Central Texas,137,Austin,SCHZ,1370423,FORT_HOOD_53,0070,NaN,0,0,100,0,0,0,0,NaN,NaN,NaN,NaN,NaN,0,0,0,NaN,0,0,0,NaN,NaN,NaN,NaN,NaN,NaN,NaN,NaN,NaN,0,0,NaN,0,0,NaN,NaN,NaN,NaN,NaN,NaN,NaN,NaN,NaN,NaN,NaN,NaN,0,0,0,0,0,NaN,0,0,0,0
10/07/2025,04,5GNR,Central Texas,137,Austin,SCHZ,1370423,FORT_HOOD_53,0071,NaN,0,0,100,0,0,0,0,NaN,NaN,NaN,NaN,NaN,0,0,0,NaN,0,0,0,NaN,NaN,NaN,NaN,NaN,NaN,NaN,NaN,NaN,0,0,NaN,0,0,NaN,NaN,NaN,NaN,NaN,NaN,NaN,NaN,NaN,NaN,NaN,NaN,0,0,0,0,0,NaN,0,0,0,0
10/07/2025,04,5GNR,Central Texas,137,Austin,SCHZ,1370423,FORT_HOOD_53,0072,NaN,0,0,100,0,0,0,0,NaN,NaN,NaN,NaN,NaN,0,0,0,NaN,0,0,0,NaN,NaN,NaN,NaN,NaN,NaN,NaN,NaN,NaN,0,0,NaN,0,0,NaN,NaN,NaN,NaN,NaN,NaN,NaN,NaN,NaN,NaN,NaN,NaN,0,0,0,0,0,NaN,0,0,0,0
10/07/2025,04,5GNR,Central Texas,137,Austin,SCHZ,1370423,FORT_HOOD_54,0073,NaN,0,0,100,0,0,0,0,NaN,NaN,NaN,NaN,NaN,0,0,0,NaN,0,0,0,NaN,NaN,NaN,NaN,NaN,NaN,NaN,NaN,NaN,0,0,NaN,0,0,NaN,NaN,NaN,NaN,NaN,NaN,NaN,NaN,NaN,NaN,NaN,NaN,0,0,0,0,0,NaN,0,0,0,0
10/07/2025,04,5GNR,Central Texas,137,Austin,SCHZ,1370423,FORT_HOOD_54,0074,NaN,0,0,100,0,0,0,0,NaN,NaN,NaN,NaN,NaN,0,0,0,NaN,0,0,0,NaN,NaN,NaN,NaN,NaN,NaN,NaN,NaN,NaN,0,0,NaN,0,0,NaN,NaN,NaN,NaN,NaN,NaN,NaN,NaN,NaN,NaN,NaN,NaN,0,0,0,0,0,NaN,0,0,0,0
10/07/2025,04,5GNR,Central Texas,137,Austin,SCHZ,1370423,FORT_HOOD_54,0075,NaN,0,0,100,0,0,0,0,NaN,NaN,NaN,NaN,NaN,0,0,0,NaN,0,0,0,NaN,NaN,NaN,NaN,NaN,NaN,NaN,NaN,NaN,0,0,NaN,0,0,NaN,NaN,NaN,NaN,NaN,NaN,NaN,NaN,NaN,NaN,NaN,NaN,0,0,0,0,0,NaN,0,0,0,0
10/07/2025,04,5GNR,Central Texas,137,Austin,SCHZ,1370423,FORT_HOOD_55,0076,0,0,8,100,3,3,15.22,0.01,191.81,0,0,0,1.54,16.43,12.55,11.36,0,0.26,0.56,0,4.89,NaN,NaN,NaN,NaN,NaN,NaN,NaN,NaN,0,0,NaN,0,0,NaN,NaN,NaN,NaN,NaN,NaN,NaN,NaN,NaN,NaN,NaN,NaN,0,0,0,0,0,NaN,0,0,11.36,0
10/07/2025,04,5GNR,Central Texas,137,Austin,SCHZ,1370423,FORT_HOOD_55,0077,0,0,12,100,4,4,99.02,0.09,75.27,0,0,0,1.4,12.79,8.95,78.53,0,0.21,0.96,0,5.17,NaN,NaN,NaN,NaN,NaN,NaN,NaN,NaN,0,0,NaN,0,0,NaN,NaN,NaN,NaN,NaN,NaN,NaN,NaN,NaN,NaN,NaN,NaN,0,0,0,0,0,NaN,0,0,78.53,0
10/07/2025,04,5GNR,Central Texas,137,Austin,SCHZ,1370423,FORT_HOOD_55,0078,0,0,3,100,2,2,40.11,0.01,160,0,0,0,7.69,15.58,13.64,27.45,0,0.3,0.39,0,1.21,NaN,NaN,NaN,NaN,NaN,NaN,NaN,NaN,0,0,NaN,0,0,NaN,NaN,NaN,NaN,NaN,NaN,NaN,NaN,NaN,NaN,NaN,NaN,0,0,0,0,0,NaN,0,0,27.45,0
10/07/2025,04,5GNR,Central Texas,137,Austin,SCHZ,1370423,FORT_HOOD_56,0079,NaN,0,0,100,0,0,0,0,NaN,NaN,NaN,NaN,NaN,0,0,0,NaN,0,0,0,NaN,NaN,NaN,NaN,NaN,NaN,NaN,NaN,NaN,0,0,NaN,0,0,NaN,NaN,NaN,NaN,NaN,NaN,NaN,NaN,NaN,NaN,NaN,NaN,0,0,0,0,0,NaN,0,0,0,0
10/07/2025,04,5GNR,Central Texas,137,Austin,SCHZ,1370423,FORT_HOOD_56,0080,NaN,0,0,100,0,0,0,0,NaN,NaN,NaN,NaN,NaN,0,0,0,NaN,0,0,0,NaN,NaN,NaN,NaN,NaN,NaN,NaN,NaN,NaN,0,0,NaN,0,0,NaN,NaN,NaN,NaN,NaN,NaN,NaN,NaN,NaN,NaN,NaN,NaN,0,0,0,0,0,NaN,0,0,0,0
10/07/2025,04,5GNR,Central Texas,137,Austin,SCHZ,1370423,FORT_HOOD_56,0081,NaN,0,0,100,1,1,0.27,0,68.31,0,0,0,0.21,17.15,13.74,0.17,0,0.02,0.07,0,13.6,NaN,NaN,NaN,NaN,NaN,NaN,NaN,NaN,0,0,NaN,0,0,NaN,NaN,NaN,NaN,NaN,NaN,NaN,NaN,NaN,NaN,NaN,NaN,0,0,0,0,0,NaN,0,0,0.17,0
10/07/2025,04,5GNR,Central Texas,137,Austin,SCHZ,1370423,FORT_HOOD_57,0082,0,0,9,100,5,5,14.97,0,55.4,0,0,0,0.47,16.29,14.99,6.13,0,0.24,1.93,0,3.52,NaN,NaN,NaN,NaN,NaN,NaN,NaN,NaN,0,0,NaN,0,0,NaN,NaN,NaN,NaN,NaN,NaN,NaN,NaN,NaN,NaN,NaN,NaN,0,0,0,0,0,NaN,0,0,6.13,0
10/07/2025,04,5GNR,Central Texas,137,Austin,SCHZ,1370423,FORT_HOOD_57,0083,12.5,1,8,100,6,6,131.66,0.03,564.47,0,0,0,0.52,16.67,13.89,114.95,0,1.86,4.11,0.01,2.98,NaN,NaN,NaN,NaN,NaN,NaN,NaN,NaN,0,0,NaN,0,0,NaN,NaN,NaN,NaN,NaN,NaN,NaN,NaN,NaN,NaN,NaN,NaN,0,0,0,0,0,NaN,0,0,114.95,0
10/07/2025,04,5GNR,Central Texas,137,Austin,SCHZ,1370423,FORT_HOOD_57,0084,0,0,1,100,0,0,0.04,0,10.46,0,0,0,4.17,16.45,13.15,0.03,NaN,0.02,0.04,0,4.02,NaN,NaN,NaN,NaN,NaN,NaN,NaN,NaN,0,0,NaN,0,0,NaN,NaN,NaN,NaN,NaN,NaN,NaN,NaN,NaN,NaN,NaN,NaN,0,0,0,0,0,NaN,0,0,0.03,0
10/07/2025,04,5GNR,Central Texas,137,Austin,SCHZ,1370423,FORT_HOOD_58,0085,NaN,0,0,100,0,0,0,0,NaN,NaN,NaN,NaN,NaN,0,0,0,NaN,0,0,0,NaN,NaN,NaN,NaN,NaN,NaN,NaN,NaN,NaN,0,0,NaN,0,0,NaN,NaN,NaN,NaN,NaN,NaN,NaN,NaN,NaN,NaN,NaN,NaN,0,0,0,0,0,NaN,0,0,0,0
10/07/2025,04,5GNR,Central Texas,137,Austin,SCHZ,1370423,FORT_HOOD_58,0086,0,0,3,100,3,3,0,0,NaN,0,0,0,12.82,15.2,2.28,0,0,0,0,0,NaN,NaN,NaN,NaN,NaN,NaN,NaN,NaN,NaN,0,0,NaN,0,0,NaN,NaN,NaN,NaN,NaN,NaN,NaN,NaN,NaN,NaN,NaN,NaN,0,0,0,0,0,NaN,0,0,0,0
10/07/2025,04,5GNR,Central Texas,137,Austin,SCHZ,1370423,FORT_HOOD_58,0087,100,1,1,100,1,1,0,0,NaN,0,0,0,100,11.45,4.2,0.04,0,0,0,0,0,NaN,NaN,NaN,NaN,NaN,NaN,NaN,NaN,0,0,NaN,0,0,NaN,NaN,NaN,NaN,NaN,NaN,NaN,NaN,NaN,NaN,NaN,NaN,0,0,0,0,0,NaN,0,0,0.04,0
10/07/2025,04,5GNR,Central Texas,137,Austin,SCHZ,1370423,FORT_HOOD_59,0088,NaN,0,0,100,0,0,0,0,NaN,NaN,NaN,NaN,NaN,0,0,0,NaN,0,0,0,NaN,NaN,NaN,NaN,NaN,NaN,NaN,NaN,NaN,0,0,NaN,0,0,NaN,NaN,NaN,NaN,NaN,NaN,NaN,NaN,NaN,NaN,NaN,NaN,0,0,0,0,0,NaN,0,0,0,0
10/07/2025,04,5GNR,Central Texas,137,Austin,SCHZ,1370423,FORT_HOOD_59,0089,0,0,1,100,0,0,0.65,0,48.84,0,0,0,0,15.11,5.14,0.36,NaN,0.14,0.16,0,1.86,NaN,NaN,NaN,NaN,NaN,NaN,NaN,NaN,0,0,NaN,0,0,NaN,NaN,NaN,NaN,NaN,NaN,NaN,NaN,NaN,NaN,NaN,NaN,0,0,0,0,0,NaN,0,0,0.36,0
10/07/2025,04,5GNR,Central Texas,137,Austin,SCHZ,1370423,FORT_HOOD_59,0090,NaN,0,0,100,0,0,0,0,NaN,NaN,NaN,NaN,NaN,0,0,0,NaN,0,0,0,NaN,NaN,NaN,NaN,NaN,NaN,NaN,NaN,NaN,0,0,NaN,0,0,NaN,NaN,NaN,NaN,NaN,NaN,NaN,NaN,NaN,NaN,NaN,NaN,0,0,0,0,0,NaN,0,0,0,0
10/07/2025,04,5GNR,Central Texas,137,Austin,SCHZ,1370423,FORT_HOOD_62,0091,NaN,0,0,100,0,0,0,0,NaN,NaN,NaN,NaN,NaN,0,0,0,NaN,0,0,0,NaN,NaN,NaN,NaN,NaN,NaN,NaN,NaN,NaN,0,0,NaN,0,0,NaN,NaN,NaN,NaN,NaN,NaN,NaN,NaN,NaN,NaN,NaN,NaN,0,0,0,0,0,NaN,0,0,0,0
10/07/2025,04,5GNR,Central Texas,137,Austin,SCHZ,1370423,FORT_HOOD_62,0092,NaN,0,0,100,0,0,0,0,NaN,NaN,NaN,NaN,NaN,0,0,0,NaN,0,0,0,NaN,NaN,NaN,NaN,NaN,NaN,NaN,NaN,NaN,0,0,NaN,0,0,NaN,NaN,NaN,NaN,NaN,NaN,NaN,NaN,NaN,NaN,NaN,NaN,0,0,0,0,0,NaN,0,0,0,0
10/07/2025,04,5GNR,Central Texas,137,Austin,SCHZ,1370423,FORT_HOOD_62,0093,NaN,0,0,100,0,0,0,0,NaN,NaN,NaN,NaN,NaN,0,0,0,NaN,0,0,0,NaN,NaN,NaN,NaN,NaN,NaN,NaN,NaN,NaN,0,0,NaN,0,0,NaN,NaN,NaN,NaN,NaN,NaN,NaN,NaN,NaN,NaN,NaN,NaN,0,0,0,0,0,NaN,0,0,0,0
10/07/2025,04,5GNR,Central Texas,137,Austin,SCHZ,1370423,FORT_HOOD_70,0094,NaN,0,0,100,0,0,0,0,NaN,NaN,NaN,NaN,NaN,0,0,0,NaN,0,0,0,NaN,NaN,NaN,NaN,NaN,NaN,NaN,NaN,NaN,0,0,NaN,0,0,NaN,NaN,NaN,NaN,NaN,NaN,NaN,NaN,NaN,NaN,NaN,NaN,0,0,0,0,0,NaN,0,0,0,0
10/07/2025,04,5GNR,Central Texas,137,Austin,SCHZ,1370423,FORT_HOOD_70,0095,NaN,0,0,100,0,0,0,0,NaN,NaN,NaN,NaN,NaN,0,0,0,NaN,0,0,0,NaN,NaN,NaN,NaN,NaN,NaN,NaN,NaN,NaN,0,0,NaN,0,0,NaN,NaN,NaN,NaN,NaN,NaN,NaN,NaN,NaN,NaN,NaN,NaN,0,0,0,0,0,NaN,0,0,0,0
10/07/2025,04,5GNR,Central Texas,137,Austin,SCHZ,1370423,FORT_HOOD_70,0096,NaN,0,0,100,0,0,0,0,NaN,NaN,NaN,NaN,NaN,0,0,0,NaN,0,0,0,NaN,NaN,NaN,NaN,NaN,NaN,NaN,NaN,NaN,0,0,NaN,0,0,NaN,NaN,NaN,NaN,NaN,NaN,NaN,NaN,NaN,NaN,NaN,NaN,0,0,0,0,0,NaN,0,0,0,0
10/07/2025,04,5GNR,Central Texas,137,Austin,SCHZ,1370449,BERGSTROM_AIRPORT_DAS_SC,0010,NaN,0,0,100,0,0,0,0,NaN,NaN,NaN,NaN,NaN,0,0,0,NaN,0,0,0,NaN,NaN,NaN,NaN,NaN,NaN,NaN,NaN,NaN,0,0,NaN,0,0,NaN,NaN,NaN,NaN,NaN,NaN,NaN,NaN,NaN,NaN,NaN,NaN,0,0,0,0,0,NaN,0,0,0,0
10/07/2025,04,5GNR,Central Texas,137,Austin,SCHZ,1370449,BERGSTROM_AIRPORT_DAS_SC,0011,NaN,0,0,100,0,0,0,0,NaN,NaN,NaN,NaN,NaN,0,0,0,NaN,0,0,0,NaN,NaN,NaN,NaN,NaN,NaN,NaN,NaN,NaN,0,0,NaN,0,0,NaN,NaN,NaN,NaN,NaN,NaN,NaN,NaN,NaN,NaN,NaN,NaN,0,0,0,0,0,NaN,0,0,0,0
10/07/2025,04,5GNR,Central Texas,137,Austin,SCHZ,1370449,BERGSTROM_AIRPORT_DAS_SC,0012,NaN,0,0,100,0,0,0,0,NaN,NaN,NaN,NaN,NaN,0,0,0,NaN,0,0,0,NaN,NaN,NaN,NaN,NaN,NaN,NaN,NaN,NaN,0,0,NaN,0,0,NaN,NaN,NaN,NaN,NaN,NaN,NaN,NaN,NaN,NaN,NaN,NaN,0,0,0,0,0,NaN,0,0,0,0
10/07/2025,04,5GNR,Central Texas,137,Austin,SCHZ,1370449,BERGSTROM_AIRPORT_DAS_SC,0013,NaN,0,0,100,0,0,0,0,NaN,NaN,NaN,NaN,NaN,0,0,0,NaN,0,0,0,NaN,NaN,NaN,NaN,NaN,NaN,NaN,NaN,NaN,0,0,NaN,0,0,NaN,NaN,NaN,NaN,NaN,NaN,NaN,NaN,NaN,NaN,NaN,NaN,0,0,0,0,0,NaN,0,0,0,0
10/07/2025,04,5GNR,Central Texas,137,Austin,SCHZ,1370449,BERGSTROM_AIRPORT_DAS_SC,0014,NaN,0,0,100,0,0,0,0,NaN,0,0,0,NaN,0,0,0,NaN,0,0,0,NaN,NaN,NaN,NaN,NaN,NaN,NaN,NaN,NaN,0,0,NaN,0,0,NaN,NaN,NaN,NaN,NaN,NaN,NaN,NaN,NaN,NaN,NaN,NaN,0,0,0,0,0,NaN,0,0,0,0
10/07/2025,04,5GNR,Central Texas,137,Austin,SCHZ,1370449,BERGSTROM_AIRPORT_DAS_SC,0015,NaN,0,0,100,0,0,0,0,NaN,NaN,NaN,NaN,NaN,0,0,0,NaN,0,0,0,NaN,NaN,NaN,NaN,NaN,NaN,NaN,NaN,NaN,0,0,NaN,0,0,NaN,NaN,NaN,NaN,NaN,NaN,NaN,NaN,NaN,NaN,NaN,NaN,0,0,0,0,0,NaN,0,0,0,0
10/07/2025,04,5GNR,Central Texas,137,Austin,SCHZ,1370449,BERGSTROM_AIRPORT_DAS_SC,0016,NaN,0,0,100,0,0,0,0,NaN,NaN,NaN,NaN,NaN,0,0,0,NaN,0,0,0,NaN,NaN,NaN,NaN,NaN,NaN,NaN,NaN,NaN,0,0,NaN,0,0,NaN,NaN,NaN,NaN,NaN,NaN,NaN,NaN,NaN,NaN,NaN,NaN,0,0,0,0,0,NaN,0,0,0,0
10/07/2025,04,5GNR,Central Texas,137,Austin,SCHZ,1370449,BERGSTROM_AIRPORT_DAS_SC,0017,NaN,0,0,100,0,0,0,0,NaN,NaN,NaN,NaN,NaN,0,0,0,NaN,0,0,0,NaN,NaN,NaN,NaN,NaN,NaN,NaN,NaN,NaN,0,0,NaN,0,0,NaN,NaN,NaN,NaN,NaN,NaN,NaN,NaN,NaN,NaN,NaN,NaN,0,0,0,0,0,NaN,0,0,0,0
10/07/2025,04,5GNR,Central Texas,137,Austin,SCHZ,1370449,BERGSTROM_AIRPORT_DAS_SC,0018,NaN,0,0,100,0,0,0,0,NaN,NaN,NaN,NaN,NaN,0,0,0,NaN,0,0,0,NaN,NaN,NaN,NaN,NaN,NaN,NaN,NaN,NaN,0,0,NaN,0,0,NaN,NaN,NaN,NaN,NaN,NaN,NaN,NaN,NaN,NaN,NaN,NaN,0,0,0,0,0,NaN,0,0,0,0
10/07/2025,04,5GNR,Central Texas,137,Austin,SCHZ,1370449,BERGSTROM_AIRPORT_DAS_SC,0019,NaN,0,0,100,0,0,0,0,NaN,0,0,0,NaN,0,0,0,NaN,0,0,0,NaN,NaN,NaN,NaN,NaN,NaN,NaN,NaN,NaN,0,0,NaN,0,0,NaN,NaN,NaN,NaN,NaN,NaN,NaN,NaN,NaN,NaN,NaN,NaN,0,0,0,0,0,NaN,0,0,0,0
10/07/2025,04,5GNR,Central Texas,137,Austin,SCHZ,1370449,BERGSTROM_AIRPORT_DAS_SC,0020,1.69,6,354,100,218,218,8879.27,0.86,364.67,0.02,0.02,0.01,1.43,15.94,18.74,6461.55,0,188.53,366,0.18,16.99,NaN,NaN,NaN,NaN,NaN,NaN,NaN,NaN,0,0,NaN,0,0,NaN,NaN,NaN,NaN,NaN,NaN,NaN,NaN,NaN,NaN,NaN,NaN,0,0,0,0,0,NaN,0,0,6461.55,0
10/07/2025,04,5GNR,Central Texas,137,Austin,SCHZ,1370449,BERGSTROM_AIRPORT_DAS_SC,0021,2.93,12,409,100,229,229,5227.49,0.86,187.03,0.13,0.17,0.28,1.09,15.65,17.26,3526.63,0,357.22,913.73,0.49,16.44,NaN,NaN,NaN,NaN,NaN,NaN,NaN,NaN,0,0,NaN,0,0,NaN,NaN,NaN,NaN,NaN,NaN,NaN,NaN,NaN,NaN,NaN,NaN,0,0,0,0,0,NaN,0,0,3526.63,0
10/07/2025,04,5GNR,Central Texas,137,Austin,SCHZ,1370449,BERGSTROM_AIRPORT_DAS_SC,0022,0,0,295,100,173,173,1620.24,0.3,195.28,0.01,0.01,0,1.68,15.48,18.07,1072.36,0,154.48,291.75,0.14,27.5,NaN,NaN,NaN,NaN,NaN,NaN,NaN,NaN,0,0,NaN,0,0,NaN,NaN,NaN,NaN,NaN,NaN,NaN,NaN,NaN,NaN,NaN,NaN,0,0,0,0,0,NaN,0,0,1072.36,0
10/07/2025,04,5GNR,Central Texas,137,Austin,SCHZ,1370449,BERGSTROM_AIRPORT_DAS_SC,0023,0,0,31,100,21,21,99.46,0.02,118.89,0,0,0,1.11,16.26,19.04,59.71,0,6.71,17.74,0.01,10.3,NaN,NaN,NaN,NaN,NaN,NaN,NaN,NaN,0,0,NaN,0,0,NaN,NaN,NaN,NaN,NaN,NaN,NaN,NaN,NaN,NaN,NaN,NaN,0,0,0,0,0,NaN,0,0,59.71,0
10/07/2025,04,5GNR,Central Texas,137,Austin,SCHZ,1370449,BERGSTROM_AIRPORT_DAS_SC,0024,0,0,40,100,9,9,84.65,0.02,135.62,0,0,0,1.72,16.09,17,57.7,0,3.46,6.8,0.01,4.3,NaN,NaN,NaN,NaN,NaN,NaN,NaN,NaN,0,0,NaN,0,0,NaN,NaN,NaN,NaN,NaN,NaN,NaN,NaN,NaN,NaN,NaN,NaN,0,0,0,0,0,NaN,0,0,57.7,0
10/07/2025,04,5GNR,Central Texas,137,Austin,SCHZ,1370449,BERGSTROM_AIRPORT_DAS_SC,0025,0,0,7,100,5,5,18.58,0,156.45,0,0,0,0.78,16.57,19.81,11.46,0,0.87,1.82,0,5.87,NaN,NaN,NaN,NaN,NaN,NaN,NaN,NaN,0,0,NaN,0,0,NaN,NaN,NaN,NaN,NaN,NaN,NaN,NaN,NaN,NaN,NaN,NaN,0,0,0,0,0,NaN,0,0,11.46,0
10/07/2025,04,5GNR,Central Texas,137,Austin,SCHZ,1370449,BERGSTROM_AIRPORT_DAS_SC,0026,1.05,2,191,100,86,86,1052.18,0.16,269.45,0,0,0,0.91,16.39,19.68,687.06,0,88.16,171.08,0.07,43.72,NaN,NaN,NaN,NaN,NaN,NaN,NaN,NaN,0,0,NaN,0,0,NaN,NaN,NaN,NaN,NaN,NaN,NaN,NaN,NaN,NaN,NaN,NaN,0,0,0,0,0,NaN,0,0,687.06,0
10/07/2025,04,5GNR,Central Texas,137,Austin,SCHZ,1370449,COTA,0052,NaN,0,0,100,0,0,0,0,NaN,NaN,NaN,NaN,NaN,0,0,0,NaN,0,0,0,NaN,NaN,NaN,NaN,NaN,NaN,NaN,NaN,NaN,0,0,NaN,0,0,NaN,NaN,NaN,NaN,NaN,NaN,NaN,NaN,NaN,NaN,NaN,NaN,0,0,0,0,0,NaN,0,0,0,0
10/07/2025,04,5GNR,Central Texas,137,Austin,SCHZ,1370449,COTA,0053,NaN,0,0,100,0,0,0,0,NaN,NaN,NaN,NaN,NaN,0,0,0,NaN,0,0,0,NaN,NaN,NaN,NaN,NaN,NaN,NaN,NaN,NaN,0,0,NaN,0,0,NaN,NaN,NaN,NaN,NaN,NaN,NaN,NaN,NaN,NaN,NaN,NaN,0,0,0,0,0,NaN,0,0,0,0
10/07/2025,04,5GNR,Central Texas,137,Austin,SCHZ,1370449,COTA,0054,NaN,0,0,100,0,0,0,0,NaN,NaN,NaN,NaN,NaN,0,0,0,NaN,0,0,0,NaN,NaN,NaN,NaN,NaN,NaN,NaN,NaN,NaN,0,0,NaN,0,0,NaN,NaN,NaN,NaN,NaN,NaN,NaN,NaN,NaN,NaN,NaN,NaN,0,0,0,0,0,NaN,0,0,0,0
10/07/2025,04,5GNR,Central Texas,137,Austin,SCHZ,1370449,COTA,0055,NaN,0,0,100,0,0,0,0,NaN,NaN,NaN,NaN,NaN,0,0,0,NaN,0,0,0,NaN,NaN,NaN,NaN,NaN,NaN,NaN,NaN,NaN,0,0,NaN,0,0,NaN,NaN,NaN,NaN,NaN,NaN,NaN,NaN,NaN,NaN,NaN,NaN,0,0,0,0,0,NaN,0,0,0,0
10/07/2025,04,5GNR,Central Texas,137,Austin,SCHZ,1370449,COTA,0056,NaN,0,0,100,0,0,0,0,NaN,NaN,NaN,NaN,NaN,0,0,0,NaN,0,0,0,NaN,NaN,NaN,NaN,NaN,NaN,NaN,NaN,NaN,0,0,NaN,0,0,NaN,NaN,NaN,NaN,NaN,NaN,NaN,NaN,NaN,NaN,NaN,NaN,0,0,0,0,0,NaN,0,0,0,0
10/07/2025,04,5GNR,Central Texas,137,Austin,SCHZ,1370449,COTA,0057,NaN,0,0,100,0,0,0,0,NaN,NaN,NaN,NaN,NaN,0,0,0,NaN,0,0,0,NaN,NaN,NaN,NaN,NaN,NaN,NaN,NaN,NaN,0,0,NaN,0,0,NaN,NaN,NaN,NaN,NaN,NaN,NaN,NaN,NaN,NaN,NaN,NaN,0,0,0,0,0,NaN,0,0,0,0
10/07/2025,04,5GNR,Central Texas,137,Austin,SCHZ,1370449,COTA,0058,NaN,0,0,100,0,0,0,0,NaN,NaN,NaN,NaN,NaN,0,0,0,NaN,0,0,0,NaN,NaN,NaN,NaN,NaN,NaN,NaN,NaN,NaN,0,0,NaN,0,0,NaN,NaN,NaN,NaN,NaN,NaN,NaN,NaN,NaN,NaN,NaN,NaN,0,0,0,0,0,NaN,0,0,0,0
10/07/2025,04,5GNR,Central Texas,137,Austin,SCHZ,1370449,COTA,0059,NaN,0,0,100,0,0,0,0,NaN,NaN,NaN,NaN,NaN,0,0,0,NaN,0,0,0,NaN,NaN,NaN,NaN,NaN,NaN,NaN,NaN,NaN,0,0,NaN,0,0,NaN,NaN,NaN,NaN,NaN,NaN,NaN,NaN,NaN,NaN,NaN,NaN,0,0,0,0,0,NaN,0,0,0,0
10/07/2025,04,5GNR,Central Texas,137,Austin,SCHZ,1370449,COTA,0060,NaN,0,0,100,0,0,0,0,NaN,NaN,NaN,NaN,NaN,0,0,0,NaN,0,0,0,NaN,NaN,NaN,NaN,NaN,NaN,NaN,NaN,NaN,0,0,NaN,0,0,NaN,NaN,NaN,NaN,NaN,NaN,NaN,NaN,NaN,NaN,NaN,NaN,0,0,0,0,0,NaN,0,0,0,0
10/07/2025,04,5GNR,Central Texas,137,Austin,SCHZ,1370449,COTA,0061,NaN,0,0,100,0,0,0,0,NaN,NaN,NaN,NaN,NaN,0,0,0,NaN,0,0,0,NaN,NaN,NaN,NaN,NaN,NaN,NaN,NaN,NaN,0,0,NaN,0,0,NaN,NaN,NaN,NaN,NaN,NaN,NaN,NaN,NaN,NaN,NaN,NaN,0,0,0,0,0,NaN,0,0,0,0
10/07/2025,04,5GNR,Central Texas,137,Austin,SCHZ,1370449,COTA,0062,NaN,0,0,100,0,0,0,0,NaN,NaN,NaN,NaN,NaN,0,0,0,NaN,0,0,0,NaN,NaN,NaN,NaN,NaN,NaN,NaN,NaN,NaN,0,0,NaN,0,0,NaN,NaN,NaN,NaN,NaN,NaN,NaN,NaN,NaN,NaN,NaN,NaN,0,0,0,0,0,NaN,0,0,0,0
10/07/2025,04,5GNR,Central Texas,137,Austin,SCHZ,1370449,COTA,0063,NaN,0,0,100,0,0,0,0,NaN,NaN,NaN,NaN,NaN,0,0,0,NaN,0,0,0,NaN,NaN,NaN,NaN,NaN,NaN,NaN,NaN,NaN,0,0,NaN,0,0,NaN,NaN,NaN,NaN,NaN,NaN,NaN,NaN,NaN,NaN,NaN,NaN,0,0,0,0,0,NaN,0,0,0,0
10/07/2025,04,5GNR,Central Texas,137,Austin,SCHZ,1370449,HILTON_CONV_CENTER_IBRD_SC,0027,NaN,0,0,100,0,0,0,0,NaN,NaN,NaN,NaN,NaN,0,0,0,NaN,0,0,0,NaN,NaN,NaN,NaN,NaN,NaN,NaN,NaN,NaN,0,0,NaN,0,0,NaN,NaN,NaN,NaN,NaN,NaN,NaN,NaN,NaN,NaN,NaN,NaN,0,0,0,0,0,NaN,0,0,0,0
10/07/2025,04,5GNR,Central Texas,137,Austin,SCHZ,1370449,HILTON_CONV_CENTER_IBRD_SC,0029,NaN,0,0,100,0,0,0,0,NaN,NaN,NaN,NaN,NaN,0,0,0,NaN,0,0,0,NaN,NaN,NaN,NaN,NaN,NaN,NaN,NaN,NaN,0,0,NaN,0,0,NaN,NaN,NaN,NaN,NaN,NaN,NaN,NaN,NaN,NaN,NaN,NaN,0,0,0,0,0,NaN,0,0,0,0
10/07/2025,04,5GNR,Central Texas,137,Austin,SCHZ,1370449,HILTON_CONV_CENTER_IBRD_SC,0030,NaN,0,0,100,0,0,0,0,NaN,NaN,NaN,NaN,NaN,0,0,0,NaN,0,0,0,NaN,NaN,NaN,NaN,NaN,NaN,NaN,NaN,NaN,0,0,NaN,0,0,NaN,NaN,NaN,NaN,NaN,NaN,NaN,NaN,NaN,NaN,NaN,NaN,0,0,0,0,0,NaN,0,0,0,0
10/07/2025,04,5GNR,Central Texas,137,Austin,SCHZ,1370449,HILTON_CONV_CENTER_IBRD_SC,0031,NaN,0,0,100,0,0,0,0,NaN,NaN,NaN,NaN,NaN,0,0,0,NaN,0,0,0,NaN,NaN,NaN,NaN,NaN,NaN,NaN,NaN,NaN,0,0,NaN,0,0,NaN,NaN,NaN,NaN,NaN,NaN,NaN,NaN,NaN,NaN,NaN,NaN,0,0,0,0,0,NaN,0,0,0,0
10/07/2025,04,5GNR,Central Texas,137,Austin,SCHZ,1370449,HILTON_CONV_CENTER_IBRD_SC,0032,NaN,0,0,100,0,0,0,0,NaN,NaN,NaN,NaN,NaN,0,0,0,NaN,0,0,0,NaN,NaN,NaN,NaN,NaN,NaN,NaN,NaN,NaN,0,0,NaN,0,0,NaN,NaN,NaN,NaN,NaN,NaN,NaN,NaN,NaN,NaN,NaN,NaN,0,0,0,0,0,NaN,0,0,0,0
10/07/2025,04,5GNR,Central Texas,137,Austin,SCHZ,1370449,HILTON_CONV_CENTER_IBRD_SC,0033,NaN,0,0,100,0,0,0,0,NaN,NaN,NaN,NaN,NaN,0,0,0,NaN,0,0,0,NaN,NaN,NaN,NaN,NaN,NaN,NaN,NaN,NaN,0,0,NaN,0,0,NaN,NaN,NaN,NaN,NaN,NaN,NaN,NaN,NaN,NaN,NaN,NaN,0,0,0,0,0,NaN,0,0,0,0
10/07/2025,04,5GNR,Central Texas,137,Austin,SCHZ,1370449,HILTON_CONV_CENTER_IBRD_SC,0034,NaN,0,0,100,0,0,0,0,NaN,NaN,NaN,NaN,NaN,0,0,0,NaN,0,0,0,NaN,NaN,NaN,NaN,NaN,NaN,NaN,NaN,NaN,0,0,NaN,0,0,NaN,NaN,NaN,NaN,NaN,NaN,NaN,NaN,NaN,NaN,NaN,NaN,0,0,0,0,0,NaN,0,0,0,0
10/07/2025,04,5GNR,Central Texas,137,Austin,SCHZ,1370449,HILTON_CONV_CENTER_IBRD_SC,0035,NaN,0,0,100,0,0,0,0,NaN,NaN,NaN,NaN,NaN,0,0,0,NaN,0,0,0,NaN,NaN,NaN,NaN,NaN,NaN,NaN,NaN,NaN,0,0,NaN,0,0,NaN,NaN,NaN,NaN,NaN,NaN,NaN,NaN,NaN,NaN,NaN,NaN,0,0,0,0,0,NaN,0,0,0,0
10/07/2025,04,5GNR,Central Texas,137,Austin,SCHZ,1370449,HILTON_CONV_CENTER_IBRD_SC,0036,NaN,0,0,100,0,0,0,0,NaN,NaN,NaN,NaN,NaN,0,0,0,NaN,0,0,0,NaN,NaN,NaN,NaN,NaN,NaN,NaN,NaN,NaN,0,0,NaN,0,0,NaN,NaN,NaN,NaN,NaN,NaN,NaN,NaN,NaN,NaN,NaN,NaN,0,0,0,0,0,NaN,0,0,0,0
10/07/2025,04,5GNR,Central Texas,137,Austin,SCHZ,1370449,HILTON_CONV_CENTER_IBRD_SC,0037,NaN,0,0,100,0,0,0,0,NaN,NaN,NaN,NaN,NaN,0,0,0,NaN,0,0,0,NaN,NaN,NaN,NaN,NaN,NaN,NaN,NaN,NaN,0,0,NaN,0,0,NaN,NaN,NaN,NaN,NaN,NaN,NaN,NaN,NaN,NaN,NaN,NaN,0,0,0,0,0,NaN,0,0,0,0
10/07/2025,04,5GNR,Central Texas,137,Austin,SCHZ,1370449,HILTON_CONV_CENTER_IBRD_SC,0038,NaN,0,0,100,0,0,0,0,NaN,NaN,NaN,NaN,NaN,0,0,0,NaN,0,0,0,NaN,NaN,NaN,NaN,NaN,NaN,NaN,NaN,NaN,0,0,NaN,0,0,NaN,NaN,NaN,NaN,NaN,NaN,NaN,NaN,NaN,NaN,NaN,NaN,0,0,0,0,0,NaN,0,0,0,0
10/07/2025,04,5GNR,Central Texas,137,Austin,SCHZ,1370449,HILTON_CONV_CENTER_IBRD_SC,0039,NaN,0,0,100,0,0,0,0,NaN,NaN,NaN,NaN,NaN,0,0,0,NaN,0,0,0,NaN,NaN,NaN,NaN,NaN,NaN,NaN,NaN,NaN,0,0,NaN,0,0,NaN,NaN,NaN,NaN,NaN,NaN,NaN,NaN,NaN,NaN,NaN,NaN,0,0,0,0,0,NaN,0,0,0,0
10/07/2025,04,5GNR,Central Texas,137,Austin,SCHZ,1370449,HILTON_CONV_CENTER_IBRD_SC,0040,NaN,0,0,100,0,0,0,0,NaN,NaN,NaN,NaN,NaN,0,0,0,NaN,0,0,0,NaN,NaN,NaN,NaN,NaN,NaN,NaN,NaN,NaN,0,0,NaN,0,0,NaN,NaN,NaN,NaN,NaN,NaN,NaN,NaN,NaN,NaN,NaN,NaN,0,0,0,0,0,NaN,0,0,0,0
10/07/2025,04,5GNR,Central Texas,137,Austin,SCHZ,1370449,HILTON_CONV_CENTER_IBRD_SC,0041,NaN,0,0,100,0,0,0,0,NaN,NaN,NaN,NaN,NaN,0,0,0,NaN,0,0,0,NaN,NaN,NaN,NaN,NaN,NaN,NaN,NaN,NaN,0,0,NaN,0,0,NaN,NaN,NaN,NaN,NaN,NaN,NaN,NaN,NaN,NaN,NaN,NaN,0,0,0,0,0,NaN,0,0,0,0
10/07/2025,04,5GNR,Central Texas,137,Austin,SCHZ,1370449,HILTON_CONV_CENTER_IBRD_SC,0042,NaN,0,0,100,0,0,0,0,NaN,NaN,NaN,NaN,NaN,0,0,0,NaN,0,0,0,NaN,NaN,NaN,NaN,NaN,NaN,NaN,NaN,NaN,0,0,NaN,0,0,NaN,NaN,NaN,NaN,NaN,NaN,NaN,NaN,NaN,NaN,NaN,NaN,0,0,0,0,0,NaN,0,0,0,0
10/07/2025,04,5GNR,Central Texas,137,Austin,SCHZ,1370449,HILTON_CONV_CENTER_IBRD_SC,0043,NaN,0,0,100,0,0,0,0,NaN,NaN,NaN,NaN,NaN,0,0,0,NaN,0,0,0,NaN,NaN,NaN,NaN,NaN,NaN,NaN,NaN,NaN,0,0,NaN,0,0,NaN,NaN,NaN,NaN,NaN,NaN,NaN,NaN,NaN,NaN,NaN,NaN,0,0,0,0,0,NaN,0,0,0,0
10/07/2025,04,5GNR,Central Texas,137,Austin,SCHZ,1370449,HILTON_CONV_CENTER_IBRD_SC,0044,NaN,0,0,100,0,0,0,0,NaN,NaN,NaN,NaN,NaN,0,0,0,NaN,0,0,0,NaN,NaN,NaN,NaN,NaN,NaN,NaN,NaN,NaN,0,0,NaN,0,0,NaN,NaN,NaN,NaN,NaN,NaN,NaN,NaN,NaN,NaN,NaN,NaN,0,0,0,0,0,NaN,0,0,0,0
10/07/2025,04,5GNR,Central Texas,137,Austin,SCHZ,1370449,HILTON_CONV_CENTER_IBRD_SC,0045,NaN,0,0,100,0,0,0,0,NaN,NaN,NaN,NaN,NaN,0,0,0,NaN,0,0,0,NaN,NaN,NaN,NaN,NaN,NaN,NaN,NaN,NaN,0,0,NaN,0,0,NaN,NaN,NaN,NaN,NaN,NaN,NaN,NaN,NaN,NaN,NaN,NaN,0,0,0,0,0,NaN,0,0,0,0
10/07/2025,04,5GNR,Central Texas,137,Austin,SCHZ,1370449,HILTON_CONV_CENTER_IBRD_SC,0047,NaN,0,0,100,0,0,0,0,NaN,NaN,NaN,NaN,NaN,0,0,0,NaN,0,0,0,NaN,NaN,NaN,NaN,NaN,NaN,NaN,NaN,NaN,0,0,NaN,0,0,NaN,NaN,NaN,NaN,NaN,NaN,NaN,NaN,NaN,NaN,NaN,NaN,0,0,0,0,0,NaN,0,0,0,0
10/07/2025,04,5GNR,Central Texas,137,Austin,SCHZ,1370449,HILTON_CONV_CENTER_IBRD_SC,0048,NaN,0,0,100,0,0,0,0,NaN,NaN,NaN,NaN,NaN,0,0,0,NaN,0,0,0,NaN,NaN,NaN,NaN,NaN,NaN,NaN,NaN,NaN,0,0,NaN,0,0,NaN,NaN,NaN,NaN,NaN,NaN,NaN,NaN,NaN,NaN,NaN,NaN,0,0,0,0,0,NaN,0,0,0,0
10/07/2025,04,5GNR,Central Texas,137,Austin,SCHZ,1370449,HILTON_CONV_CENTER_IBRD_SC,0049,NaN,0,0,100,0,0,0,0,NaN,NaN,NaN,NaN,NaN,0,0,0,NaN,0,0,0,NaN,NaN,NaN,NaN,NaN,NaN,NaN,NaN,NaN,0,0,NaN,0,0,NaN,NaN,NaN,NaN,NaN,NaN,NaN,NaN,NaN,NaN,NaN,NaN,0,0,0,0,0,NaN,0,0,0,0
10/07/2025,04,5GNR,Central Texas,137,Austin,SCHZ,1370449,HILTON_CONV_CENTER_IBRD_SC,0050,NaN,0,0,100,0,0,0,0,NaN,NaN,NaN,NaN,NaN,0,0,0,NaN,0,0,0,NaN,NaN,NaN,NaN,NaN,NaN,NaN,NaN,NaN,0,0,NaN,0,0,NaN,NaN,NaN,NaN,NaN,NaN,NaN,NaN,NaN,NaN,NaN,NaN,0,0,0,0,0,NaN,0,0,0,0
10/07/2025,04,5GNR,Central Texas,137,Austin,SCHZ,1370449,HILTON_CONV_CENTER_IBRD_SC,0051,NaN,0,0,100,0,0,0,0,NaN,NaN,NaN,NaN,NaN,0,0,0,NaN,0,0,0,NaN,NaN,NaN,NaN,NaN,NaN,NaN,NaN,NaN,0,0,NaN,0,0,NaN,NaN,NaN,NaN,NaN,NaN,NaN,NaN,NaN,NaN,NaN,NaN,0,0,0,0,0,NaN,0,0,0,0
10/07/2025,04,5GNR,Central Texas,137,Austin,SCHZ,1370449,VZW_GREAT_HILLS_AUS_IB,0064,0,0,23,100,21,21,38.01,0.01,127.36,0,0,0,7.39,24.79,19.3,23.73,0,4.67,7.17,0.01,12.39,NaN,NaN,NaN,NaN,NaN,NaN,NaN,NaN,0,0,NaN,0,0,NaN,NaN,NaN,NaN,NaN,NaN,NaN,NaN,NaN,NaN,NaN,NaN,0,0,0,0,0,NaN,0,0,23.73,0
10/07/2025,04,5GNR,Central Texas,137,Austin,SCHZ,1370449,VZW_PFLUGERVILLE_TX_IB,0067,0,0,18,100,18,18,39.36,0.01,44,0,0.01,0.04,16.71,25.77,17.75,26.54,0,4.89,7.98,0.02,9.58,NaN,NaN,NaN,NaN,NaN,NaN,NaN,NaN,0,0,NaN,0,0,NaN,NaN,NaN,NaN,NaN,NaN,NaN,NaN,NaN,NaN,NaN,NaN,0,0,0,0,0,NaN,0,0,26.54,0
10/07/2025,04,5GNR,Central Texas,137,Austin,SCHZ,1370449,VZW_ROUND_ROCK_IB,0068,NaN,0,0,100,0,0,0,0,NaN,NaN,NaN,NaN,NaN,0,0,0,NaN,0,0,0,NaN,NaN,NaN,NaN,NaN,NaN,NaN,NaN,NaN,0,0,NaN,0,0,NaN,NaN,NaN,NaN,NaN,NaN,NaN,NaN,NaN,NaN,NaN,NaN,0,0,0,0,0,NaN,0,0,0,0
10/07/2025,04,5GNR,Central Texas,137,Austin,SCHZ,1379400,21_RIO,2928,6.48,7,108,100,100,100,714.6,1.2,36.67,0.01,0.03,0.08,0.97,8.68,10.61,140.33,0,253.42,369.86,1.38,7.27,4.44,100,0,0,NaN,NaN,NaN,NaN,0,0,NaN,0,0,3928.57,2100,1166.67,4250,NaN,0,0,0,NaN,0,NaN,0,0,0,0,0,0,0.93,31,3351,408.88,0
10/07/2025,04,5GNR,Central Texas,137,Austin,SCHZ,1379400,21_RIO,3928,13.49,114,845,100,685,685,20880.04,10.84,84.34,3.75,3.97,4.75,5.17,6.93,10.07,20707.02,0,1853.23,2424.47,6.61,7.49,11.18,NaN,0,3.55,NaN,NaN,NaN,0,2,0,0,2,0,18107.14,1411.76,1411.76,1800,NaN,0,0,0,NaN,0,NaN,0,0,0.01,0,0,0,19.32,282,1460,21169.05,0
10/07/2025,04,5GNR,Central Texas,137,Austin,SCHZ,1379400,ACL_SC01_TEMP_2025,3354,0,0,2,50,0,0,0.56,0,NaN,0,0,0,2.48,10.24,19.14,0.1,NaN,2.13,2.93,0.01,32.92,NaN,NaN,NaN,NaN,NaN,NaN,NaN,NaN,0,0,NaN,0,0,NaN,NaN,NaN,NaN,NaN,0,NaN,0,NaN,NaN,NaN,NaN,0,0,0,0,0,NaN,0,0,0.44,0
10/07/2025,04,5GNR,Central Texas,137,Austin,SCHZ,1379400,ACL_SC03_TEMP_2025,3437,0,0,7,100,0,0,25.32,0.01,303.09,0,0,0,0.72,7.78,23.8,24.54,NaN,2.29,3.55,0.01,54.1,NaN,NaN,0,0,NaN,NaN,NaN,NaN,0,0,NaN,0,0,NaN,NaN,NaN,NaN,NaN,0,NaN,0,NaN,NaN,NaN,NaN,0,0,0,0,0,0,0,1,24.59,0
10/07/2025,04,5GNR,Central Texas,137,Austin,SCHZ,1379400,ACL_SC03_TEMP_2025,3991,26.67,4,15,50,1,1,299.57,0.12,362.62,0,0,0,0.19,7.77,26,293.4,0,5.35,8.17,0.02,0,0,NaN,NaN,NaN,NaN,NaN,NaN,NaN,0,0,NaN,0,0,NaN,NaN,NaN,NaN,NaN,0,NaN,0,NaN,NaN,NaN,NaN,0,0,0,0,0,NaN,0,0,293.4,0
10/07/2025,04,5GNR,Central Texas,137,Austin,SCHZ,1379400,ACL_SC07_TEMP_2025,3520,0,0,2,100,0,0,0.69,0,68.27,0,0,1.99,0,8.33,21.97,0.64,NaN,0.05,0.11,0,NaN,NaN,NaN,NaN,NaN,NaN,NaN,NaN,NaN,0,0,NaN,0,0,NaN,NaN,NaN,NaN,NaN,0,NaN,0,NaN,NaN,NaN,NaN,0,0,0,0,0,NaN,0,0,0.65,0
10/07/2025,04,5GNR,Central Texas,137,Austin,SCHZ,1379400,ACL_SC09_TEMP_2025,3591,12.5,1,8,100,1,1,9.48,0,NaN,0,0,1.45,1.59,9.89,20.97,0.31,0,7.56,9.78,0.01,97.03,NaN,NaN,0,0,NaN,NaN,NaN,NaN,0,0,NaN,0,0,NaN,NaN,NaN,NaN,NaN,0,NaN,0,NaN,NaN,NaN,NaN,0,0,0,0,0,0,0,2,9,0
10/07/2025,04,5GNR,Central Texas,137,Austin,SCHZ,1379400,BARTON_OAKS,2165,1.85,1,54,100,50,50,137.62,0.29,25.96,0,0,0.02,0.41,7.57,21.68,46.74,0,180.46,260.65,0.39,10.45,0,NaN,0,0,NaN,NaN,NaN,NaN,0,0,NaN,0,0,NaN,NaN,NaN,NaN,NaN,0,NaN,0,NaN,NaN,NaN,NaN,0,0,0,0,0,0.21,1,478,141.88,0
10/07/2025,04,5GNR,Central Texas,137,Austin,SCHZ,1379400,BARTON_OAKS,3165,1.04,10,961,100,825,825,5809.18,0.67,155.34,0.07,0.1,0.18,0.61,7.69,13.21,2077.95,0,129.35,522.27,1.7,1.48,0.33,NaN,0,0,NaN,NaN,NaN,NaN,0,0,NaN,0,0,NaN,NaN,NaN,NaN,NaN,0,NaN,0,NaN,NaN,NaN,NaN,0,0,0,0,0,0,0,263,5839.53,0
10/07/2025,04,5GNR,Central Texas,137,Austin,SCHZ,1379400,BARTON_SPRINGS,2164,0.39,1,257,100,207,207,2217.34,2.63,20.41,0.09,0.08,0.08,NaN,6.77,7.09,1604.59,0,54.08,160.87,0.65,0.59,0.35,NaN,0,1.01,NaN,NaN,NaN,0,4,0,0,4,0,3628.47,3459.18,1655.17,2504.27,3.41,0,0,0,NaN,573.17,NaN,0,0.04,0.02,0,0,0,1.47,45,3052,1922.54,0
10/07/2025,04,5GNR,Central Texas,137,Austin,SCHZ,1379400,BARTON_SPRINGS,3164,0.2,5,2460,100,1940,1939,17340.62,2.74,183.61,0.28,0.79,2.32,1.19,7.79,16.29,13437.75,0.05,588.5,1890,3.48,15.81,0.06,NaN,0,0,NaN,NaN,NaN,0,11,0,0,11,0,7445.09,665.74,696.73,5147.03,8.19,0,0,0,NaN,312.86,NaN,117.78,0.2,0.22,0,0,0,0,0,1668,17828.77,0
10/07/2025,04,5GNR,Central Texas,137,Austin,SCHZ,1379400,BAT_SCULPTURE,2849,0,0,7,100,4,4,11.46,0.23,NaN,0,0,0.06,12.91,3.15,16.97,0.03,0,0,2.25,0.01,0.62,0,NaN,0,0,NaN,NaN,NaN,NaN,0,0,NaN,0,0,NaN,NaN,NaN,NaN,NaN,0,NaN,0,NaN,NaN,NaN,NaN,0,0,0,0,0,0,0,123,25.01,0
10/07/2025,04,5GNR,Central Texas,137,Austin,SCHZ,1379400,BAT_SCULPTURE,3849,0.35,7,2003,100,1736,1736,13343.41,1.9,156.75,0.55,1.02,2.4,1.81,7.83,18.98,10782.23,0,7192.3,8617.98,7.48,63.31,0.18,100,0,0.14,0,NaN,0,0,9,0,0,9,0,6860.14,699.37,694.06,1454.84,16.38,0,0,0,NaN,0,NaN,89.87,0.1,0.12,0,0,0,0,0,2813,13351.2,0
10/07/2025,04,5GNR,Central Texas,137,Austin,SCHZ,1379400,BERGSTROM_EAST_AUSTX,3760,1.46,54,3711,100,1472,1470,13007.69,1.98,164.27,0.39,1.12,2.95,1.7,8.46,16.67,9115.92,0.14,914.72,1449.22,2.36,4.94,0.68,NaN,0,0.29,0,NaN,0,0,9,0,0,9,0,7124.12,686.13,675.93,1706.88,93.39,0,0,0,NaN,25.93,NaN,1560.39,1.82,0.73,0,0,0,0,0,1462,12888.54,0
10/07/2025,04,5GNR,Central Texas,137,Austin,SCHZ,1379400,BRAZOS_AND_8TH,2343,0.97,1,103,100,72,72,304.66,0.78,27.53,0,0,0.03,1.84,8.39,11.95,272.15,0,7.16,42.92,0.12,2.18,0,NaN,0,0,NaN,NaN,NaN,NaN,0,0,NaN,0,0,NaN,NaN,NaN,NaN,NaN,0,NaN,0,NaN,NaN,NaN,NaN,0,0,0,0,0,0,0,443,300.4,0
10/07/2025,04,5GNR,Central Texas,137,Austin,SCHZ,1379400,BRAZOS_AND_8TH,3343,2.21,3,136,100,83,83,3140.29,0.86,152.93,0,0.01,0.07,0.67,7.53,11.59,1644.91,0,526.03,749.77,1.41,13.37,0,NaN,0,0,NaN,NaN,NaN,NaN,0,0,NaN,0,0,NaN,NaN,NaN,NaN,NaN,0,NaN,0,NaN,NaN,NaN,NaN,0,0,0,0,0,0,0,325,3091.8,0
10/07/2025,04,5GNR,Central Texas,137,Austin,SCHZ,1379400,BUCKSHOT,2812,0,0,6,100,2,2,853.19,0.61,28.15,0,0,0.03,1.1,8.22,8.36,0.7,0,0.08,12.26,0.08,0.85,0.28,NaN,0,0.21,NaN,NaN,NaN,0,2,0,0,2,0,3000,2000,1000,0,NaN,0,0,0,NaN,0,NaN,0,0,0,0,0,0,0.23,1,439,39.01,0
10/07/2025,04,5GNR,Central Texas,137,Austin,SCHZ,1379400,BUCKSHOT,3812,1.69,11,650,100,451,451,7244.05,2.04,98.58,0.01,0.07,0.31,1.36,7.55,13.02,4646.46,0,193.01,485.2,1.03,3.07,0.06,100,0,0,NaN,NaN,NaN,0,6,0,0,6,0,7983.4,1074.07,1051.87,788.14,NaN,0,0,0,NaN,0,NaN,0,0.02,0.02,0,0,0,0,0,1526,7971.23,0
10/07/2025,04,5GNR,Central Texas,137,Austin,SCHZ,1379400,CAPITAL_WEST,2344,0,0,3,100,2,2,201.81,0.31,34.42,0,0,0.01,0.33,7.99,10.89,0.58,0,0.18,8.49,0.03,1.46,0,NaN,0,0,NaN,NaN,NaN,NaN,0,0,NaN,0,0,NaN,NaN,NaN,NaN,NaN,0,NaN,0,NaN,NaN,NaN,NaN,0,0,0,0,0,0,0,184,184.15,0
10/07/2025,04,5GNR,Central Texas,137,Austin,SCHZ,1379400,CAPITAL_WEST,3344,1.96,26,1324,100,1154,1153,7034.54,1.87,98.86,0.03,0.12,0.42,0.82,7.12,12.45,5394.34,0.09,1131.5,1433.33,2.73,10.74,0,100,0,0.08,NaN,NaN,NaN,NaN,0,0,NaN,0,0,NaN,NaN,NaN,NaN,NaN,0,NaN,0,NaN,NaN,NaN,NaN,0,0,0,0,0,0,0,1232,6913.53,0
10/07/2025,04,5GNR,Central Texas,137,Austin,SCHZ,1379400,CARVER_LIBRARY,2123,0,0,8,100,6,6,22.36,0.05,5.61,0,0,0.03,0.42,8.94,10.52,0.1,0,0,8.42,0.05,1.52,0.39,NaN,0,0.33,NaN,NaN,NaN,NaN,0,0,NaN,0,0,NaN,NaN,NaN,NaN,NaN,0,NaN,0,NaN,NaN,NaN,NaN,0,0,0,0,0,0,0,286,9.17,0
10/07/2025,04,5GNR,Central Texas,137,Austin,SCHZ,1379400,CARVER_LIBRARY,3123,0.76,16,2099,100,1475,1475,12879.95,2.5,116.54,0.16,0.53,1.44,0.87,7.69,14.57,11138.33,0,453.11,2116.77,4.79,4.34,0.04,100,0,0.04,NaN,NaN,NaN,0,6,0,0,6,0,7140.52,954.89,957.06,1349.11,NaN,0,0,0,NaN,0,NaN,0,0.03,0.02,0,0,0,0,0,2459,12765.52,0
10/07/2025,04,5GNR,Central Texas,137,Austin,SCHZ,1379400,CENTER_STAGE_TEMP_2025,3998,0,0,5,100,4,4,15.77,0.01,36.98,0,0,0.21,1.15,9.3,14.62,15.11,0,0.37,0.67,0,3.6,0,NaN,0,0,NaN,NaN,NaN,NaN,0,0,NaN,0,0,NaN,NaN,NaN,NaN,NaN,0,NaN,0,NaN,NaN,NaN,NaN,0,0,0,0,0,0,0,1,15.24,0
10/07/2025,04,5GNR,Central Texas,137,Austin,SCHZ,1379400,CESAR_CHAVEZ,2125,0.52,1,191,100,132,132,1182.52,2.09,29.25,0.03,0.1,0.26,3.48,7.55,9.36,493.24,0,26.16,141.97,0.63,1.91,0.68,NaN,0,0.47,NaN,NaN,NaN,0,17,0,0,17,0,3443.1,2223.59,1288.69,2953.79,19.51,0,0,0,NaN,2166.17,NaN,68.72,0.3,0.1,0,0,0,2.21,77,3478,1993.9,0
10/07/2025,04,5GNR,Central Texas,137,Austin,SCHZ,1379400,CESAR_CHAVEZ,3125,0.41,5,1211,100,965,965,5819.49,2.03,97.94,0.03,0.12,0.33,0.95,7.43,10.02,3628.86,0,432.89,1091.32,3.49,2.61,0,100,0,0.09,NaN,NaN,NaN,0,15,0,0,15,0,7729.95,698.72,949.44,4114.82,101.78,0,0,0,NaN,0,NaN,928.1,0.61,0.16,0,0,0,0,0,2357,4881.6,0
10/07/2025,04,5GNR,Central Texas,137,Austin,SCHZ,1379400,CESAR_CHAVEZ,3243,0.59,1,169,100,84,84,1297.12,1.08,100.2,0.01,0.03,0.09,1.07,7.39,11.8,906.22,0,38.37,90.91,0.54,2.92,0,NaN,0,0,0,NaN,0,NaN,0,0,NaN,0,0,NaN,NaN,NaN,NaN,NaN,0,NaN,0,NaN,NaN,NaN,NaN,0,0,0,0,0,0,0,203,1276.19,0
10/07/2025,04,5GNR,Central Texas,137,Austin,SCHZ,1379400,COLORADO,2242,0.91,1,110,100,102,102,343.23,0.87,57.09,0,0,0,0.5,8.03,4.22,216.09,0,3.96,574.36,4.94,1.49,0.09,NaN,0,0,NaN,NaN,NaN,0,2,0,0,2,0,3000,2777.78,1484.13,1622.95,1.37,0,0,0,NaN,0,NaN,196.72,0.01,0.01,0,0,0,0,0,1186,415.68,0
10/07/2025,04,5GNR,Central Texas,137,Austin,SCHZ,1379400,COLORADO,3242,0.61,9,1471,100,1233,1232,10438.86,2.06,193.48,0.43,1.21,3.22,2.22,7.75,14.55,9557.87,0.08,2188.92,2818.42,5.97,9.49,0,NaN,0,0.16,0,NaN,0,0,13,0,0,13,0,7202.45,713.58,701.53,1535.53,21.85,0,0,0,NaN,0,NaN,48.09,0.4,0.24,0,0,0,0,0,2481,10396.51,0
10/07/2025,04,5GNR,Central Texas,137,Austin,SCHZ,1379400,CONGRESS_HOLDINGS,2167,0,0,13,100,8,7,292.9,0.4,63.42,0,0,0.01,1.84,8.03,10.62,304.76,12.5,10.81,24.67,0.09,5.08,0,NaN,0,1.53,NaN,NaN,NaN,NaN,0,0,NaN,0,0,5651.32,NaN,1629.87,NaN,NaN,0,NaN,0,NaN,NaN,NaN,NaN,0,0,0,0,0,1.16,2,173,306.58,0
10/07/2025,04,5GNR,Central Texas,137,Austin,SCHZ,1379400,CONGRESS_HOLDINGS,3167,0.44,4,915,100,722,722,4204.12,1.07,124.31,0.02,0.07,0.27,0.92,6.98,12.99,2940.65,0,138.81,353.23,0.8,1.67,0,100,0,0.24,NaN,NaN,NaN,0,2,0,0,2,0,7616.28,500,1664.95,2039.77,7.02,0,0,0,NaN,0,NaN,22.73,0.06,0.06,0,0,0,0,0,1246,4132.47,0
10/07/2025,04,5GNR,Central Texas,137,Austin,SCHZ,1379400,CORAZON,3848,0.79,12,1521,100,1042,1042,17537.27,2.67,208.58,0.35,1.05,2.94,0.99,7.64,15.84,16578.9,0,2931.74,3857.54,4.81,17.77,0.08,100,0,0,NaN,NaN,NaN,0,14,0,0,14,0,7000,650.94,652.69,1984.62,NaN,0,0,0,NaN,0,NaN,0,0.08,0.07,0,0,0,0,0,2354,17285.97,0
10/07/2025,04,5GNR,Central Texas,137,Austin,SCHZ,1379400,DEL_VALLE,2153,34.92,22,63,100,30,30,503.29,0.88,23.09,0,0.02,0.06,1.03,7.81,7.71,181.68,0,12.26,34.72,0.22,0.56,0,NaN,0,1.44,NaN,NaN,NaN,NaN,0,0,NaN,0,0,NaN,NaN,NaN,NaN,NaN,0,NaN,0,NaN,NaN,NaN,NaN,0,0,0,0,0,0,0,199,522.63,0
10/07/2025,04,5GNR,Central Texas,137,Austin,SCHZ,1379400,DEL_VALLE,2953,20.59,42,204,100,121,121,263.13,0.79,17.1,0.03,0.03,0.05,NaN,7.92,8.6,83.59,0,4.27,38.96,0.18,0.85,1.53,NaN,0,0.2,0,NaN,0,NaN,0,0,NaN,0,0,NaN,NaN,NaN,NaN,NaN,0,NaN,0,NaN,NaN,NaN,NaN,0,0,0,0,0,0,0,997,254.19,0
10/07/2025,04,5GNR,Central Texas,137,Austin,SCHZ,1379400,DEL_VALLE,3153,2.48,113,4552,100,2018,2013,21137.84,3.8,162.81,0.67,2.08,5.59,1.51,8.28,18.08,16849.94,0.25,1134.78,1963.87,3.96,2.48,1.66,NaN,0,0.15,0,NaN,0,0,5,0,0,5,0,7269.81,1080.51,1538.51,2410.4,74.36,0,0,0,NaN,17.91,NaN,0,1.35,0.23,0,0,0,0.04,1,2709,20857.01,0
10/07/2025,04,5GNR,Central Texas,137,Austin,SCHZ,1379400,DUNCAN_PARK,3342,0,0,473,100,385,385,6798.07,1.52,163.62,0.07,0.14,0.62,1.69,7.64,14.29,6335.87,0,149.01,217.5,0.41,4.47,0,NaN,0,0,NaN,NaN,NaN,NaN,0,0,NaN,0,0,NaN,NaN,NaN,NaN,NaN,0,NaN,0,NaN,NaN,NaN,NaN,0,0,0,0,0,0,0,297,6760.44,0
10/07/2025,04,5GNR,Central Texas,137,Austin,SCHZ,1379400,EAST_BURLESON,3002,0.6,14,2320,100,1836,1836,13395.38,2.72,175.78,0.57,1.66,4.54,1.25,7.75,16.65,12761.35,0,881.7,1330.18,2.59,4.32,0,NaN,0,0.47,0,NaN,0,NaN,0,0,NaN,0,0,NaN,NaN,NaN,NaN,NaN,0,NaN,0,NaN,NaN,NaN,NaN,0,0,0,0,0,0,0,659,13299.82,0
10/07/2025,04,5GNR,Central Texas,137,Austin,SCHZ,1379400,ED_BLUESTEIN_REPL,2108,0.96,2,208,100,216,216,355.86,0.64,33.83,0,0.01,0.02,1.57,8.08,9.23,141.54,0,10.9,95.83,0.65,1.69,0.16,NaN,0,0.07,0,NaN,0,NaN,0,0,NaN,0,0,NaN,33000,16500,0,NaN,0,0,0,NaN,NaN,NaN,NaN,0,0,0,0,0,0.08,1,1298,347.53,0
10/07/2025,04,5GNR,Central Texas,137,Austin,SCHZ,1379400,ED_BLUESTEIN_REPL,3108,1.24,28,2261,100,1786,1785,6447.35,1.58,117.17,0.35,0.92,2.51,2.01,7.83,13.93,5684.13,0.06,452.39,638.3,1.51,2.79,1.48,NaN,0,0.32,0,NaN,0,0,2,0,0,2,0,6522.56,693.4,736.84,1824,111.96,0,0,0,NaN,0,NaN,0,0.24,0.03,0,0,0,0.1,1,993,6356,0
10/07/2025,04,5GNR,Central Texas,137,Austin,SCHZ,1379400,FIRST_VIEW,2157,0,0,114,100,111,111,482.98,0.91,16.78,0,0.01,0.01,0.44,7.49,5.36,7.46,0,0.52,230.94,1.41,0.34,0,NaN,0,0.06,NaN,NaN,NaN,0,7,0,0,7,0,3115.53,2420.77,1308.1,2293.68,1.37,0,0,0,NaN,84.51,NaN,118.08,0.07,0.06,0,0,0,0,0,1456,4315.85,0
10/07/2025,04,5GNR,Central Texas,137,Austin,SCHZ,1379400,FIRST_VIEW,3157,0.47,19,4064,100,3079,3079,38394.13,5.04,175.84,1.12,1.7,3.09,0.8,7.77,16.88,30335.36,0,8212.19,12042.74,16.97,20.15,0.28,NaN,0,0.21,0,NaN,0,0,3,0,0,3,0,6554.35,592.11,576.09,1300,NaN,0,0,0,NaN,0,NaN,0,0.01,0,0,0,0,0,0,2373,34671.62,0
10/07/2025,04,5GNR,Central Texas,137,Austin,SCHZ,1379400,FM973_SHUMAKER_STX,2721,7.5,3,40,100,28,28,252.66,0.3,62.61,0,0.01,0.03,0.81,8.23,6.8,68.03,0,3.08,10.05,0.07,0.27,0,NaN,0,0,NaN,NaN,NaN,NaN,0,0,NaN,0,0,3502.8,1403.95,1486.64,2369.39,82.36,0,0,0.01,NaN,32835.15,NaN,108.38,9.11,0.19,0,0,0,0,0,56,95.44,0
10/07/2025,04,5GNR,Central Texas,137,Austin,SCHZ,1379400,FM973_SHUMAKER_STX,3721,1.13,37,3286,100,1833,1830,24391.72,3.35,163.43,0.99,1.52,2.97,1.05,7.85,16.9,14036.4,0.16,607.75,1382.74,2.62,3.13,0.78,NaN,0,0.37,14.29,NaN,14.29,0,13,0,0,13,0,7573.5,858.59,1267.98,1821.35,116.64,0,0,0,NaN,41.92,NaN,760.67,5.49,0.86,0,0,0,0,0,2231,24202.88,0
10/07/2025,04,5GNR,Central Texas,137,Austin,SCHZ,1379400,GARFIELD,2152,0,0,67,100,43,43,91.01,0.1,19.48,0,0,0.01,0.27,8.21,14.62,77.83,0,14.79,26.81,0.07,8.9,0,NaN,0,0,NaN,NaN,NaN,0,1,0,0,1,0,3000,4333.33,2700,750,NaN,0,0,0,NaN,0,NaN,0,0,0,0,0,0,0,0,142,87.1,0
10/07/2025,04,5GNR,Central Texas,137,Austin,SCHZ,1379400,GINGERLAND_AUSTX,2851,0,0,76,100,77,77,539.28,1.1,35.42,0.37,0.28,0.03,0.21,7.61,9.73,514.43,0,189.1,256.25,1.71,6.8,0,NaN,0,0,NaN,NaN,NaN,0,2,0,0,2,0,3000,2000,1000,0,NaN,0,0,0,NaN,0,NaN,0,0,0,0,0,0,0,0,300,533.98,0
10/07/2025,04,5GNR,Central Texas,137,Austin,SCHZ,1379400,GINGERLAND_AUSTX,3851,6.17,142,2300,100,1553,1552,17363.71,2.52,126.59,0.79,1.28,2.66,0.6,7.73,14.46,15405.71,0.06,807.45,1421.66,2.56,6.06,0.54,NaN,0,0,0,NaN,0,0,1,0,0,1,0,6818.18,3100,2827.27,1672.13,0,0,0,0,NaN,0,NaN,0,0.01,0.01,0,0,0,0.2,2,1024,17118.04,0
10/07/2025,04,5GNR,Central Texas,137,Austin,SCHZ,1379400,HANCOCK_CENTER,2124,0,0,427,100,361,361,660.4,1.56,51.78,0.01,0.01,0.04,0.9,7.8,10.47,314.21,0,47.3,93.17,0.32,2.75,0,NaN,0,0,NaN,NaN,NaN,0,4,0,0,4,0,3007.25,1981.82,992.75,2140.62,0,0,0,0,NaN,0,NaN,0,0.01,0.01,0,0,0,1.91,20,1047,580.25,0
10/07/2025,04,5GNR,Central Texas,137,Austin,SCHZ,1379400,HANCOCK_CENTER,3124,0.63,12,1893,100,1248,1248,13908.77,1.95,166.5,0.33,0.69,1.43,1.29,7.72,15.09,13185.98,0,1018.72,1284.49,4.15,1.97,0.95,NaN,0,0.5,NaN,NaN,NaN,NaN,0,0,NaN,0,0,NaN,NaN,NaN,NaN,NaN,0,NaN,0,NaN,NaN,NaN,NaN,0,0,0,0,0,0,0,421,13853.97,0
10/07/2025,04,5GNR,Central Texas,137,Austin,SCHZ,1379400,HAROLD_GREEN,3309,2.15,79,3680,100,2462,2462,32003.38,5.58,136.41,1.08,1.73,3.4,0.97,7.81,13.98,23489.7,0,985.47,1869.87,4.86,1.19,0.66,NaN,0,0.38,0,NaN,0,0,28,0,0,28,0,8078.84,764.07,847.02,1529.07,102.68,0,0,0,NaN,176.4,NaN,32.07,5.93,1.03,0,0,0,0.04,1,2441,32230.41,0
10/07/2025,04,5GNR,Central Texas,137,Austin,SCHZ,1379400,HETHER,2041,0,0,118,100,103,102,654.7,1.11,43.94,0.01,0.07,0.21,0.47,7.68,9.09,482.8,0.97,5.57,69.46,0.34,1.69,0.48,NaN,0,0,NaN,NaN,NaN,0,4,0,0,4,0,3297.62,1045,517.86,1636.72,NaN,0,0,0,NaN,126.98,NaN,46.88,0.12,0.03,0,0,0,1.43,19,1330,718.09,0
10/07/2025,04,5GNR,Central Texas,137,Austin,SCHZ,1379400,HETHER,3041,0.2,3,1492,100,1289,1289,14750.89,1.71,160.42,0.49,1.1,3.42,0.48,7.45,14.85,12519.36,0,345.12,559.42,1.07,3.28,0,NaN,0,0.28,NaN,NaN,NaN,0,4,0,0,4,0,6705.88,764.71,764.71,0,NaN,0,0,0,NaN,0,NaN,0,0,0,0,0,0,0,0,1450,14701.7,0
10/07/2025,04,5GNR,Central Texas,137,Austin,SCHZ,1379400,HYDE_PARK,2586,0,0,173,100,158,158,2323.66,2.28,62.75,0,0.01,0.03,0.86,8.04,11.65,2188.94,0,99.5,146.67,0.42,5.33,0,NaN,0,0,NaN,NaN,NaN,0,1,0,0,1,0,3398.6,2000,1097.9,5813.33,30.72,0,0,0,NaN,2993.01,NaN,93.33,0.14,0.02,0,0,0,0.13,1,771,2295.02,0
10/07/2025,04,5GNR,Central Texas,137,Austin,SCHZ,1379400,HYDE_PARK,3586,0.18,5,2821,100,2341,2341,13981.74,2.78,109.5,0.23,1.27,3.56,0.53,7.73,12.59,11778.96,0,728.03,1049.18,3.04,1.95,0,NaN,0,0.06,NaN,NaN,NaN,0,1,0,0,1,0,8750,875,875,0,NaN,0,0,0,NaN,0,NaN,0,0,0,0,0,0,0,0,1573,13886.84,0
10/07/2025,04,5GNR,Central Texas,137,Austin,SCHZ,1379400,JAMES_CASEY,2111,0,0,73,100,66,66,370.97,0.6,43.17,0,0,0.01,1.01,8.18,9.02,123.9,0,3.85,26.72,0.14,1.12,0.27,NaN,0,0.12,NaN,NaN,NaN,NaN,0,0,NaN,0,0,4520.83,2058.82,1020,7818.18,0,0,0,0,NaN,0,NaN,0,0.01,0.01,0,0,0,0,0,822,291.48,0
10/07/2025,04,5GNR,Central Texas,137,Austin,SCHZ,1379400,JAMES_CASEY,3111,1.62,43,2651,100,1806,1799,16626.1,2.22,172.56,0.55,0.95,1.94,1.04,7.7,13.74,14082.99,0.39,1722.76,2571.54,5.55,8.61,0,NaN,0,0.38,0,NaN,0,0,7,0,0,7,0,7243.24,686.44,709.46,1500,NaN,0,0,0,NaN,0,NaN,0,0.01,0.01,0,0,0,0.05,1,1850,16458.35,0
10/07/2025,04,5GNR,Central Texas,137,Austin,SCHZ,1379400,LAMAR_MLK,3815,0,0,238,100,155,155,372.18,0.06,101.61,0,0,0.08,0.55,7.71,13.89,365.04,0,30.04,43.37,0.06,1.27,0,NaN,0,0,NaN,NaN,NaN,NaN,0,0,NaN,0,0,NaN,NaN,NaN,NaN,NaN,0,NaN,0,NaN,NaN,NaN,NaN,0,0,0,0,0,0,0,6,365.26,0
10/07/2025,04,5GNR,Central Texas,137,Austin,SCHZ,1379400,LAMBIE,2349,0,0,29,100,10,10,172.53,0.64,24.7,0.02,0.05,0.08,2.99,7.41,6.87,13.8,0,7.37,358.97,3.48,3.59,2.3,NaN,0,0,0,NaN,0,0,1,0,0,1,0,3405.51,2089.74,1096.43,1621.43,0,0,0,0,NaN,1521.74,NaN,21.58,0.07,0.03,0,0,0,0,0,1123,138.79,0
10/07/2025,04,5GNR,Central Texas,137,Austin,SCHZ,1379400,LAMBIE,3349,0.75,8,1066,100,746,746,6332.64,0.95,209.8,0.12,1.76,5.57,1.55,7.74,16.49,4667.56,0,373.26,1344.6,2,16.35,0.13,100,0,0,0,NaN,0,0,10,0,0,10,0,7779.72,690.74,695.12,1730.77,9.36,0,0,0,NaN,189.47,NaN,0,0.06,0.07,0,0,0,0,0,2244,6224.49,0
10/07/2025,04,5GNR,Central Texas,137,Austin,SCHZ,1379400,LIVE_OAK,2161,0,0,61,100,37,37,527.34,0.96,38.37,0,0,0.03,1.06,9.32,7.9,430.02,0,0.35,10.81,0.07,0.58,0,NaN,0,0,NaN,NaN,NaN,NaN,0,0,NaN,0,0,NaN,NaN,NaN,NaN,NaN,0,NaN,0,NaN,NaN,NaN,NaN,0,0,0,0,0,0,0,379,467.27,0
10/07/2025,04,5GNR,Central Texas,137,Austin,SCHZ,1379400,LIVE_OAK,3161,0.24,4,1670,100,1455,1455,24297.35,3.23,204.54,0.57,1.15,3,0.4,7.49,16.31,20524,0,456.44,1280.98,2.26,4.99,0.18,NaN,0,0,NaN,NaN,NaN,NaN,0,0,NaN,0,0,NaN,NaN,NaN,NaN,NaN,0,NaN,0,NaN,NaN,NaN,NaN,0,0,0,0,0,0,0,1074,24735.1,0
10/07/2025,04,5GNR,Central Texas,137,Austin,SCHZ,1379400,LONGHORN_N01,2673,0,0,32,100,21,21,19.87,0.05,81.89,0,0,0.02,0.79,9.41,10.62,8.93,0,0.25,4.3,0.02,1.49,0,NaN,0,0,NaN,NaN,NaN,NaN,0,0,NaN,0,0,NaN,NaN,NaN,NaN,NaN,0,NaN,0,NaN,NaN,NaN,NaN,0,0,0,0,0,0,0,151,22.92,0
10/07/2025,04,5GNR,Central Texas,137,Austin,SCHZ,1379400,LONGHORN_N01,3673,0.33,8,2391,100,1162,1162,5934.58,1.1,185.9,0.18,0.39,1.28,1.52,8.11,14.17,5593.3,0,290.48,407.18,0.79,4.62,0.49,NaN,0,0,NaN,NaN,NaN,NaN,0,0,NaN,0,0,NaN,NaN,NaN,NaN,NaN,0,NaN,0,NaN,NaN,NaN,NaN,0,0,0,0,0,0,0,770,5856.02,0
10/07/2025,04,5GNR,Central Texas,137,Austin,SCHZ,1379400,LONGHORN_N02,3674,0,0,426,100,288,288,6341.62,1.01,196.73,0.25,0.38,0.86,0.72,7.71,16.73,4753.03,0,406.97,1173.36,1.45,6.49,0.07,NaN,0,0,NaN,NaN,NaN,0,10,0,0,10,0,6148.05,620.23,625.97,819.41,NaN,0,0,0,NaN,0,NaN,0,0.04,0.03,0,0,0,0,0,1363,6231.11,0
10/07/2025,04,5GNR,Central Texas,137,Austin,SCHZ,1379400,LONGHORN_N08,2675,4.76,1,21,100,17,17,18.33,0.04,19.33,0,0,0.03,8.19,8.72,11.11,8.85,0,0.44,3.53,0.02,1.06,2.44,NaN,0,0,NaN,NaN,NaN,NaN,0,0,NaN,0,0,NaN,NaN,NaN,NaN,NaN,0,NaN,0,NaN,NaN,NaN,NaN,0,0,0,0,0,0,0,151,12.32,0
10/07/2025,04,5GNR,Central Texas,137,Austin,SCHZ,1379400,LONGHORN_N08,3675,0.78,19,2426,100,1869,1869,7528.83,1.05,212.31,0.23,0.31,0.52,0.65,7.99,13.21,6866.01,0,1241.8,1427.65,4.66,3.14,0.54,NaN,0,0.19,NaN,NaN,NaN,NaN,0,0,NaN,0,0,NaN,NaN,NaN,NaN,NaN,0,NaN,0,NaN,NaN,NaN,NaN,0,0,0,0,0,0,0,520,7766.25,0
10/07/2025,04,5GNR,Central Texas,137,Austin,SCHZ,1379400,LONGHORN_N09,2676,0,0,10,100,9,9,14.47,0.06,29.01,0,0,0.07,1.04,7.47,11.18,7.32,0,0.01,3.41,0.02,1.33,0,NaN,0,0.63,NaN,NaN,NaN,NaN,0,0,NaN,0,0,NaN,NaN,NaN,NaN,NaN,0,NaN,0,NaN,NaN,NaN,NaN,0,0,0,0,0,0,0,140,13.65,0
10/07/2025,04,5GNR,Central Texas,137,Austin,SCHZ,1379400,LONGHORN_N09,3676,0.21,1,481,100,284,284,3398.12,0.98,154.78,0.2,0.64,2.19,1.12,7.83,14.97,2577.65,0,102.23,209.47,0.6,1.89,0,NaN,0,0.14,NaN,NaN,NaN,0,4,0,0,4,0,6589.74,1114.75,1217.95,1289.86,NaN,0,0,0,NaN,0,NaN,0,0.03,0.01,0,0,0,0,0,1409,3343.63,0
10/07/2025,04,5GNR,Central Texas,137,Austin,SCHZ,1379400,LONGHORN_N10,2677,0,0,22,100,7,7,421.25,0.9,78.9,0.01,0.03,0.11,0.47,9.25,16.63,113.39,0,4.07,43.13,0.18,3.67,0,NaN,0,0,NaN,NaN,NaN,0,8,0,0,8,0,3026.81,2000,1170.06,1084.34,0,0,0,0,NaN,20.41,NaN,0,0.05,0.05,0,0,0,0,0,1276,410.96,0
10/07/2025,04,5GNR,Central Texas,137,Austin,SCHZ,1379400,LONGHORN_N10,3677,0,0,23,50,19,19,44.83,0.03,135.43,0.01,0.03,0.67,0.41,7.88,16.78,34.93,0,3.23,7.73,0.03,1.83,0,NaN,0,0,NaN,NaN,NaN,NaN,0,0,NaN,0,0,NaN,NaN,NaN,NaN,NaN,0,NaN,0,NaN,NaN,NaN,NaN,0,0,0,0,0,0,0,73,38.02,0
10/07/2025,04,5GNR,Central Texas,137,Austin,SCHZ,1379400,LONGHORN_N12,2678,0,0,3,100,3,3,6.64,0.04,23.18,0,0,0,0.81,9.28,8.82,1.64,0,0.01,2.03,0.05,0.38,0,NaN,0,0,NaN,NaN,NaN,NaN,0,0,NaN,0,0,NaN,NaN,NaN,NaN,NaN,0,NaN,0,NaN,NaN,NaN,NaN,0,0,0,0,0,8.26,9,109,5.86,0
10/07/2025,04,5GNR,Central Texas,137,Austin,SCHZ,1379400,LONGHORN_N12,3678,0.35,2,570,100,493,493,10968,1.21,209.08,0.38,0.55,1.39,0.26,7.47,15.44,10749.34,0,704.28,896.27,1.21,33.71,0,NaN,0,0.13,NaN,NaN,NaN,0,7,0,0,7,0,6553.57,1017.86,1017.86,0,NaN,0,0,0,NaN,0,NaN,0,0,0,0,0,0,0,0,771,11153.47,0
10/07/2025,04,5GNR,Central Texas,137,Austin,SCHZ,1379400,LONGHORN_N18,2680,0,0,5,100,3,3,22.13,0.06,13.85,0,0,0.02,0.91,7.61,9.48,11.86,0,0,4.14,0.03,0.96,0,NaN,0,0.46,NaN,NaN,NaN,NaN,0,0,NaN,0,0,NaN,NaN,NaN,NaN,NaN,0,NaN,0,NaN,NaN,NaN,NaN,0,0,0,0,0,0.55,1,182,20.22,0
10/07/2025,04,5GNR,Central Texas,137,Austin,SCHZ,1379400,LONGHORN_N18,3680,2.07,6,290,100,142,142,1616.48,0.25,161.22,0.09,0.23,1.02,0.86,7.95,14.93,577.3,0,64.08,255.81,0.46,8.17,0.2,NaN,0,0.11,NaN,NaN,NaN,0,4,0,0,4,0,7264.15,739.73,731.13,1484.62,NaN,0,0,0,NaN,0,NaN,0,0.02,0.01,0,0,0,0,0,952,1577.59,0
10/07/2025,04,5GNR,Central Texas,137,Austin,SCHZ,1379400,LOTTERY,2347,0,0,26,100,10,10,602.63,0.98,20.94,0,0.01,0.06,2.66,7.57,9.86,467.82,0,0.56,15.82,0.08,1.27,0,NaN,0,0,0,NaN,0,0,4,0,0,4,0,3014.29,1983.05,1007.14,1969.7,0,0,0,0,NaN,0,NaN,0,0.01,0.01,0,0,0,0,0,568,526.43,0
10/07/2025,04,5GNR,Central Texas,137,Austin,SCHZ,1379400,LOTTERY,3347,0.45,17,3810,100,1610,1610,11647.8,3.34,116.81,0.05,0.38,1.03,1.37,7.56,13.12,8666.42,0,845.63,1744.22,3.63,3.35,0.05,100,0,0.1,0,NaN,0,0,7,0,0,7,0,7281.72,648.86,671.43,3449.01,0,0,0,0,NaN,0,NaN,2.32,0.21,0.29,0,0,0,0.08,3,3912,11554.96,0
10/07/2025,04,5GNR,Central Texas,137,Austin,SCHZ,1379400,MACHETE,3582,0.57,15,2621,100,1295,1294,11343.04,2.17,142.84,0.48,1.7,4.48,1.86,7.97,15.31,8020.68,0.08,773.19,1285.17,2.76,3.4,0.12,NaN,0,0.06,0,NaN,0,0,12,0,0,12,0,6772.35,592.46,592.98,1173.16,0,0,0,0,NaN,0,NaN,0,0.05,0.05,0,0,0,0,0,3163,11210.03,0
10/07/2025,04,5GNR,Central Texas,137,Austin,SCHZ,1379400,METRO_CENTER,2810,3.67,9,245,100,189,186,1573.2,2.05,49.02,0.02,0.06,0.17,1.32,8.61,10.45,362.68,1.59,4.36,86.72,0.4,1.68,0,NaN,0,0.26,0,NaN,0,0,5,0,0,5,0,3468.12,2974.17,1795.45,3362.55,42.1,0,0,0,NaN,18646.1,NaN,224.24,3.03,0.17,0,0,0,0.05,1,2165,1634.94,0
10/07/2025,04,5GNR,Central Texas,137,Austin,SCHZ,1379400,METRO_CENTER,3810,0.41,17,4181,100,2566,2565,27563.04,4.23,148.83,0.86,1.81,4.37,0.83,7.7,15.29,17952.08,0.04,1203.39,2210.43,4.46,4.25,0.36,NaN,0,0.14,0,NaN,0,0,5,0,0,5,0,8327.02,703.17,1317.22,7739.45,69.32,0,0,0,NaN,16.74,NaN,531.67,1.24,0.5,0,0,0,0,0,3661,27433.15,0
10/07/2025,04,5GNR,Central Texas,137,Austin,SCHZ,1379400,MLK,2026,1.15,1,87,100,52,52,583.64,0.77,38.2,0,0,0.01,1.33,7.74,9.99,246.87,0,11.12,53.16,0.27,2.1,0.11,NaN,0,0.29,NaN,NaN,NaN,NaN,0,0,NaN,0,0,NaN,NaN,NaN,NaN,NaN,0,NaN,0,NaN,NaN,NaN,NaN,0,0,0,0,0,0.1,1,1039,470.49,0
10/07/2025,04,5GNR,Central Texas,137,Austin,SCHZ,1379400,MLK,3026,1.1,15,1361,100,886,886,14967.02,2.95,166.84,0.06,0.15,0.35,1.1,7.68,13.39,10090.27,0,1055.8,1912.88,3.82,6.51,0,100,0,0.07,0,NaN,0,0,12,0,0,12,0,6798.77,647.7,647.98,1788.3,65.54,0,0,0,NaN,0,NaN,154.37,0.63,0.09,0,0,0,0.04,2,4601,14702.7,0
10/07/2025,04,5GNR,Central Texas,137,Austin,SCHZ,1379400,MONTOPOLIS,2159,1.42,2,141,100,112,111,471.86,0.89,32.34,0,0.01,0.02,1,7.91,9.64,213.96,0.89,3.62,30.36,0.16,1.03,0.5,NaN,0,0,NaN,NaN,NaN,NaN,0,0,NaN,0,0,NaN,NaN,NaN,NaN,NaN,0,NaN,0,NaN,NaN,NaN,NaN,0,0,0,0,0,0,0,684,446.18,0
10/07/2025,04,5GNR,Central Texas,137,Austin,SCHZ,1379400,MONTOPOLIS,3159,0.79,42,5294,100,3368,3368,39033.25,6.85,115.39,0.98,2.02,4.67,0.7,7.64,15.92,27265.47,0,1262.65,2255.12,4.79,3.08,0.85,NaN,0,0,0,NaN,0,0,7,0,0,7,0,6879.59,684.07,697.96,1615.08,26.21,0,0,0,NaN,0,NaN,0,0.06,0.07,0,0,0,0,0,1638,38635.84,0
10/07/2025,04,5GNR,Central Texas,137,Austin,SCHZ,1379400,NECHES,2005,0,0,81,100,58,58,544.63,0.91,20.23,0,0.01,0.03,1.2,8.52,11.49,64.39,0,14.18,75.1,0.31,4.04,0,NaN,0,0.04,NaN,NaN,NaN,0,4,0,0,4,0,3659.15,1982.14,1494.17,1029.85,0,0,0,0,NaN,0,NaN,0,0.01,0.01,0,0,0,0.27,6,2226,696.55,0
10/07/2025,04,5GNR,Central Texas,137,Austin,SCHZ,1379400,NECHES,3005,0.74,15,2021,100,1565,1565,15842.33,3.17,119.83,0.72,1.66,4.03,2.04,7.86,15.23,12849.55,0,1517.77,3113.1,5.75,9.02,0.05,100,0,0.22,0,NaN,0,0,27,0,0,27,0,7730.69,587.15,1114.97,643.33,447.87,0,0,0,NaN,95.52,NaN,249.6,45.95,47.57,0,0,0,0.02,1,5431,15472.4,0
10/07/2025,04,5GNR,Central Texas,137,Austin,SCHZ,1379400,OLTORF,2055,0,0,14,100,10,10,23.86,0.06,14.93,0,0,0.02,0.75,7.64,8.12,0.6,0,0.01,8.2,0.05,1.08,0,NaN,0,0,NaN,NaN,NaN,NaN,0,0,NaN,0,0,NaN,NaN,NaN,NaN,NaN,0,NaN,0,NaN,NaN,NaN,NaN,0,0,0,0,0,0,0,339,58.12,0
10/07/2025,04,5GNR,Central Texas,137,Austin,SCHZ,1379400,OLTORF,3055,0.35,8,2278,100,1807,1806,20140.1,2.71,122.91,0.35,0.91,2.53,0.93,7.83,14.15,19001.76,0.06,697.45,1105.42,2.27,3.54,0.31,NaN,0,0,NaN,NaN,NaN,0,5,0,0,5,0,6382.35,658.09,655.08,3293.19,NaN,0,0,0,NaN,0,NaN,0,0.05,0.04,0,0,0,0,0,2134,20166.05,0
10/07/2025,04,5GNR,Central Texas,137,Austin,SCHZ,1379400,PARKER_LANE,3160,0.46,16,3483,100,2497,2496,39010.57,6.37,137.92,0.95,1.44,2.83,0.83,7.81,15.79,33548.02,0.04,1140.75,2242.92,4.73,2.12,0.22,100,0,0.18,0,NaN,0,0,2,0,0,2,0,8495.82,701.61,675.82,2385.35,0,0,0,0,NaN,0,NaN,0,0.13,0.16,0,0,0,0,0,2246,38559.36,0
10/07/2025,04,5GNR,Central Texas,137,Austin,SCHZ,1379400,PEARCE,2009,0,0,9,100,5,5,123.04,0.18,46.42,0,0,0,0.69,8.52,16.9,1.42,0,0.33,9.17,0.03,1.08,0,NaN,0,0.71,NaN,NaN,NaN,0,3,0,0,3,0,4045.45,1382.35,651.79,2185.19,NaN,0,0,0,NaN,285.71,NaN,0,0.04,0.01,0,0,0,0,0,142,57.92,0
10/07/2025,04,5GNR,Central Texas,137,Austin,SCHZ,1379400,PEARCE,3009,1.34,74,5509,100,3724,3724,24550.6,3.88,114.15,0.64,1.73,4.28,0.57,7.89,14.43,20164.66,0,1719.29,2406.66,4.2,4.94,1.11,NaN,0,0.28,0,NaN,0,0,11,0,0,11,0,7836.77,750,796.24,2328.67,21.85,0,0,0,NaN,3833.33,NaN,597.45,0.56,0.4,0,0,0,0,0,2199,24349.57,0
10/07/2025,04,5GNR,Central Texas,137,Austin,SCHZ,1379400,PRESSLER,3831,0.19,1,514,100,466,466,3499.8,0.59,161.23,0.07,0.41,1.93,1.09,7.74,22.27,695.66,0,906.61,1178.94,1.49,29.72,0,100,0,0,0,NaN,0,0,5,0,0,5,0,6200,625,625,0,NaN,0,0,0,NaN,0,NaN,0,0,0,0,0,0,0,0,295,3463.58,0
10/07/2025,04,5GNR,Central Texas,137,Austin,SCHZ,1379400,RBJ,2163,0,0,99,100,85,85,457,0.76,38.4,0,0.05,0.18,0.69,7.51,9.87,315.47,0,9.13,59.79,0.29,1.39,0.09,NaN,0,0.58,NaN,NaN,NaN,0,2,0,0,2,0,3000,1954.55,981.48,1716.98,0,0,0,0,NaN,0,NaN,0,0.01,0.01,0,0,0,0.08,1,1297,443.7,0
10/07/2025,04,5GNR,Central Texas,137,Austin,SCHZ,1379400,RBJ,3163,0.47,17,3642,100,2570,2570,15414.59,5.74,97.82,1.55,2.35,4.71,1.34,7.7,16.29,9058.2,0,3375.93,5023.18,5.99,14.93,2.96,NaN,0,0.33,0,NaN,0,0,4,0,0,4,0,7790.15,703.06,726.28,1673.78,NaN,0,0,0,NaN,0,NaN,67.69,0.05,0.07,0,0,0,0.07,2,2912,15231.66,0
10/07/2025,04,5GNR,Central Texas,137,Austin,SCHZ,1379400,RIVERSIDE,2007,0.25,1,395,100,306,306,2882.67,3.01,57.11,0.01,0.01,0.02,0.96,7.72,11.11,748.8,0,30.85,244.89,0.85,2.98,0.48,NaN,0,0.04,0,NaN,0,NaN,0,0,NaN,0,0,NaN,NaN,NaN,NaN,NaN,0,NaN,0,NaN,NaN,NaN,NaN,0,0,0,0,0,1.74,37,2131,2607.39,0
10/07/2025,04,5GNR,Central Texas,137,Austin,SCHZ,1379400,RIVERSIDE,3007,0.43,32,7419,100,6422,6419,76351.8,10.29,118.33,1.49,2.3,4.27,0.41,7.7,15.18,56112.1,0.05,4848.79,7411.6,18.25,4.22,0.07,100,0,0.09,0,NaN,0,0,15,0,0,15,0,6846.06,596.56,598.85,2080.5,2.84,0,0,0,NaN,0,NaN,0,2.56,1.82,0,0,0,0,0,5710,76169.03,0
10/07/2025,04,5GNR,Central Texas,137,Austin,SCHZ,1379400,ROBERT_MUELLER,2761,0,0,35,100,45,45,44.5,0.16,15.66,0,0,0.03,1.14,7.97,15.23,18.48,0,7.48,24.33,0.07,1.28,0,NaN,0,0,NaN,NaN,NaN,0,1,0,0,1,0,3140,2000,1000,1541.67,0,0,0,0,NaN,0,NaN,0,0.01,0,0,0,0,0,0,519,35.6,0
10/07/2025,04,5GNR,Central Texas,137,Austin,SCHZ,1379400,ROBERT_MUELLER,3761,2.41,55,2279,100,1764,1759,3985.56,0.83,118.37,0.27,0.98,2.82,0.85,7.51,14.32,3260.05,0.28,392.71,585.18,1.27,2.8,0.27,NaN,0,0.36,NaN,NaN,NaN,NaN,0,0,NaN,0,0,NaN,NaN,NaN,NaN,NaN,0,NaN,0,NaN,NaN,NaN,NaN,0,0,0,0,0,0,0,1085,3909.06,0
10/07/2025,04,5GNR,Central Texas,137,Austin,SCHZ,1379400,SAN_SABA,2012,1.54,5,324,100,279,279,1269.98,2.39,43.72,0.01,0.07,0.18,0.74,7.7,10.45,803.01,0,7.81,78.3,0.44,1.26,0.41,NaN,0,0.2,0,NaN,0,0,4,0,0,4,0,3000,1994.12,994.74,648.65,0,0,0,0,NaN,0,NaN,0,0.02,0.02,0,0,0,0.08,2,2419,1432.76,0
10/07/2025,04,5GNR,Central Texas,137,Austin,SCHZ,1379400,SAN_SABA,3012,0.59,21,3586,100,2923,2923,58518.32,9.69,132.81,0.98,1.7,3.98,0.84,7.63,15.41,56853.03,0,3456.13,5852.18,8.75,13.88,0.06,NaN,0,0.07,NaN,NaN,NaN,0,14,0,0,14,0,6831.48,672.21,830.56,1752.81,103.48,0,0,0,NaN,0,NaN,0,0.27,0.09,0,0,0,0,0,3008,61048.78,0
10/07/2025,04,5GNR,Central Texas,137,Austin,SCHZ,1379400,SETON,2174,1.69,2,118,100,102,102,1233.92,1.49,33.58,0,0.01,0.04,2.29,7.65,10.07,283.62,0,4.79,62.88,0.31,1.41,0.12,NaN,0,0.1,0,NaN,0,0,6,0,0,6,0,3026.95,2319.33,1140.72,1796.18,0.78,0,0,0,NaN,0,NaN,120.25,0.03,0.03,0,0,0,0.74,7,941,3514.26,0
10/07/2025,04,5GNR,Central Texas,137,Austin,SCHZ,1379400,SETON,3174,0.55,13,2381,100,2038,2036,15247.84,2.77,120.75,0.22,0.32,0.52,0.2,7.56,11.06,8549.12,0.1,1847.71,2564.87,7.37,2.92,0,NaN,0,0.06,0,NaN,0,0,1,0,0,1,0,6204.55,605.26,590.91,1045.45,NaN,0,0,0,NaN,0,NaN,0,0,0,0,0,0,0,0,1588,12666.66,0
10/07/2025,04,5GNR,Central Texas,137,Austin,SCHZ,1379400,SOCC,2154,17.28,61,353,100,290,290,1470.56,1.93,33.42,0,0.03,0.1,0.57,8.22,10.53,330.2,0,37.15,159.47,0.64,2.65,0.31,NaN,0,0,0,NaN,0,0,9,0,0,9,0,3423.81,2165.78,1416.13,2592.23,65.83,0,0,0.01,NaN,691.16,NaN,61.71,0.37,0.2,0,0,0,0.72,8,1110,1445.62,0
10/07/2025,04,5GNR,Central Texas,137,Austin,SCHZ,1379400,SOCC,3154,0.8,40,5008,100,3267,3263,28985.37,4.9,175.81,0.93,2.17,4.75,1.33,8.12,13.48,22336.86,0.12,13694.64,16308.11,35.64,1.92,0.34,NaN,0,0.21,0,NaN,0,0,11,0,0,11,0,8466.13,712.86,984.45,1485.31,287.77,0,0,0.01,NaN,11.82,NaN,5.15,75.34,1.21,0,0,0,0,0,2471,28447.56,0
10/07/2025,04,5GNR,Central Texas,137,Austin,SCHZ,1379400,SOCO,3054,0.43,3,695,100,640,640,2898.76,0.92,47.57,0.21,1.26,5.62,0.72,7.46,18.89,2320.24,0,1452.54,1679.74,1.49,23.72,0.92,NaN,0,0.13,0,NaN,0,0,1,0,0,1,0,7813.64,611.61,611.61,240.74,NaN,0,0,0,NaN,0,NaN,0,0.01,0.01,0,0,0,0,0,760,2856.38,0
10/07/2025,04,5GNR,Central Texas,137,Austin,SCHZ,1379400,SOUTHPARK,2155,0.23,4,1762,100,1761,1761,2655.27,2.83,104,0.01,0.02,0.03,0.35,8.18,18.18,3620.3,0,470.89,778.08,1.53,14.92,0,NaN,0,0.11,NaN,NaN,NaN,NaN,0,0,NaN,0,0,4757.07,NaN,1509.29,NaN,NaN,0,NaN,0,NaN,NaN,NaN,NaN,0,0,0,0,0,0,0,892,3778.82,0
10/07/2025,04,5GNR,Central Texas,137,Austin,SCHZ,1379400,SOUTHPARK,3155,0.45,12,2678,100,761,760,19041.59,2.68,209.72,0.45,0.96,2.21,1.06,7.98,14.96,13397.44,0.13,645.73,1939.52,3.31,10.59,0.13,NaN,0,0.19,0,NaN,0,0,17,0,0,17,0,7296.59,701.37,1468.19,3132.09,272.72,0,0,0.03,NaN,1052.16,NaN,30.29,252.52,1.8,0,0,0,0,0,3758,17569.61,0
10/07/2025,04,5GNR,Central Texas,137,Austin,SCHZ,1379400,SOUTH_LAMAR,2162,0,0,188,100,191,189,119.24,0.2,26.65,0,0.01,0.06,2.08,8.09,9.3,10.34,1.05,0.67,12.88,0.08,0.64,0.12,NaN,0,0,NaN,NaN,NaN,NaN,0,0,NaN,0,0,NaN,NaN,NaN,NaN,NaN,0,NaN,0,NaN,NaN,NaN,NaN,0,0,0,0,0,0.23,2,874,117.68,0
10/07/2025,04,5GNR,Central Texas,137,Austin,SCHZ,1379400,SOUTH_LAMAR,3162,1.6,76,4743,100,4397,4396,28675.79,3.19,172.73,0.8,1.15,2.08,0.23,7.87,17.57,18075.16,0.02,921.85,3936.57,6.78,10.57,0.09,NaN,0,0.05,NaN,NaN,NaN,NaN,0,0,NaN,0,0,5500,41000,41000,0,NaN,0,0,0,NaN,NaN,NaN,NaN,0,0,0,0,0,0,0,2153,28521.3,0
10/07/2025,04,5GNR,Central Texas,137,Austin,SCHZ,1379400,SOUTH_SHORE,2261,0,0,29,100,20,20,614.06,0.69,59.53,0,0.01,0.06,0.29,8.69,11.63,197.58,0,8.47,33.18,0.13,1.91,0.28,NaN,0,0,NaN,NaN,NaN,0,2,0,0,2,0,3007.69,2020.41,1007.69,1633.33,0,0,0,0,NaN,215.38,NaN,0,0.01,0.01,0,0,0,0,0,757,548.35,0
10/07/2025,04,5GNR,Central Texas,137,Austin,SCHZ,1379400,SOUTH_SHORE,3261,0.54,4,746,100,622,622,11913.69,1.6,229.28,0.25,0.58,1.83,0.26,7.78,15.99,7448.69,0,371.92,609.01,0.9,7.22,0,NaN,0,0.32,NaN,NaN,NaN,0,3,0,0,3,0,6219.18,1293.1,1342.47,1256.76,NaN,0,0,0,NaN,0,NaN,0,0.01,0.01,0,0,0,0,0,1268,11805.26,0
10/07/2025,04,5GNR,Central Texas,137,Austin,SCHZ,1379400,SPRINGDALE,2051,0.68,1,147,100,142,142,1545.77,1.67,54.06,0,0.01,0.03,0.2,7.65,9.76,1114.32,0,85.42,155.23,0.71,5.59,0.09,NaN,0,0.24,NaN,NaN,NaN,NaN,0,0,NaN,0,0,NaN,NaN,NaN,NaN,NaN,0,NaN,0,NaN,NaN,NaN,NaN,0,0,0,0,0,0.08,1,1205,1307.67,0
10/07/2025,04,5GNR,Central Texas,137,Austin,SCHZ,1379400,SPRINGDALE,3051,0.42,14,3367,100,2399,2399,15546.01,2.54,145.79,0.64,1.14,2.52,0.55,7.57,14.98,12630.04,0,1404.23,2112.39,3.54,9.15,0,NaN,0,0.13,NaN,NaN,NaN,NaN,0,0,NaN,0,0,NaN,NaN,NaN,NaN,NaN,0,NaN,0,NaN,NaN,NaN,NaN,0,0,0,0,0,0,0,1537,15670.1,0
10/07/2025,04,5GNR,Central Texas,137,Austin,SCHZ,1379400,STERZING,3681,0.45,1,224,100,169,169,789.57,0.16,30.76,0,0,0.04,0,6.94,14.16,757.09,0,51.29,72.65,0.12,4.36,0,NaN,0,0,NaN,NaN,NaN,NaN,0,0,NaN,0,0,NaN,NaN,NaN,NaN,NaN,0,NaN,0,NaN,NaN,NaN,NaN,0,0,0,0,0,0,0,8,765.02,0
10/07/2025,04,5GNR,Central Texas,137,Austin,SCHZ,1379400,STERZING,3682,20,4,20,100,11,11,15.2,0.01,0,0,0,0.02,0,7.64,17.53,4.07,0,10.56,16.88,0.02,15.82,0,NaN,0,0,NaN,NaN,NaN,NaN,0,0,NaN,0,0,NaN,NaN,NaN,NaN,NaN,0,NaN,0,NaN,NaN,NaN,NaN,0,0,0,0,0,0,0,2,15.24,0
10/07/2025,04,5GNR,Central Texas,137,Austin,SCHZ,1379400,STERZING,3684,0.57,2,351,100,264,264,366.6,0.28,53.38,0,0.01,0.15,0,6.46,9.44,327.83,0,6.43,17.62,0.06,0.72,0,NaN,0,0,NaN,NaN,NaN,NaN,0,0,NaN,0,0,NaN,NaN,NaN,NaN,NaN,0,NaN,0,NaN,NaN,NaN,NaN,0,0,0,0,0,0,0,52,363.84,0
10/07/2025,04,5GNR,Central Texas,137,Austin,SCHZ,1379400,STERZING,3685,0.44,1,226,100,171,171,538.31,0.65,27.45,0,0,0.08,0,2.32,4.59,526.97,0,5.21,8.06,0.05,0.53,0,NaN,0,0,NaN,NaN,NaN,NaN,0,0,NaN,0,0,NaN,NaN,NaN,NaN,NaN,0,NaN,0,NaN,NaN,NaN,NaN,0,0,0,0,0,0,0,6,528.68,0
10/07/2025,04,5GNR,Central Texas,137,Austin,SCHZ,1379400,STERZING,3686,0.1,1,954,100,689,689,1461.62,0.22,114.74,0.03,0.22,1.38,0.09,7.94,20.75,821.28,0,114.67,209.71,0.32,6.07,0,NaN,0,0,NaN,NaN,NaN,NaN,0,0,NaN,0,0,NaN,NaN,NaN,NaN,NaN,0,NaN,0,NaN,NaN,NaN,NaN,0,0,0,0,0,0,0,167,1413.07,0
10/07/2025,04,5GNR,Central Texas,137,Austin,SCHZ,1379400,STUBBS,2348,0,0,25,100,25,25,129.34,0.27,43.07,0,0,0.06,1.78,8.37,11.32,2.37,0,1.47,14.24,0.06,1.28,0,NaN,0,0.42,NaN,NaN,NaN,NaN,0,0,NaN,0,0,NaN,NaN,NaN,NaN,NaN,0,NaN,0,NaN,NaN,NaN,NaN,0,0,0,0,0,0,0,390,75.54,0
10/07/2025,04,5GNR,Central Texas,137,Austin,SCHZ,1379400,STUBBS,3348,0.24,3,1259,100,521,521,5049.84,0.81,155.3,0.18,0.56,1.89,2.84,7.95,14.9,3765.03,0,266.42,425.03,1.35,2.57,0,100,0,0.07,NaN,NaN,NaN,0,6,0,0,6,0,6461.96,691.36,693.55,1226.19,NaN,0,0,0,NaN,0,NaN,0,0.01,0.01,0,0,0,0,0,1428,5045.55,0
10/07/2025,04,5GNR,Central Texas,137,Austin,SCHZ,1379400,ST_DAVIDS_REPL,2095,0,0,44,100,40,40,167.7,0.32,30.16,0,0,0.01,1.22,7.92,9.44,142.46,0,1.79,18.27,0.09,1.25,0,NaN,0,0.17,0,NaN,0,0,1,0,0,1,0,3097.56,2000,1000,1461.54,2.73,0,0,0,NaN,0,NaN,0,0.01,0.01,0,0,0,0.19,1,533,162.47,0
10/07/2025,04,5GNR,Central Texas,137,Austin,SCHZ,1379400,ST_DAVIDS_REPL,3095,0.75,9,1202,100,1049,1049,6570.95,1.03,200.16,0.22,1.04,3.23,0.81,7.8,15.29,6148.42,0,518.49,848.81,1.33,4.72,0,NaN,0,0,NaN,NaN,NaN,0,1,0,0,1,0,6163.79,640,603.45,4500,32.77,0,0,0,NaN,0,NaN,0,0.04,0.01,0,0,0,0,0,1473,6829,0
10/07/2025,04,5GNR,Central Texas,137,Austin,SCHZ,1379400,TARRYTOWN,2217,0.63,4,634,100,583,582,468.22,0.98,17.85,0.04,0.03,0.02,0,6.87,5.56,321.83,0.17,24.12,197.45,0.75,1.45,0.09,NaN,0,0,NaN,NaN,NaN,NaN,0,0,NaN,0,0,NaN,NaN,NaN,NaN,NaN,0,NaN,0,NaN,NaN,NaN,NaN,0,0,0,0,0,0,0,1147,472.33,0
10/07/2025,04,5GNR,Central Texas,137,Austin,SCHZ,1379400,TARRYTOWN,3217,0.61,10,1627,100,1101,1099,10070.05,1.94,83.09,0.41,0.77,1.76,0.91,7.53,12.86,8903,0.18,917.09,2209.54,4.05,9.57,0.33,NaN,0,0.27,0,NaN,0,0,1,0,0,1,0,7684.21,778.57,852.63,2240,NaN,0,0,0,NaN,0,NaN,0,0.02,0.02,0,0,0,0.09,1,1120,9894.28,0
10/07/2025,04,5GNR,Central Texas,137,Austin,SCHZ,1379400,TEXAS_ENGINEERING,2169,0.48,3,627,100,595,595,706.5,1.5,29.91,0.02,0.02,0.02,0.94,7.45,7.4,401.11,0,6.93,95.37,0.69,1.53,0.21,NaN,0,0.07,0,NaN,0,NaN,0,0,NaN,0,0,NaN,NaN,NaN,NaN,NaN,0,NaN,0,NaN,NaN,NaN,NaN,0,0,0,0,0,0.04,1,2478,672.5,0
10/07/2025,04,5GNR,Central Texas,137,Austin,SCHZ,1379400,TEXAS_ENGINEERING,3169,1.07,43,4013,100,3539,3536,21528.85,3.21,138.94,0.8,1.65,3.52,0.47,7.51,12.6,18129.78,0.08,1076.24,2160.49,5.53,2.31,0.04,NaN,0,0.13,NaN,NaN,NaN,0,2,0,0,2,0,6285.71,500,500,0,NaN,0,0,0,NaN,0,NaN,0,0,0,0,0,0,0,0,2374,21784.7,0
10/07/2025,04,5GNR,Central Texas,137,Austin,SCHZ,1379400,THE_BLOCK,2816,0,0,70,100,35,35,816.37,1.19,44.76,0,0,0.04,1.14,8.08,10.34,670.56,0,1.75,21.64,0.09,2.04,0,NaN,0,0,NaN,NaN,NaN,NaN,0,0,NaN,0,0,NaN,NaN,NaN,NaN,NaN,0,NaN,0,NaN,NaN,NaN,NaN,0,0,0,0,0,0,0,1035,744.28,0
10/07/2025,04,5GNR,Central Texas,137,Austin,SCHZ,1379400,THE_BLOCK,3816,0.38,11,2877,100,2680,2680,14003.85,3,92.4,0.2,0.28,0.47,0.75,7.41,13.65,8305.81,0,988.15,3155.12,4.85,6.55,0,NaN,0,0.07,NaN,NaN,NaN,0,3,0,0,3,0,7916.67,625,625,0,NaN,0,0,0,NaN,0,NaN,0,0,0,0,0,0,0.04,1,2835,14064.05,0
10/07/2025,04,5GNR,Central Texas,137,Austin,SCHZ,1379400,THE_DRAG,2345,0,0,22,100,22,22,170.08,0.58,34.5,0,0.01,0.02,3.77,6.87,5.33,95.67,0,0.61,64.57,0.59,1.26,13.19,NaN,0,0.24,NaN,NaN,NaN,0,1,0,0,1,0,3000,2000,1000,1714.29,0,0,0,0,NaN,136.36,NaN,0,0,0,0,0,0,0.1,1,1043,113.37,0
10/07/2025,04,5GNR,Central Texas,137,Austin,SCHZ,1379400,THE_DRAG,3345,0.3,5,1643,100,1411,1411,16815.44,4.57,110.59,0.15,0.76,1.76,0.58,7.28,13.46,12574.88,0,1950.7,4653.74,9.54,3.78,0.05,100,0,0.07,NaN,NaN,NaN,0,15,0,0,15,0,6520.26,644.61,644.75,3931.85,5.71,0.01,0,0.01,NaN,0,NaN,2.11,49.62,51.77,0,0,0,0.07,3,4128,16734.85,0
10/07/2025,04,5GNR,Central Texas,137,Austin,SCHZ,1379400,THE_QUARTERS,2346,0,0,43,100,38,38,341.95,0.9,61.32,0,0,0,2.74,6.64,12.3,156.89,0,1.38,114.35,0.48,1.46,4.36,NaN,0,0.08,NaN,NaN,NaN,0,2,0,0,2,0,3155.56,2771.43,1477.78,1761.9,0,0,0,0,NaN,0,NaN,0,0.01,0,0,0,0,0,0,1569,309.11,0
10/07/2025,04,5GNR,Central Texas,137,Austin,SCHZ,1379400,THE_QUARTERS,3346,0.12,2,1675,100,1292,1291,9762.16,2.73,87.96,0.08,0.08,0.1,1.42,7.27,11.85,7103.32,0.08,1172.2,1930.46,5.21,1.99,0.23,NaN,0,0.05,NaN,NaN,NaN,0,5,0,0,5,0,6981.1,909.86,1032.18,466.17,156.07,0,0,0,NaN,0,NaN,19.74,2.87,0.13,0,0,0,0,0,1978,9613.13,0
10/07/2025,04,5GNR,Central Texas,137,Austin,SCHZ,1379400,TODD_LANE,2067,1.67,1,60,100,51,51,364.7,0.49,47.78,0,0,0.02,0.35,8.42,10.3,10.67,0,0.5,28.16,0.12,1.34,0,NaN,0,0.11,NaN,NaN,NaN,NaN,0,0,NaN,0,0,NaN,NaN,NaN,NaN,NaN,0,NaN,0,NaN,NaN,NaN,NaN,0,0,0,0,0,0,0,834,513.81,0
10/07/2025,04,5GNR,Central Texas,137,Austin,SCHZ,1379400,TODD_LANE,3067,0.84,48,5689,100,3774,3774,32244.39,5.14,156.22,0.7,1.65,3.58,0.88,7.96,14.57,18513.24,0,950.02,1798.26,5.43,4.25,0.34,NaN,0,0.33,0,NaN,0,0,6,0,0,6,0,8049.89,647.47,679.52,1368.67,8.19,0,0,0,NaN,0,NaN,0,0.06,0.07,0,0,0,0,0,2500,31692.22,0
10/07/2025,04,5GNR,Central Texas,137,Austin,SCHZ,1379400,WESTGATE_CENTRAL_MARKET,3049,0.26,6,2294,100,1914,1913,7122.84,1.09,175.39,0.19,0.78,1.97,0.68,7.86,15.69,6203.81,0.05,334.9,917.69,2.39,5.55,0,NaN,0,0.11,0,NaN,0,0,1,0,0,1,0,9227.27,3818.18,3818.18,0,NaN,0,0,0,NaN,0,NaN,0,0,0,0,0,0,0,0,907,7216.14,0
10/07/2025,04,5GNR,Central Texas,137,Austin,SCHZ,1379400,WEST_AVENUE_REPL,2284,0,0,79,100,75,75,229.62,0.38,41.45,0,0,0.02,0.31,8.02,10.97,44.89,0,4.32,32.14,0.16,2.65,0,NaN,0,0,NaN,NaN,NaN,0,9,0,0,9,0,3096.43,2466.1,1208.05,3872,0,0,0,0,NaN,34.01,NaN,0,0.02,0.01,0,0,0,0,0,645,250.24,0
10/07/2025,04,5GNR,Central Texas,137,Austin,SCHZ,1379400,WEST_AVENUE_REPL,3284,1.95,12,614,100,531,531,5581.72,0.84,144.74,0.34,1.04,4.16,1.16,7.76,15.82,4790.13,0,125.55,630.68,0.73,23.94,0,100,0,0,NaN,NaN,NaN,0,1,0,0,1,0,6413.04,605.26,630.43,1791.67,NaN,0,0,0,NaN,0,NaN,0,0,0,0,0,0,0.1,1,958,5495.36,0
10/07/2025,04,5GNR,Central Texas,137,Austin,SCHZ,1379400,WEST_LYNN,3047,0.22,4,1829,100,1624,1624,6518.72,1.28,127.77,0.48,0.66,1.23,2.15,7.89,14.75,5198.29,0,807.52,1045.83,3.17,3.64,0,NaN,0,0,NaN,NaN,NaN,0,6,0,0,6,0,6630,738.64,760,1375,0,0,0,0,NaN,0,NaN,0,0.01,0,0,0,0,0,0,1074,6433.14,0
10/07/2025,04,5GNR,Central Texas,137,Austin,SCHZ,1379401,2222_MESA,2195,0.64,1,156,100,112,111,24.89,0.06,21.86,0,0,0.03,1.5,7.71,8.44,5.99,0.89,0.01,3.79,0.04,0.32,0,NaN,0,0,NaN,NaN,NaN,NaN,0,0,NaN,0,0,NaN,NaN,NaN,NaN,NaN,0,NaN,0,NaN,NaN,NaN,NaN,0,0,0,0,0,0,0,325,23.25,0
10/07/2025,04,5GNR,Central Texas,137,Austin,SCHZ,1379401,2222_MESA,3195,1.01,10,990,100,967,961,2087.84,0.36,138.27,0.1,0.22,0.58,0.96,7.84,14.31,2203.33,0.62,1112.21,1354.93,2.22,17.27,0,NaN,0,0,NaN,NaN,NaN,NaN,0,0,NaN,0,0,NaN,NaN,NaN,NaN,NaN,0,NaN,0,NaN,NaN,NaN,NaN,0,0,0,0,0,0,0,313,2237.83,0
10/07/2025,04,5GNR,Central Texas,137,Austin,SCHZ,1379401,ANDERSON_ARBOR,2297,0.78,5,637,100,510,509,9356.87,11.84,87.84,0.01,0.02,0.03,0.44,7.37,11.43,9738.16,0.2,130.84,267.42,1.05,1.74,0.22,NaN,0,0.13,NaN,NaN,NaN,NaN,0,0,NaN,0,0,NaN,NaN,NaN,NaN,NaN,0,NaN,0,NaN,NaN,NaN,NaN,0,0,0,0,0,0.14,2,1475,13595.44,0
10/07/2025,04,5GNR,Central Texas,137,Austin,SCHZ,1379401,ANDERSON_ARBOR,3297,1.23,58,4724,100,3384,3365,39345.58,6.4,187.71,0.64,1.5,3.62,0.48,7.58,14.97,26365.22,0.56,1777.99,3218.41,7.4,4.06,0.06,NaN,0,0.27,0,NaN,0,NaN,0,0,NaN,0,0,NaN,NaN,NaN,NaN,NaN,0,NaN,0,NaN,NaN,NaN,NaN,0,0,0,0,0,0,0,1534,34845.36,0
10/07/2025,04,5GNR,Central Texas,137,Austin,SCHZ,1379401,ANDERSON_MILL,2240,2.35,2,85,100,83,81,241.84,0.45,32.71,0,0,0.02,0.49,8.06,9.09,34.04,2.41,0.25,35.17,0.2,1.07,0.27,NaN,0,0.08,NaN,NaN,NaN,NaN,0,0,NaN,0,0,NaN,NaN,NaN,NaN,NaN,0,NaN,0,NaN,NaN,NaN,NaN,0,0,0,0,0,0.08,1,1222,233.33,0
10/07/2025,04,5GNR,Central Texas,137,Austin,SCHZ,1379401,ANDERSON_MILL,3240,0.67,16,2405,100,1944,1936,12936.03,1.62,134.02,0.32,0.92,2.46,1.08,7.75,14.67,10167.6,0.41,724.73,1017.79,2.09,3.49,0,NaN,0,0,NaN,NaN,NaN,0,6,0,0,6,0,6692.67,996.11,1177.45,1615.38,483.33,0,0,0,NaN,0,NaN,10.61,1.09,0.07,0,0,0,0,0,860,12771.35,0
10/07/2025,04,5GNR,Central Texas,137,Austin,SCHZ,1379401,ANDERSON_MILL_WEST,2774,0,0,16,100,14,14,88.54,0.15,36.6,0,0,0.01,0.31,7.89,8.64,9.48,0,0.01,13.52,0.07,1.55,0,NaN,0,0.19,NaN,NaN,NaN,NaN,0,0,NaN,0,0,NaN,NaN,NaN,NaN,NaN,0,NaN,0,NaN,NaN,NaN,NaN,0,0,0,0,0,0,0,503,78.83,0
10/07/2025,04,5GNR,Central Texas,137,Austin,SCHZ,1379401,ANDERSON_MILL_WEST,3774,0.53,5,943,100,732,730,9475.55,1.88,197.11,0.41,1.43,4.18,0.82,7.64,15.66,9493.18,0.27,413.37,611.34,1.29,3.68,0,NaN,0,0.11,NaN,NaN,NaN,NaN,0,0,NaN,0,0,NaN,NaN,NaN,NaN,NaN,0,NaN,0,NaN,NaN,NaN,NaN,0,0,0,0,0,0,0,972,9705.56,0
10/07/2025,04,5GNR,Central Texas,137,Austin,SCHZ,1379401,AVERY_RANCH,2238,1.08,2,186,100,179,177,171.6,0.17,36.37,0,0.01,0.04,0.46,8.63,9.16,26.53,1.12,1.33,33.32,0.1,0.85,0,NaN,0,0,NaN,NaN,NaN,NaN,0,0,NaN,0,0,NaN,NaN,NaN,NaN,NaN,0,NaN,0,NaN,NaN,NaN,NaN,0,0,0,0,0,0,0,1248,163.43,0
10/07/2025,04,5GNR,Central Texas,137,Austin,SCHZ,1379401,AVERY_RANCH,3238,0.84,11,1304,100,1151,1145,8413.82,1.22,135.12,0.41,0.92,2.57,0.28,7.57,13.26,6661.55,0.52,1626.4,2142.51,4.09,9.56,0,NaN,0,0.44,NaN,NaN,NaN,0,5,0,0,5,0,7560.48,1066.1,1218.5,871.43,16.38,0,0,0,NaN,0,NaN,0,0.18,0.07,0,0,0,0,0,467,8257.88,0
10/07/2025,04,5GNR,Central Texas,137,Austin,SCHZ,1379401,BALCONES,3201,1.06,32,3008,100,2506,2493,16175.03,3.36,134.82,0.49,0.9,1.81,1.34,7.89,14.73,13879.02,0.52,425.15,823.06,1.69,2.45,0.13,NaN,0,0,0,NaN,0,0,12,0,0,12,0,7802.8,762.32,925.09,2812.99,133.41,0,0,0,NaN,1074.61,NaN,16.81,2.31,0.44,0,0,0,0.05,1,2199,15954.47,0
10/07/2025,04,5GNR,Central Texas,137,Austin,SCHZ,1379401,BALCONES_CLUB_STX,2764,0.3,1,331,100,287,286,1801.79,1.87,27.26,0.01,0.01,0.01,0.47,7.49,8.59,95.09,0.35,13.2,80.94,0.45,0.56,0,NaN,0,0.77,NaN,NaN,NaN,NaN,0,0,NaN,0,0,NaN,NaN,NaN,NaN,NaN,0,NaN,0,NaN,NaN,NaN,NaN,0,0,0,0,0,0.14,1,713,2698.67,0
10/07/2025,04,5GNR,Central Texas,137,Austin,SCHZ,1379401,BALCONES_CLUB_STX,3764,4.4,150,3406,100,2453,2443,23675.04,5.88,86.26,1.03,1.61,3.18,1.24,7.68,13.93,20870.2,0.41,1759.57,2859.01,6.1,5.65,1.98,NaN,0,0,0,NaN,0,NaN,0,0,NaN,0,0,12166.67,500,500,0,NaN,0,0,0,NaN,0,NaN,NaN,0,0,0,0,0,0.18,2,1082,22844.02,0
10/07/2025,04,5GNR,Central Texas,137,Austin,SCHZ,1379401,BALCONES_WOODS,2053,3.39,2,59,100,13,13,110.84,0.23,29.82,0,0,0,0.61,8.53,10.09,82.28,0,0.48,13.83,0.05,1.97,0,NaN,0,0,NaN,NaN,NaN,0,3,0,0,3,0,3039.11,1994.01,997.21,735.63,0,0,0,0,NaN,0,NaN,0,0.01,0.01,0,0,0,0.27,1,364,109.71,0
10/07/2025,04,5GNR,Central Texas,137,Austin,SCHZ,1379401,BALCONES_WOODS,3053,0.91,14,1537,100,1054,1048,4122.73,0.71,202.71,0.08,0.33,1.47,1.26,7.88,15.2,2155.41,0.57,100.69,231.84,0.46,2.71,0.34,NaN,0,0.24,0,NaN,0,NaN,0,0,NaN,0,0,6500,1500,2750,0,NaN,0,0,0,NaN,NaN,NaN,NaN,0,0,0,0,0,0,0,860,4060.33,0
10/07/2025,04,5GNR,Central Texas,137,Austin,SCHZ,1379401,BEE_CAVES,3084,0.53,5,940,100,746,743,3566.92,0.61,204.89,0.14,0.41,1.44,0.16,7.79,14.27,3368.91,0.4,185.86,284.58,0.66,1.68,0,NaN,0,0,NaN,NaN,NaN,NaN,0,0,NaN,0,0,NaN,NaN,NaN,NaN,NaN,0,NaN,0,NaN,NaN,NaN,NaN,0,0,0,0,0,0.19,1,524,3503.36,0
10/07/2025,04,5GNR,Central Texas,137,Austin,SCHZ,1379401,BELL,2213,1.65,4,243,100,169,164,2846.88,3.62,47.85,0.01,0.05,0.11,0.48,8.37,10.56,1132.07,2.96,39.35,242.42,1.02,2.32,0.04,NaN,0,0.1,NaN,NaN,NaN,0,1,0,0,1,0,3000,2000,1000,NaN,NaN,0,0,0,NaN,0,NaN,NaN,0,0,0,0,0,0,0,2867,2972.61,0
10/07/2025,04,5GNR,Central Texas,137,Austin,SCHZ,1379401,BELL,3213,0.37,7,1882,100,1650,1643,31554.17,3.19,282.85,0.74,1.05,2.11,0.56,7.65,15.13,28861.97,0.42,1312.11,1800.54,3.15,10.46,0,NaN,0,0,NaN,NaN,NaN,NaN,0,0,NaN,0,0,NaN,NaN,NaN,NaN,NaN,0,NaN,0,NaN,NaN,NaN,NaN,0,0,0,0,0,0,0,793,30786.71,0
10/07/2025,04,5GNR,Central Texas,137,Austin,SCHZ,1379401,BELL_MOUNTAIN,2085,0,0,8,100,7,7,3.86,0.02,6.85,0,0,0.08,3.24,9.21,11.06,0.79,0,0.06,1.96,0.02,0.65,0,NaN,0,0,NaN,NaN,NaN,NaN,0,0,NaN,0,0,NaN,NaN,NaN,NaN,NaN,0,NaN,0,NaN,NaN,NaN,NaN,0,0,0,0,0,0,0,139,2.69,0
10/07/2025,04,5GNR,Central Texas,137,Austin,SCHZ,1379401,BELL_MOUNTAIN,3085,1.03,4,389,100,280,280,6490.92,1.24,131.19,0.29,1.22,6.78,0.29,7.68,14.17,351.07,0,89.11,192.14,0.49,7.97,0,NaN,0,0.35,0,NaN,0,0,1,0,0,1,0,6608.7,613.64,608.7,1250,NaN,0,0,0,NaN,0,NaN,0,0,0,0,0,0,0,0,291,6403.72,0
10/07/2025,04,5GNR,Central Texas,137,Austin,SCHZ,1379401,BELL_MOUNTAIN_WEST,3885,3.45,1,29,100,22,21,30.88,0.02,199.52,0.01,0.04,2.2,1.09,9.26,16.69,30.26,4.55,2.32,3.42,0.02,1.99,0,NaN,0,3.03,NaN,NaN,NaN,NaN,0,0,NaN,0,0,NaN,NaN,NaN,NaN,NaN,0,NaN,0,NaN,NaN,NaN,NaN,0,0,0,0,0,0,0,32,30.32,0
10/07/2025,04,5GNR,Central Texas,137,Austin,SCHZ,1379401,BIG_DAVES_WT,2200,2.9,2,69,100,39,39,527.59,0.78,41.49,0,0,0.02,0.2,8.83,11.24,172.85,0,47.1,123.29,0.4,4.43,0.2,NaN,0,0,NaN,NaN,NaN,0,2,0,0,2,0,3032.14,3312.5,1637.81,2413.64,17.16,0,0,0,NaN,902.53,NaN,101.85,0.17,0.12,0,0,0,0.19,2,1030,659.7,0
10/07/2025,04,5GNR,Central Texas,137,Austin,SCHZ,1379401,BIG_DAVES_WT,3200,1.41,37,2616,100,2083,2073,32005.47,4.68,166.89,0.67,1.27,2.8,3.56,7.47,12.45,30399.01,0.48,1553.76,1991.85,4.96,5.62,0.08,NaN,0,0.09,NaN,NaN,NaN,0,3,0,0,3,0,6985.8,840.91,946.02,3990.2,53.25,0,0,0,NaN,394.12,NaN,20.2,0.04,0.15,0,0,0,0,0,1195,31750.86,0
10/07/2025,04,5GNR,Central Texas,137,Austin,SCHZ,1379401,BLOCKHOUSE,2103,0,0,83,100,65,65,650.83,1.3,38.07,0,0.01,0.01,0.73,7.91,9.41,86.25,0,18.51,93.18,0.4,1.58,0.24,NaN,0,0.16,0,NaN,0,NaN,0,0,NaN,0,0,NaN,NaN,NaN,NaN,NaN,0,NaN,0,NaN,NaN,NaN,NaN,0,0,0,0,0,0.06,1,1763,749.8,0
10/07/2025,04,5GNR,Central Texas,137,Austin,SCHZ,1379401,BLOCKHOUSE,3103,0.78,11,1404,100,1230,1222,29902.02,4.19,170.39,0.69,1.21,2.76,0.62,7.49,13.71,28516.47,0.65,2062.41,3570.22,5.7,12.42,0.1,NaN,0,0,NaN,NaN,NaN,NaN,0,0,NaN,0,0,NaN,NaN,NaN,NaN,NaN,0,NaN,0,NaN,NaN,NaN,NaN,0,0,0,0,0,0,0,917,29546.52,0
10/07/2025,04,5GNR,Central Texas,137,Austin,SCHZ,1379401,BOWEN_SMITH,2173,0,0,79,100,46,46,1419.5,2.02,23.68,0,0.01,0.03,3.46,7.68,9.29,116.83,0,1.34,72.26,0.3,1.78,1.41,NaN,0,0.18,NaN,NaN,NaN,0,6,0,0,6,0,3138.65,2007.3,1123.05,2180.53,16.91,0,0,0,NaN,3549.39,NaN,42.51,0.37,0.14,0,0,0,0.65,10,1536,1574.62,0
10/07/2025,04,5GNR,Central Texas,137,Austin,SCHZ,1379401,BOWEN_SMITH,3173,1.01,12,1191,100,912,908,11815.7,2.35,133.21,0.29,0.52,1.2,0.41,7.92,13.52,8467.02,0.44,1205.7,2356.91,7.82,6.1,0.05,NaN,0,0.11,NaN,NaN,NaN,0,5,0,0,5,0,7159.53,652.1,682.47,2745.29,37.32,0,0,0,NaN,62.5,NaN,946.57,0.45,0.34,0,0,0,0.11,2,1799,11461.36,0
10/07/2025,04,5GNR,Central Texas,137,Austin,SCHZ,1379401,BRIGHT_STAR_NVISTA,2938,0,0,55,100,43,43,260.54,0.32,48.82,0,0,0.03,0.46,8.09,10.11,70.13,0,1.75,15.5,0.09,1.48,0.49,NaN,0,0.8,0,NaN,0,NaN,0,0,NaN,0,0,NaN,NaN,NaN,NaN,NaN,0,NaN,0,NaN,NaN,NaN,NaN,0,0,0,0,0,0,0,453,248.41,0
10/07/2025,04,5GNR,Central Texas,137,Austin,SCHZ,1379401,BRIGHT_STAR_NVISTA,3938,2.91,38,1307,100,1128,1121,11305.98,2.95,279.19,0.49,1.28,3.67,0.5,7.9,13.92,10510.31,0.62,352.95,691.68,2.53,3.27,0.9,NaN,0,0.24,0,NaN,0,0,1,0,0,1,0,7371.17,695.35,714.29,1838.35,41.39,0,0,0,NaN,0,NaN,0,0.36,0.05,0,0,0,0.12,1,849,11083.53,0
10/07/2025,04,5GNR,Central Texas,137,Austin,SCHZ,1379401,CARLOS_N_CHARLIES,2105,0,0,1496,100,78,78,716.6,0.9,24.69,0,0.01,0.04,0.18,8.42,14.22,753.65,0,172.08,348.09,0.62,17.32,0,NaN,0,0,NaN,NaN,NaN,0,6,0,0,6,0,3019.42,2443.75,1202.9,2073.17,0,0,0,0,NaN,0,NaN,29.13,0.04,0.03,0,0,0,0,0,960,856.07,0
10/07/2025,04,5GNR,Central Texas,137,Austin,SCHZ,1379401,CARLOS_N_CHARLIES,3105,0.39,12,3039,100,1646,1636,13690.69,1.73,293.93,0.31,0.83,1.86,0.48,7.83,15.25,11113.6,0.61,653.01,1111.43,1.63,10.78,0,NaN,0,0,NaN,NaN,NaN,NaN,0,0,NaN,0,0,NaN,NaN,NaN,NaN,NaN,0,NaN,0,NaN,NaN,NaN,NaN,0,0,0,0,0,0,0,815,13348.2,0
10/07/2025,04,5GNR,Central Texas,137,Austin,SCHZ,1379401,CEDAR_PARK,2275,0.28,1,361,100,228,227,1390.33,1.76,53.41,0,0.01,0.02,0.53,8.53,10.42,797.16,0.44,14,74.84,0.31,1.97,0.08,NaN,0,0,NaN,NaN,NaN,NaN,0,0,NaN,0,0,NaN,NaN,NaN,NaN,NaN,0,NaN,0,NaN,NaN,NaN,NaN,0,0,0,0,0,0.07,1,1444,1351.38,0
10/07/2025,04,5GNR,Central Texas,137,Austin,SCHZ,1379401,CEDAR_PARK,3275,0.63,7,1111,100,762,756,26731.14,5.33,155.58,0.03,0.06,0.13,0.37,7.28,12.97,23822.31,0.79,3804.07,5705.91,9.72,23.7,0,NaN,0,0.18,0,NaN,0,0,2,0,0,2,0,9063.95,571.43,587.21,1294.74,NaN,0,0,0,NaN,156.86,NaN,0,0.01,0.01,0,0,0,0,0,1147,26431.06,0
10/07/2025,04,5GNR,Central Texas,137,Austin,SCHZ,1379401,COUGAR_COUNTRY,2293,1.1,1,91,100,46,45,180.98,0.33,44.75,0,0,0.03,0.58,8.01,11.16,28.3,2.17,6.49,29.5,0.12,2.02,0,NaN,0,0.11,NaN,NaN,NaN,NaN,0,0,NaN,0,0,NaN,NaN,NaN,NaN,NaN,0,NaN,0,NaN,NaN,NaN,NaN,0,0,0,0,0,0,0,787,102.31,0
10/07/2025,04,5GNR,Central Texas,137,Austin,SCHZ,1379401,COUGAR_COUNTRY,3293,0.97,20,2053,100,1745,1731,34886.07,4.68,186.34,0.74,0.77,0.84,1.61,7.55,13.34,33117.16,0.8,1693.12,2471.32,8.01,5.55,0.18,NaN,0,0.2,NaN,NaN,NaN,0,8,0,0,8,0,7779.26,770.98,851.39,1408.5,NaN,0,0,0,NaN,0,NaN,0,0.03,0.03,0,0,0,0,0,2066,35111.22,0
10/07/2025,04,5GNR,Central Texas,137,Austin,SCHZ,1379401,CRYSTAL_FALLS_PARKWAY,2003,12.88,59,458,100,123,122,83.76,0.2,44.74,0,0.01,0.06,1.42,9.01,10.74,24.48,0.81,0.89,24.22,0.15,1.41,0.29,NaN,0,0.09,NaN,NaN,NaN,0,2,0,0,2,0,3274.51,2342.11,1176.47,1340.91,0,0,0,0,NaN,0,NaN,0,0.01,0,0,0,0,0.45,5,1105,73.76,0
10/07/2025,04,5GNR,Central Texas,137,Austin,SCHZ,1379401,CRYSTAL_FALLS_PARKWAY,3003,2.12,51,2409,100,1263,1258,21585.19,2.69,133.84,0.52,1.21,2.71,0.47,7.53,13.71,20705.07,0.4,2664.16,3181.24,4.86,16.3,0,NaN,0,0,NaN,NaN,NaN,0,1,0,0,1,0,8000,1000,1000,0,NaN,0,0,0,NaN,0,NaN,0,0,0,0,0,0,0,0,479,21889.91,0
10/07/2025,04,5GNR,Central Texas,137,Austin,SCHZ,1379401,CUERNAVACA,2322,0.94,3,318,100,201,198,1599.18,2.22,27.91,0,0.01,0.01,0.49,7.6,11.8,1781.05,1.49,13.76,69.2,0.31,1.11,0.22,NaN,0,0.07,NaN,NaN,NaN,0,3,0,0,3,0,3219.78,2323.94,1156.25,1476.19,0,0,0,0,NaN,0,NaN,0,0.01,0.01,0,0,0,0.56,8,1439,2729.31,0
10/07/2025,04,5GNR,Central Texas,137,Austin,SCHZ,1379401,CUERNAVACA,3322,0.61,8,1321,100,1126,1118,44717.88,5.3,60.67,1.05,1.81,3.95,0.3,7.35,16.74,42559.07,0.71,4529.36,5943.6,9.14,18.11,0.15,NaN,0,0.35,NaN,NaN,NaN,NaN,0,0,NaN,0,0,NaN,NaN,NaN,NaN,NaN,0,NaN,0,NaN,NaN,NaN,NaN,0,0,0,0,0,0,0,588,43100.85,0
10/07/2025,04,5GNR,Central Texas,137,Austin,SCHZ,1379401,FAR_WEST,2236,2.25,4,178,100,173,170,290.44,0.76,23.77,0,0.01,0.02,0,7.57,10.69,267.57,1.73,16.09,40.64,0.17,0.74,0,NaN,0,0,NaN,NaN,NaN,0,6,0,0,6,0,3050,2855.61,2864.29,2321.84,4.68,0,0,0,NaN,421.05,NaN,209.92,0.27,0.05,0,0,0,0,0,933,288.56,0
10/07/2025,04,5GNR,Central Texas,137,Austin,SCHZ,1379401,FAR_WEST,3236,1.62,6,371,100,356,356,2847.43,0.62,174.12,0,0,0.05,0,7.03,12.68,2797.95,0,39.62,59.08,0.13,2.8,0,NaN,0,0,NaN,NaN,NaN,NaN,0,0,NaN,0,0,NaN,NaN,NaN,NaN,NaN,0,NaN,0,NaN,NaN,NaN,NaN,0,0,0,0,0,0,0,101,2804.58,0
10/07/2025,04,5GNR,Central Texas,137,Austin,SCHZ,1379401,FOUR_POINTS_REPL,2198,26.57,72,271,100,73,72,123.73,0.33,30.74,0,0.01,0.03,0.29,8.3,10.2,74.73,1.37,0.56,23.65,0.12,1.23,0,NaN,0,0.14,NaN,NaN,NaN,0,2,0,0,2,0,3152.01,2121.08,1073.26,1935.48,0.68,0,0,0,NaN,487.08,NaN,0,0.05,0.04,0,0,0,0,0,1389,131.74,0
10/07/2025,04,5GNR,Central Texas,137,Austin,SCHZ,1379401,FOUR_POINTS_REPL,3198,1.03,24,2338,100,1635,1629,27550.91,4.17,207.59,0.48,1.36,3.57,0.62,7.47,11.76,27852.65,0.37,1009.93,1367.68,5.45,3.54,0.32,NaN,0,0,0,NaN,0,0,1,0,0,1,0,6935.53,684.66,687.43,3484.19,10.92,0,0,0,NaN,177.64,NaN,3.49,0.9,0.41,0,0,0,0,0,808,28421.55,0
10/07/2025,04,5GNR,Central Texas,137,Austin,SCHZ,1379401,GRANDMESA_STX,2738,0.45,1,222,100,180,180,1491.41,2.18,37.39,0,0.01,0.03,0.55,8.69,10.79,219.73,0,129.01,322.24,0.97,5.52,0,NaN,0,0.07,0,NaN,0,NaN,0,0,NaN,0,0,NaN,NaN,NaN,NaN,NaN,0,NaN,0,NaN,NaN,NaN,NaN,0,0,0,0,0,0,0,2799,4530.24,0
10/07/2025,04,5GNR,Central Texas,137,Austin,SCHZ,1379401,GRANDMESA_STX,3738,2.13,97,4557,100,3739,3710,54175.65,8.32,178.74,1.07,1.79,3.48,0.42,7.6,11.59,44035.4,0.78,4207.07,7079.41,19.98,3.61,0.33,NaN,0,0.16,0,NaN,0,0,2,0,0,2,0,7770.83,642.86,625,1404.04,NaN,0,0,0,NaN,0,NaN,0,0.02,0.02,0,0,0,0.03,1,3120,50679.21,0
10/07/2025,04,5GNR,Central Texas,137,Austin,SCHZ,1379401,GREAT_HILLS,2202,0.18,1,568,100,151,151,1148.6,1.31,68.46,0,0.01,0.04,0.63,8.65,13.87,1006.99,0,23.34,83.17,0.26,1.68,0,NaN,0,0.14,0,NaN,0,0,4,0,0,4,0,3013.51,2262.3,1157.89,3115.94,0,0,0,0,NaN,0,NaN,14.71,0.01,0.01,0,0,0,0.07,1,1405,1185.58,0
10/07/2025,04,5GNR,Central Texas,137,Austin,SCHZ,1379401,GREAT_HILLS,3202,0.67,21,3146,100,2219,2206,23857.39,4.38,229.56,0.86,1.8,4.4,0.68,7.7,17.55,23621.62,0.59,1984.3,6853.87,7.78,21.36,0.05,NaN,0,0.14,0,NaN,0,0,3,0,0,3,0,8055.56,641.3,736.11,1682.54,131.07,0,0,0,NaN,0,NaN,0,0.03,0.02,0,0,0,0,0,2109,24790.5,0
10/07/2025,04,5GNR,Central Texas,137,Austin,SCHZ,1379401,GREENBELT,2807,0,0,15,100,12,12,69,0.08,30.58,0,0,0.02,0.44,8.01,11.39,1.97,0,0.64,6.41,0.03,1.24,0,NaN,0,0,NaN,NaN,NaN,NaN,0,0,NaN,0,0,NaN,NaN,NaN,NaN,NaN,0,NaN,0,NaN,NaN,NaN,NaN,0,0,0,0,0,0.61,1,164,66.92,0
10/07/2025,04,5GNR,Central Texas,137,Austin,SCHZ,1379401,GREENBELT,3807,1.08,3,278,100,197,197,702.68,0.12,197.77,0,0.04,0.11,0.72,8.2,12.48,290.13,0,25.82,205.84,0.49,1.35,0.44,NaN,0,0.51,NaN,NaN,NaN,0,1,0,0,1,0,7800,1400,1400,0,NaN,0,0,0,NaN,0,NaN,0,0,0,0,0,0,0,0,200,679.69,0
10/07/2025,04,5GNR,Central Texas,137,Austin,SCHZ,1379401,HUDSON_BEND_ATX,3994,0.8,11,1382,100,1143,1138,7238.8,1.39,219.58,0.12,0.61,1.69,0.65,7.46,13.88,5852.34,0.44,1216.34,1426.31,3.33,7.45,0.15,NaN,0,0.16,NaN,NaN,NaN,NaN,0,0,NaN,0,0,NaN,NaN,NaN,NaN,NaN,0,NaN,0,NaN,NaN,NaN,NaN,0,0,0,0,0,0,0,633,6980.14,0
10/07/2025,04,5GNR,Central Texas,137,Austin,SCHZ,1379401,JOLLYVILLE,2081,0,0,33,100,32,32,180.12,0.33,23.66,0,0.01,0.02,0.42,8.55,8.7,25.01,0,1.12,27.65,0.13,0.77,0.16,NaN,0,0.14,NaN,NaN,NaN,0,11,0,0,11,0,3172.58,2331.1,1381.66,2376.71,13.92,0,0,0,NaN,1209.94,NaN,6.29,0.24,0.07,0,0,0,0,0,682,129.92,0
10/07/2025,04,5GNR,Central Texas,137,Austin,SCHZ,1379401,JOLLYVILLE,3081,0.71,25,3502,100,2584,2579,46118.01,6.7,169.54,0.91,1.93,4.78,0.63,7.66,13.44,33513.41,0.19,1325.54,2227.77,5.47,2.89,0.03,NaN,0,0.14,0,NaN,0,0,1,0,0,1,0,7500,666.67,666.67,0,NaN,0,0,0,NaN,0,NaN,0,0,0,0,0,0,0,0,2874,46308.25,0
10/07/2025,04,5GNR,Central Texas,137,Austin,SCHZ,1379401,JONESTOWN,2214,0.74,13,1750,100,1684,1674,994.12,1.36,29.71,0.01,0.03,0.11,0.45,8.19,9.28,541.76,0.59,1.13,33.01,0.15,1.12,0.09,NaN,0,0.08,NaN,NaN,NaN,NaN,0,0,NaN,0,0,NaN,NaN,NaN,NaN,NaN,0,NaN,0,NaN,NaN,NaN,NaN,0,0,0,0,0,0.49,6,1222,594.37,0
10/07/2025,04,5GNR,Central Texas,137,Austin,SCHZ,1379401,JONESTOWN,3214,1.12,23,2052,100,1666,1650,20404.78,2.73,130.53,0.71,1.36,2.94,0.54,7.64,11.51,18079.73,0.96,2255.9,2608.88,5.67,11.53,0,NaN,0,0.27,NaN,NaN,NaN,NaN,0,0,NaN,0,0,NaN,NaN,NaN,NaN,NaN,0,NaN,0,NaN,NaN,NaN,NaN,0,0,0,0,0,0,0,744,20720.46,0
10/07/2025,04,5GNR,Central Texas,137,Austin,SCHZ,1379401,LAGO_VISTA,2210,0,0,1740,100,137,137,1340.48,1.67,47.87,0,0.01,0.03,0.79,8.51,12.12,592.86,0,33.98,87.32,0.31,2.33,0.17,NaN,0,0.14,NaN,NaN,NaN,NaN,0,0,NaN,0,0,NaN,NaN,NaN,NaN,NaN,0,NaN,0,NaN,NaN,NaN,NaN,0,0,0,0,0,0,0,1271,1725.02,0
10/07/2025,04,5GNR,Central Texas,137,Austin,SCHZ,1379401,LAGO_VISTA,3210,0.67,37,5531,100,2442,2429,43234.29,5.6,149.51,1.02,1.9,4.3,0.41,7.48,12,29064.29,0.53,1389.94,2302.77,8.16,4.98,0.36,NaN,0,0.61,0,NaN,0,0,1,0,0,1,0,6225,600,575,1350,NaN,0,0,0,NaN,0,NaN,0,0,0,0,0,0,0,0,1028,42347.39,0
10/07/2025,04,5GNR,Central Texas,137,Austin,SCHZ,1379401,LAKELINE,2241,0.52,4,768,100,311,308,1545.98,2.74,30.42,0.01,0.02,0.03,0.35,8.37,10.51,419.68,0.96,12.63,177.54,0.68,1.57,0,NaN,0,0.05,0,NaN,0,0,4,0,0,4,0,3313.64,2012.5,1004.39,1568.18,0,0,0,0,NaN,0,NaN,0,0.04,0.01,0,0,0,0.19,7,3735,3141.15,0
10/07/2025,04,5GNR,Central Texas,137,Austin,SCHZ,1379401,LAKELINE,3241,0.81,20,2467,100,1937,1929,33378.18,6.28,162.83,0,0.03,0.09,0.53,7.6,14.1,30029.11,0.41,2327.39,3423.7,7.31,7.29,0,NaN,0,0.21,NaN,NaN,NaN,NaN,0,0,NaN,0,0,NaN,NaN,NaN,NaN,NaN,0,NaN,0,NaN,NaN,NaN,NaN,0,0,0,0,0,0.07,1,1423,32090.76,0
10/07/2025,04,5GNR,Central Texas,137,Austin,SCHZ,1379401,LAKEWAY,2022,0.74,1,135,100,83,83,488.07,1.08,22.5,0,0.01,0.02,0,7.1,7.75,209.9,0,270.81,431.39,1.77,2.93,0.49,NaN,0,0.29,0,NaN,0,0,2,0,0,2,0,3000,2000,1000,0,NaN,0,0,0,NaN,0,NaN,0,0,0,0,0,0,0.12,2,1682,490.34,0
10/07/2025,04,5GNR,Central Texas,137,Austin,SCHZ,1379401,LAKEWAY,3022,0,0,329,100,283,283,2586.02,0.77,171.31,0,0,0.02,0,7.18,8.02,2477.51,0,75.09,105.96,0.35,1.24,0,NaN,0,0,0,NaN,0,NaN,0,0,NaN,0,0,NaN,NaN,NaN,NaN,NaN,0,NaN,0,NaN,NaN,NaN,NaN,0,0,0,0,0,0,0,121,2553.78,0
10/07/2025,04,5GNR,Central Texas,137,Austin,SCHZ,1379401,LAKEWAY_MEDICAL,2757,1.37,1,73,100,69,68,282,0.33,50.42,0,0,0,0.44,8.53,12.66,120.91,1.45,13.11,36.26,0.1,3.46,0,NaN,0,0,NaN,NaN,NaN,NaN,0,0,NaN,0,0,NaN,NaN,NaN,NaN,NaN,0,NaN,0,NaN,NaN,NaN,NaN,0,0,0,0,0,0.63,3,477,360.89,0
10/07/2025,04,5GNR,Central Texas,137,Austin,SCHZ,1379401,LAKEWAY_MEDICAL,3757,0.75,5,667,100,459,455,11518.37,1.39,143.05,0.56,0.56,0.58,0.6,7.56,14.97,3521.69,0.87,453.15,730.87,1.17,5.23,0,NaN,0,0,NaN,NaN,NaN,0,4,0,0,4,0,6255.73,574.77,614.5,5269.23,NaN,0,0,0,NaN,0,NaN,0,0.02,0.01,0,0,0,0,0,787,11221.43,0
10/07/2025,04,5GNR,Central Texas,137,Austin,SCHZ,1379401,LAKE_CREEK_PARKWAY,2320,0.31,1,323,100,239,238,712.59,1.83,21.52,0.36,0.29,0.06,1.29,7.79,6.22,504.15,0.42,19.53,64.29,0.75,1.61,0.46,NaN,0,0.11,0,NaN,0,NaN,0,0,NaN,0,0,NaN,NaN,NaN,NaN,NaN,0,NaN,0,NaN,NaN,NaN,NaN,0,0,0,0,0,0,0,888,701.01,0
10/07/2025,04,5GNR,Central Texas,137,Austin,SCHZ,1379401,LAKE_CREEK_PARKWAY,3320,0.53,16,3029,100,2543,2539,25514.57,3.69,154.83,0.69,1.15,2.36,0.59,7.56,17.5,22093.84,0.16,2370.51,3337.61,4.44,16.21,0,NaN,0,0.05,0,NaN,0,0,3,0,0,3,0,6881.82,738.89,777.27,3704.35,NaN,0,0,0,NaN,0,NaN,0,0.03,0.03,0,0,0,0,0,1977,25217.91,0
10/07/2025,04,5GNR,Central Texas,137,Austin,SCHZ,1379401,LAKE_TRAVIS_HIGH_SCHOOL,2179,0,0,140,100,130,126,151.29,0.43,28.21,0,0.01,0.02,0.53,8.11,11.04,84.21,3.08,13.52,64.15,0.25,1.16,0.07,NaN,0,0,NaN,NaN,NaN,0,3,0,0,3,0,3025.42,1978.72,991.53,1507.69,0,0,0,0,NaN,0,NaN,46.15,0.01,0.01,0,0,0,0.14,2,1400,254.46,0
10/07/2025,04,5GNR,Central Texas,137,Austin,SCHZ,1379401,LAKE_TRAVIS_HIGH_SCHOOL,3179,1.79,19,1061,100,882,874,6861.45,1.44,52.21,0.62,1.73,3.97,0.21,7.47,11.21,6423.14,0.91,932.61,2370.18,6.29,4.04,0.37,NaN,0,0.13,NaN,NaN,NaN,NaN,0,0,NaN,0,0,NaN,NaN,NaN,NaN,NaN,0,NaN,0,NaN,NaN,NaN,NaN,0,0,0,0,0,0,0,751,6625.82,0
10/07/2025,04,5GNR,Central Texas,137,Austin,SCHZ,1379401,LAS_CIMAS,2901,0,0,122,100,122,122,112.14,0.13,41.77,0,0,0.04,0.37,9.26,13.56,106.8,0,28.35,34,0.11,14.06,0,NaN,0,0,NaN,NaN,NaN,NaN,0,0,NaN,0,0,NaN,NaN,NaN,NaN,NaN,0,NaN,0,NaN,NaN,NaN,NaN,0,0,0,0,0,0,0,133,110.56,0
10/07/2025,04,5GNR,Central Texas,137,Austin,SCHZ,1379401,LCRA_HEADQUARTERS,2172,0.42,1,239,100,240,238,51.29,0.15,14.9,0,0,0.02,0.47,8.04,8.01,6.86,0.83,0.05,25.84,0.16,0.93,0,NaN,0,0,NaN,NaN,NaN,0,3,0,0,3,0,3023.36,2000,1000,2510.87,0.91,0,0,0,NaN,0,NaN,0,0.01,0.01,0,0,0,0,0,773,48.59,0
10/07/2025,04,5GNR,Central Texas,137,Austin,SCHZ,1379401,LCRA_HEADQUARTERS,3172,1.25,4,320,100,301,298,1503.46,0.21,216.41,0.02,0.06,0.2,0.24,7.55,15.53,1381.7,1,414.32,561.05,1.24,1.39,0,NaN,0,0,NaN,NaN,NaN,NaN,0,0,NaN,0,0,NaN,NaN,NaN,NaN,NaN,0,NaN,0,NaN,NaN,NaN,NaN,0,0,0,0,0,0,0,80,1470.2,0
10/07/2025,04,5GNR,Central Texas,137,Austin,SCHZ,1379401,LCRA_MANSFIELD_DAM,2199,0,0,60,100,54,54,274.96,0.49,27.46,0,0,0.01,0.12,8.16,10.38,68.32,0,0.75,32.77,0.13,1.74,0,NaN,0,0,NaN,NaN,NaN,0,2,0,0,2,0,3000,2000,1000,0,0,0,0,0,NaN,NaN,NaN,NaN,0,0,0,0,0,0,0,1186,274.55,0
10/07/2025,04,5GNR,Central Texas,137,Austin,SCHZ,1379401,LCRA_MANSFIELD_DAM,3199,0.85,6,703,100,604,599,9395.61,1.33,210.94,0.2,0.72,2.01,0.84,7.45,13.51,8263.69,0.83,375.32,936.95,2.18,8.41,0,NaN,0,0.15,NaN,NaN,NaN,NaN,0,0,NaN,0,0,NaN,NaN,NaN,NaN,NaN,0,NaN,0,NaN,NaN,NaN,NaN,0,0,0,0,0,0,0,692,9312.96,0
10/07/2025,04,5GNR,Central Texas,137,Austin,SCHZ,1379401,LCRA_WATER_TANK,2178,5.4,59,1093,100,320,318,719.3,1.14,28.68,0,0.01,0.02,0.28,8,10.21,314.8,0.62,5.85,39.64,0.18,0.95,0,NaN,0,0,NaN,NaN,NaN,0,2,0,0,2,0,3088.46,1987.8,996.18,1753.85,3.28,0,0,0,NaN,76.34,NaN,0,0.04,0.03,0,0,0,0,0,1077,706.21,0
10/07/2025,04,5GNR,Central Texas,137,Austin,SCHZ,1379401,LCRA_WATER_TANK,3178,0.52,9,1732,100,739,733,5632.74,0.78,188.04,0.18,0.79,3.72,0.55,8.02,13.66,4371.82,0.81,110.36,201.06,0.48,1.99,0,NaN,0,0.87,NaN,NaN,NaN,NaN,0,0,NaN,0,0,NaN,NaN,NaN,NaN,NaN,0,NaN,0,NaN,NaN,NaN,NaN,0,0,0,0,0,0,0,232,5563.11,0
10/07/2025,04,5GNR,Central Texas,137,Austin,SCHZ,1379401,LIME_CREEK_ROAD,2303,0,0,73,100,62,62,2620.1,4.05,46.02,0,0,0.02,0.31,7.38,10.05,1054.95,0,9.55,29.04,0.13,0.74,0,NaN,0,0,NaN,NaN,NaN,NaN,0,0,NaN,0,0,NaN,NaN,NaN,NaN,NaN,0,NaN,0,NaN,NaN,NaN,NaN,0,0,0,0,0,0.49,2,409,3887.43,0
10/07/2025,04,5GNR,Central Texas,137,Austin,SCHZ,1379401,LIME_CREEK_ROAD,3303,1.01,28,2785,100,1338,1330,10557.91,2.73,128.43,0.28,0.87,2.5,1.82,7.37,12.91,9051.1,0.6,873.77,1077.73,2.62,4.42,0,NaN,0,0,NaN,NaN,NaN,NaN,0,0,NaN,0,0,NaN,NaN,NaN,NaN,NaN,0,NaN,0,NaN,NaN,NaN,NaN,0,0,0,0,0,0,0,403,9120.33,0
10/07/2025,04,5GNR,Central Texas,137,Austin,SCHZ,1379401,LOHMANS_CROSSING,2038,1.37,1,73,100,48,47,73.09,0.21,27.9,0,0.01,0.02,0.74,7.69,8.12,38.27,2.08,0.05,24.03,0.16,0.86,0,NaN,0,0,NaN,NaN,NaN,0,2,0,0,2,0,3100,2000,1000,500,NaN,0,0,0,NaN,0,NaN,0,0,0,0,0,0,0.1,1,994,68.29,0
10/07/2025,04,5GNR,Central Texas,137,Austin,SCHZ,1379401,LOHMANS_CROSSING,3038,0.72,12,1675,100,1315,1307,36695.62,4.26,199.75,0.46,0.84,1.88,0.94,7.48,15.85,12027.78,0.61,891.97,1643.47,2.63,6,0.27,NaN,0,0,0,NaN,0,NaN,0,0,NaN,0,0,22000,1000,1000,0,NaN,0,0,0,NaN,NaN,NaN,NaN,0,0,0,0,0,0,0,1394,36409.38,0
10/07/2025,04,5GNR,Central Texas,137,Austin,SCHZ,1379401,LOHMANS_FORD_WT,2106,0.06,1,1801,100,175,174,3112.8,4.2,45.3,0.01,0.03,0.08,0.59,7.51,11.33,2575.94,0.57,31.47,110.08,0.39,1.76,0.2,NaN,0,0.05,0,NaN,0,0,8,0,0,8,0,3002.23,2267.08,1146.93,3089.69,0.95,0,0,0,NaN,0,NaN,38.19,0.06,0.04,0,0,0,0.15,3,2058,3307.36,0
10/07/2025,04,5GNR,Central Texas,137,Austin,SCHZ,1379401,LOHMANS_FORD_WT,3106,0.17,7,4089,100,1251,1248,17614.58,2.4,198.57,0.68,1.16,2.31,0.35,7.45,14.05,17617.24,0.24,1044.96,1534.39,3.26,4.77,0,NaN,0,0,NaN,NaN,NaN,0,2,0,0,2,0,6102.94,534.48,529.41,2081.08,NaN,0,0,0,NaN,0,NaN,0,0,0,0,0,0,0,0,1010,18394.45,0
10/07/2025,04,5GNR,Central Texas,137,Austin,SCHZ,1379401,LOST_CREEK,2013,3.45,2,58,100,49,49,445.84,0.47,21.1,0,0,0.03,0.62,7.94,10.18,11.14,0,1.73,36.42,0.14,1.42,0.28,NaN,0,0.12,NaN,NaN,NaN,0,3,0,0,3,0,3030.61,2000,990,2094.34,0,0,0,0,NaN,0,NaN,50.63,0.01,0.01,0,0,0,0,0,779,639.17,0
10/07/2025,04,5GNR,Central Texas,137,Austin,SCHZ,1379401,LOST_CREEK,3013,0.63,9,1426,100,1177,1170,3181.07,0.5,129.16,0.18,0.99,3.51,0.9,7.91,12.62,2338.95,0.59,280.64,406.92,1.26,2.68,0.14,NaN,0,0.31,NaN,NaN,NaN,NaN,0,0,NaN,0,0,NaN,NaN,NaN,NaN,NaN,0,NaN,0,NaN,NaN,NaN,NaN,0,0,0,0,0,0,0,638,2928.58,0
10/07/2025,04,5GNR,Central Texas,137,Austin,SCHZ,1379401,LOST_HORIZON,2011,3.33,2,60,100,59,57,115.58,0.24,33.17,0,0,0.01,1.35,7.6,4.1,33.88,3.39,0.24,36.52,0.41,0.24,0.28,NaN,0,0.46,NaN,NaN,NaN,0,1,0,0,1,0,3055.56,2428.57,1153.06,10045.45,NaN,0,0,0,NaN,0,NaN,68.18,0.03,0,0,0,0,0,0,402,113.1,0
10/07/2025,04,5GNR,Central Texas,137,Austin,SCHZ,1379401,LOST_HORIZON,3011,6.67,1,15,100,16,16,354.71,0.07,184.96,0,0,0.01,0,7.17,10.02,349.6,0,17.95,25.12,0.04,4.04,1.85,NaN,0,0,NaN,NaN,NaN,NaN,0,0,NaN,0,0,NaN,NaN,NaN,NaN,NaN,0,NaN,0,NaN,NaN,NaN,NaN,0,0,0,0,0,0,0,25,349.69,0
10/07/2025,04,5GNR,Central Texas,137,Austin,SCHZ,1379401,MCNEIL,2076,0,0,116,100,69,69,258.32,0.47,30.19,0,0.01,0.03,0.56,7.91,6.42,62.66,0,0.39,28.01,0.19,0.71,0.14,NaN,0,0,NaN,NaN,NaN,0,7,0,0,7,0,3058.97,1989.01,994.97,4510.2,0,0,0,0,NaN,0,NaN,0,0.02,0.01,0,0,0,0.26,2,761,282.96,0
10/07/2025,04,5GNR,Central Texas,137,Austin,SCHZ,1379401,MCNEIL,3076,1.31,12,918,100,769,766,10661.05,1.31,212.4,0.4,0.81,1.98,0.11,7.52,10.82,7775.3,0.39,343.59,742.9,2.19,1.96,0.58,NaN,0,0,0,NaN,0,0,1,0,0,1,0,6888.43,651.96,702.48,1781.95,19.66,0,0,0,NaN,516.67,NaN,0,0.05,0.02,0,0,0,0,0,480,10517.91,0
10/07/2025,04,5GNR,Central Texas,137,Austin,SCHZ,1379401,MESA,2197,0.56,1,179,100,164,163,293.93,0.48,23.24,0,0,0.01,0.78,7.49,9.59,104.36,0.61,0.3,21.32,0.1,1.15,0.43,NaN,0,0,0,NaN,0,0,5,0,0,5,0,3478.26,2600,1362.07,1448.28,0,0,0,0,NaN,0,NaN,0,0.01,0,0,0,0,0,0,506,597.25,0
10/07/2025,04,5GNR,Central Texas,137,Austin,SCHZ,1379401,MESA,3197,3.9,131,3363,100,3055,3044,20891.2,2.53,208.65,1.34,1.27,1.13,0.36,7.57,13.4,19612.26,0.36,4072.09,5096.18,12.36,5.93,0.28,NaN,0,0.15,NaN,NaN,NaN,0,1,0,0,1,0,8101.06,604.17,579.79,1122.22,NaN,0,0,0,NaN,0,NaN,0,0.06,0.02,0,0,0,0,0,681,20353.16,0
10/07/2025,04,5GNR,Central Texas,137,Austin,SCHZ,1379401,NORTHLAND,2189,0.18,2,1137,100,70,69,30.15,0.1,14.95,0,0,0.03,0.34,8.25,7.9,5.58,1.43,0.23,12.06,0.07,0.53,0,NaN,0,0,NaN,NaN,NaN,0,1,0,0,1,0,3012.5,2000,1000,2818.18,0,0,0,0,NaN,0,NaN,0,0.01,0.01,0,0,0,0,0,530,64.35,0
10/07/2025,04,5GNR,Central Texas,137,Austin,SCHZ,1379401,NORTHLAND,3189,0.63,14,2205,100,1148,1142,4171.62,0.67,137.12,0.13,0.67,2.97,1,7.52,15.47,3407.76,0.52,205.93,344.78,0.6,3.41,0,NaN,0,0.27,NaN,NaN,NaN,0,1,0,0,1,0,5980,725,720,1360,NaN,0,0,0,NaN,0,NaN,0,0,0,0,0,0,0,0,375,4059.85,0
10/07/2025,04,5GNR,Central Texas,137,Austin,SCHZ,1379401,PACE_BEND_II,3115,10.37,154,1485,100,1306,1301,15018.48,3.22,158.4,0.48,1.07,2.64,0.34,7.5,10.81,14773.37,0.38,301.95,424.18,1.17,2.43,0,NaN,0,0,NaN,NaN,NaN,NaN,0,0,NaN,0,0,NaN,NaN,NaN,NaN,NaN,0,NaN,0,NaN,NaN,NaN,NaN,0,0,0,0,0,0,0,156,14867.48,0
10/07/2025,04,5GNR,Central Texas,137,Austin,SCHZ,1379401,PEACOCK,2039,37.29,110,295,100,185,183,174.24,0.25,20.58,0,0.03,0.11,0.6,7.72,8.19,8.89,1.08,15.38,45.15,0.27,0.89,0,NaN,0,0,NaN,NaN,NaN,NaN,0,0,NaN,0,0,NaN,NaN,NaN,NaN,NaN,0,NaN,0,NaN,NaN,NaN,NaN,0,0,0,0,0,0,0,824,3756.3,0
10/07/2025,04,5GNR,Central Texas,137,Austin,SCHZ,1379401,PEACOCK,3039,13.4,115,858,100,674,671,15056.07,2.04,163.87,0.45,1.26,2.76,0.28,7.46,13.94,7386.82,0.45,3566.94,4036.47,10.01,5.85,0.07,NaN,0,0,NaN,NaN,NaN,NaN,0,0,NaN,0,0,NaN,NaN,NaN,NaN,NaN,0,NaN,0,NaN,NaN,NaN,NaN,0,0,0,0,0,0,0,1307,11203.85,0
10/07/2025,04,5GNR,Central Texas,137,Austin,SCHZ,1379401,PECAN_PARK,2298,0.75,2,268,100,246,244,331.14,0.59,41,0,0,0.02,0.51,8.14,10.46,189.83,0.81,4.57,33.36,0.14,1.97,0,NaN,0,0,NaN,NaN,NaN,0,2,0,0,2,0,3000,2000,1000,0,NaN,0,0,0,NaN,0,NaN,0,0,0,0,0,0,0.11,1,874,333.58,0
10/07/2025,04,5GNR,Central Texas,137,Austin,SCHZ,1379401,PECAN_PARK,3298,2.38,53,2231,100,1703,1694,24159,4.11,120.76,0.75,1.21,2.8,0.91,7.41,15.81,21668.74,0.53,454.96,764.59,1.43,1.9,0.59,NaN,0,0.1,NaN,NaN,NaN,0,3,0,0,3,0,7086.28,776.04,1066.37,2366.97,21.85,0,0,0,NaN,173.33,NaN,0,0.2,0.02,0,0,0,0,0,1044,24507.97,0
10/07/2025,04,5GNR,Central Texas,137,Austin,SCHZ,1379401,RIATA_TRACE,2876,0.39,1,254,100,106,106,1483.46,5.48,31.38,0,0.01,0.04,0.27,8.11,7.56,523.32,0,8.91,49.88,0.44,0.93,0,NaN,0,0,NaN,NaN,NaN,NaN,0,0,NaN,0,0,NaN,NaN,NaN,NaN,NaN,0,NaN,0,NaN,NaN,NaN,NaN,0,0,0,0,0,0.16,1,609,1512.09,0
10/07/2025,04,5GNR,Central Texas,137,Austin,SCHZ,1379401,RIATA_TRACE,3876,0.39,11,2787,100,2451,2443,16472.04,1.69,149.46,0.62,1.65,5.24,0.14,7.66,14.97,12859.31,0.33,807.73,1250.2,2.11,6.6,0,NaN,0,0,NaN,NaN,NaN,NaN,0,0,NaN,0,0,NaN,NaN,NaN,NaN,NaN,0,NaN,0,NaN,NaN,NaN,NaN,0,0,0,0,0,0,0,652,16285.26,0
10/07/2025,04,5GNR,Central Texas,137,Austin,SCHZ,1379401,RIVER_CITY_RENTALS,2208,2.43,27,1109,100,320,319,1087.46,1.41,50.52,0,0.01,0.03,0.28,8.28,11.51,463.39,0.31,31.18,160.5,0.51,3.74,0,NaN,0,0,0,NaN,0,0,1,0,0,1,0,NaN,NaN,NaN,NaN,NaN,0,NaN,0,NaN,NaN,NaN,NaN,0,0,0,0,0,0,0,1347,4836.58,0
10/07/2025,04,5GNR,Central Texas,137,Austin,SCHZ,1379401,RIVER_CITY_RENTALS,3208,0.75,35,4662,100,3175,3154,36998.94,4.92,125.27,0.78,1.21,2.5,1,7.8,14.48,31713.3,0.66,4519.78,5444.36,13.07,8.66,0.06,NaN,0,0.19,0,NaN,0,0,2,0,0,2,0,9510.42,779.07,740,1666.67,NaN,0,0,0,NaN,0,NaN,0,0.01,0.01,0,0,0,0,0,1664,33474.09,0
10/07/2025,04,5GNR,Central Texas,137,Austin,SCHZ,1379401,ROBINSON_RANCH,2206,0,0,183,100,84,84,206.02,0.37,42.05,0,0.01,0.04,0.18,8.05,10.83,140.29,0,6.14,27.66,0.12,1.46,0,NaN,0,0.14,0,NaN,0,NaN,0,0,NaN,0,0,NaN,NaN,NaN,NaN,NaN,0,NaN,0,NaN,NaN,NaN,NaN,0,0,0,0,0,0.15,1,670,257.79,0
10/07/2025,04,5GNR,Central Texas,137,Austin,SCHZ,1379401,ROBINSON_RANCH,3206,1.08,24,2217,100,2024,2012,17222.4,2.12,190.52,0.4,1.13,3.28,0.54,7.77,14.67,13173.91,0.59,990.81,1370.69,2.36,8.08,0,NaN,0,0.3,NaN,NaN,NaN,0,1,0,0,1,0,6811.04,743.24,785.12,1779.45,144.18,0,0,0,NaN,0,NaN,10.03,0.51,0.13,0,0,0,0,0,691,16803.16,0
10/07/2025,04,5GNR,Central Texas,137,Austin,SCHZ,1379401,ROLLINGWOOD,2001,3.28,2,61,100,45,45,156.61,0.38,33.72,0,0,0.03,NaN,7.58,10.71,139,0,6.75,15.65,0.07,2.1,0,NaN,0,0.43,NaN,NaN,NaN,0,1,0,0,1,0,3044.02,2388.89,1554.57,1108.75,21.92,0,0,0,NaN,2178.17,NaN,0,0.31,0.14,0,0,0,0.46,1,218,153.44,0
10/07/2025,04,5GNR,Central Texas,137,Austin,SCHZ,1379401,ROLLINGWOOD,3001,1.89,1,53,100,26,26,510.8,0.71,30.01,0,0,0.01,1.06,6.75,11.28,436.74,0,25.78,42.61,0.11,1.44,0,NaN,0,0,NaN,NaN,NaN,NaN,0,0,NaN,0,0,NaN,NaN,NaN,NaN,NaN,0,NaN,0,NaN,NaN,NaN,NaN,0,0,0,0,0,0,0,7,503.51,0
10/07/2025,04,5GNR,Central Texas,137,Austin,SCHZ,1379401,SH71_BEECREEK_STX,2752,1.09,3,275,100,264,262,166.52,0.45,27.73,0,0,0.01,0.34,7.88,9.71,114.51,0.76,1.97,30.55,0.14,1.29,0,NaN,0,0.1,NaN,NaN,NaN,0,4,0,0,4,0,3000,3214.29,1607.14,0,NaN,0,0,0,NaN,0,NaN,0,0,0,0,0,0,3.53,35,992,194.33,0
10/07/2025,04,5GNR,Central Texas,137,Austin,SCHZ,1379401,SH71_BEECREEK_STX,3752,0.83,7,847,100,664,661,16761.15,2.02,130.44,0.62,1.71,3.93,0.17,7.6,13.39,16298.31,0.45,1172.97,2138.98,4.12,6.68,0,NaN,0,0,NaN,NaN,NaN,NaN,0,0,NaN,0,0,5666.67,833.33,833.33,0,NaN,0,0,0,NaN,0,NaN,NaN,0,0,0,0,0,0,0,922,16435.81,0
10/07/2025,04,5GNR,Central Texas,137,Austin,SCHZ,1379401,SHENANDOAH_REPL,3251,0.61,21,3423,100,2997,2985,39295.17,5.29,195.58,1.04,1.44,2.34,0.49,7.61,12.99,35532.15,0.4,2829.08,4045,9.42,6.3,0,NaN,0,0.17,0,NaN,0,0,1,0,0,1,0,7478.85,991.9,1021.15,4480.68,92.84,0,0,0,NaN,170.54,NaN,12.31,0.43,0.29,0,0,0,0,0,1201,39010.72,0
10/07/2025,04,5GNR,Central Texas,137,Austin,SCHZ,1379401,SHEPHERD_MOUNTAIN,2193,0,0,41,100,20,20,423.95,0.35,28.56,0,0,0,0.6,8.11,12.83,7.62,0,0.6,19.52,0.06,1.56,1.05,NaN,0,0,NaN,NaN,NaN,0,3,0,0,3,0,3035.71,2533.33,1266.67,4750,NaN,0,0,0,NaN,0,NaN,0,0,0,0,0,0,0,0,182,392.26,0
10/07/2025,04,5GNR,Central Texas,137,Austin,SCHZ,1379401,SHEPHERD_MOUNTAIN,3193,0.65,6,925,100,675,670,5557.45,0.86,199.9,0.03,0.21,0.87,0.29,7.84,13.69,4631,0.74,197.7,352.27,0.71,2.58,0,NaN,0,0.23,NaN,NaN,NaN,0,4,0,0,4,0,6445.12,630.43,621.95,1724.64,NaN,0,0,0,NaN,0,NaN,0,0.01,0.01,0,0,0,0,0,449,5486.36,0
10/07/2025,04,5GNR,Central Texas,137,Austin,SCHZ,1379401,SNAKE_HOLLOW,2113,0.11,1,916,100,172,172,582.6,0.68,46.93,0,0.01,0.03,0.48,7.65,12.75,192.3,0,2.27,40.62,0.15,1.16,0,NaN,0,0,NaN,NaN,NaN,NaN,0,0,NaN,0,0,NaN,NaN,NaN,NaN,NaN,0,NaN,0,NaN,NaN,NaN,NaN,0,0,0,0,0,0,0,555,4244.43,0
10/07/2025,04,5GNR,Central Texas,137,Austin,SCHZ,1379401,SNAKE_HOLLOW,3113,0.53,21,3998,100,2536,2523,47501.09,5.67,180.78,1.16,1.55,2.59,0.33,7.59,13.15,42694.52,0.51,3873.65,4915.48,11.11,6.66,0,NaN,0,0,NaN,NaN,NaN,NaN,0,0,NaN,0,0,NaN,NaN,NaN,NaN,NaN,0,NaN,0,NaN,NaN,NaN,NaN,0,0,0,0,0,0,0,840,43457.24,0
10/07/2025,04,5GNR,Central Texas,137,Austin,SCHZ,1379401,SOUTHWEST_PARKWAY,2018,1.54,2,130,100,124,122,550.96,0.97,27.23,0.01,0.01,0,0.67,7.84,10.13,347.96,1.61,12.63,38.97,0.15,1.73,0.11,NaN,0,0.2,NaN,NaN,NaN,NaN,0,0,NaN,0,0,NaN,NaN,NaN,NaN,NaN,0,NaN,0,NaN,NaN,NaN,NaN,0,0,0,0,0,0.11,1,931,525.44,0
10/07/2025,04,5GNR,Central Texas,137,Austin,SCHZ,1379401,SOUTHWEST_PARKWAY,3018,1.14,20,1749,100,1489,1478,7185.13,1.09,191.75,0.31,1.57,4.22,0.63,7.66,12.45,7018.21,0.74,977.52,1277,2.68,7.2,0.17,NaN,0,0,NaN,NaN,NaN,NaN,0,0,NaN,0,0,7310.34,906.25,844.83,16208.33,NaN,0,0,0,NaN,23814.81,NaN,0,0,0.01,0,0,0,0,0,535,7256.17,0
10/07/2025,04,5GNR,Central Texas,137,Austin,SCHZ,1379401,SPICEWOOD_SPRINGS,2204,0,0,112,100,111,111,494.33,0.54,18.4,0,0,0,0.51,8.7,11.08,59.13,0,0.34,19.56,0.07,3.82,0,NaN,0,0.17,NaN,NaN,NaN,NaN,0,0,NaN,0,0,NaN,NaN,NaN,NaN,NaN,0,NaN,0,NaN,NaN,NaN,NaN,0,0,0,0,0,0,0,563,531.87,0
10/07/2025,04,5GNR,Central Texas,137,Austin,SCHZ,1379401,SPICEWOOD_SPRINGS,3204,0,0,12,100,10,10,222.94,0.07,97.86,0,0,0,0.1,7.43,8.18,164.55,0,0.65,2.38,0.01,0.71,NaN,NaN,NaN,NaN,NaN,NaN,NaN,NaN,0,0,NaN,0,0,NaN,NaN,NaN,NaN,NaN,0,NaN,0,NaN,NaN,NaN,NaN,0,0,0,0,0,NaN,0,0,177.39,0
10/07/2025,04,5GNR,Central Texas,137,Austin,SCHZ,1379401,STATE_FARM,2166,5.56,2,36,100,12,12,200.96,0.19,95.67,0,0,0.04,1.81,8.45,11.8,211.14,0,3.72,10.44,0.05,0.61,0.51,NaN,0,0,NaN,NaN,NaN,NaN,0,0,NaN,0,0,NaN,NaN,NaN,NaN,NaN,0,NaN,0,NaN,NaN,NaN,NaN,0,0,0,0,0,1.27,3,237,214.65,0
10/07/2025,04,5GNR,Central Texas,137,Austin,SCHZ,1379401,STATE_FARM,3166,0.75,11,1471,100,1396,1391,4840.78,1.65,126.02,0.17,0.44,1.51,0.52,7.64,12.18,4362.86,0.36,110.15,426.81,1.14,2.93,0.2,NaN,0,0.21,0,NaN,0,NaN,0,0,NaN,0,0,NaN,NaN,NaN,NaN,NaN,0,NaN,0,NaN,NaN,NaN,NaN,0,0,0,0,0,0,0,480,4785.11,0
10/07/2025,04,5GNR,Central Texas,137,Austin,SCHZ,1379401,STECK_RELO_STX,2755,1.73,4,231,100,222,221,1050.37,1.56,47.05,0,0.01,0.03,0.26,8.31,10.97,751.87,0.45,27.23,95.53,0.4,2.16,0,NaN,0,0.04,0,NaN,0,0,4,0,0,4,0,3775.8,2554.55,1478.65,2119.32,39.5,0,0,0,NaN,1167.19,NaN,23.26,0.23,0.02,0,0,0,0.1,2,2032,1099.19,0
10/07/2025,04,5GNR,Central Texas,137,Austin,SCHZ,1379401,STECK_RELO_STX,3755,0.86,27,3132,100,2885,2875,22638.25,3.32,136.07,0.68,1.24,2.86,1.8,7.7,15.27,17934.5,0.35,1147.37,10045.13,9.14,32.66,0.09,NaN,0,0.21,0,NaN,0,NaN,0,0,NaN,0,0,NaN,NaN,NaN,NaN,NaN,0,NaN,0,NaN,NaN,NaN,NaN,0,0,0,0,0,0,0,965,22815.3,0
10/07/2025,04,5GNR,Central Texas,137,Austin,SCHZ,1379401,STEINER_RANCH,3027,0.61,7,1154,100,1031,1026,20188.4,2.79,138.89,0.64,1.29,2.6,0.56,7.53,14.55,18021.46,0.48,2474.43,4193.29,6.07,21.12,0.22,NaN,0,0.11,NaN,NaN,NaN,0,6,0,0,6,0,7922.69,702.17,978.37,1105.37,217.73,0,0,0.02,NaN,1161.83,NaN,22.72,244.43,1.66,0,0,0,0,0,891,19899.77,0
10/07/2025,04,5GNR,Central Texas,137,Austin,SCHZ,1379401,STONELAKE,2279,0,0,84,100,12,12,78.89,0.15,36.07,0,0,0,0.21,8.35,11.57,41.28,0,0.78,19.94,0.11,1.85,0,NaN,0,0,NaN,NaN,NaN,NaN,0,0,NaN,0,0,NaN,NaN,NaN,NaN,NaN,0,NaN,0,NaN,NaN,NaN,NaN,0,0,0,0,0,0,0,597,77.53,0
10/07/2025,04,5GNR,Central Texas,137,Austin,SCHZ,1379401,STONELAKE,3279,6.45,101,1567,100,986,982,7220.64,0.87,138.32,0.29,0.58,1.52,2.21,7.81,14.28,2269.44,0.41,246.93,872.1,1.9,4.06,0.26,NaN,0,0.42,0,NaN,0,0,8,0,0,8,0,7089.53,705.46,707.18,1327.73,63.28,0,0,0,NaN,0,NaN,40.13,0.62,0.25,0,0,0,0,0,729,7072.44,0
10/07/2025,04,5GNR,Central Texas,137,Austin,SCHZ,1379401,ST_MICHAELS,2281,2.98,9,302,100,191,187,97.86,0.24,26.01,0,0.02,0.1,NaN,6.57,7.4,85.07,2.09,71.8,96.46,0.56,4.93,0.43,NaN,0,0,NaN,NaN,NaN,NaN,0,0,NaN,0,0,NaN,NaN,NaN,NaN,NaN,0,NaN,0,NaN,NaN,NaN,NaN,0,0,0,0,0,2.07,10,483,93.96,0
10/07/2025,04,5GNR,Central Texas,137,Austin,SCHZ,1379401,ST_MICHAELS,3281,0.63,5,793,100,688,683,2320.25,0.3,206.38,0.02,0.04,0.23,0.53,6.96,8.96,2326.24,0.73,61.12,81.98,0.27,1.99,0,NaN,0,0,NaN,NaN,NaN,NaN,0,0,NaN,0,0,NaN,NaN,NaN,NaN,NaN,0,NaN,0,NaN,NaN,NaN,NaN,0,0,0,0,0,0,0,76,2372.02,0
10/07/2025,04,5GNR,Central Texas,137,Austin,SCHZ,1379401,TECHNOLOGY_BLVD,2875,0.55,3,549,100,199,196,2521.35,3.67,33.55,0.02,0.03,0.05,1.1,8.18,9.47,841.02,1.51,16.63,142.19,0.76,2.18,0,NaN,0,0.04,NaN,NaN,NaN,0,4,0,0,4,0,3582.27,2434.9,2528.97,1652.4,35.26,0,0,0.01,NaN,37964.79,NaN,195.52,5.57,0.16,0,0,0,0.67,17,2555,2913.3,0
10/07/2025,04,5GNR,Central Texas,137,Austin,SCHZ,1379401,TECHNOLOGY_BLVD,3875,0.98,30,3068,100,2026,2010,34948.03,5.49,137,0.78,1.49,3.72,1.25,7.74,16.33,25712.42,0.79,3005.51,5577.49,9.39,13.83,0.17,NaN,0,0,0,NaN,0,0,2,0,0,2,0,6214.29,644.07,613.1,808.99,NaN,0,0,0,NaN,0,NaN,312.85,0.03,0.02,0,0,0,0,0,999,34036.94,0
10/07/2025,04,5GNR,Central Texas,137,Austin,SCHZ,1379401,TEXAS_PAINTBALL,2244,0.24,4,1643,100,138,136,358.76,0.62,30.57,0,0.02,0.06,1.41,7.91,11.75,118.14,1.45,93.26,155.97,0.73,6.48,0.14,NaN,0,0,NaN,NaN,NaN,0,7,0,0,7,0,3042.78,2353.74,1155.44,1901.73,0,0,0,0,NaN,0,NaN,0,0.03,0.03,0,0,0,0,0,2252,354.08,0
10/07/2025,04,5GNR,Central Texas,137,Austin,SCHZ,1379401,TEXAS_PAINTBALL,3244,0.68,34,4974,100,3115,3096,31934.79,4.88,141.46,0.83,1.31,2.77,0.47,7.83,14.23,28306.94,0.61,1536.99,2128.89,3.72,7.5,0.2,NaN,0,0.1,NaN,NaN,NaN,NaN,0,0,NaN,0,0,NaN,NaN,NaN,NaN,NaN,0,NaN,0,NaN,NaN,NaN,NaN,0,0,0,0,0,0,0,1957,31953.1,0
10/07/2025,04,5GNR,Central Texas,137,Austin,SCHZ,1379401,TEXTRUSS,2824,1.35,1,74,100,57,57,51.6,0.11,46.56,0,0,0.05,0.58,8.57,10.85,30.74,0,0.44,11.94,0.05,1.82,0,NaN,0,0.79,NaN,NaN,NaN,NaN,0,0,NaN,0,0,NaN,NaN,NaN,NaN,NaN,0,NaN,0,NaN,NaN,NaN,NaN,0,0,0,0,0,0,0,711,47.54,0
10/07/2025,04,5GNR,Central Texas,137,Austin,SCHZ,1379401,TEXTRUSS,3824,2.62,13,496,100,394,393,1525.41,0.5,95.06,0,0.01,0.03,0.19,7.4,10.17,1262.14,0.25,96.49,240.86,0.55,4.3,0,NaN,0,0,NaN,NaN,NaN,NaN,0,0,NaN,0,0,NaN,NaN,NaN,NaN,NaN,0,NaN,0,NaN,NaN,NaN,NaN,0,0,0,0,0,0,0,250,1514.04,0
10/07/2025,04,5GNR,Central Texas,137,Austin,SCHZ,1379401,THE_DOMAIN,2278,0,0,19,100,9,9,787.7,0.77,37.75,0,0,0.01,0.55,7.79,8.94,1.25,0,0.17,63.77,0.24,1.4,0.38,100,0,0,NaN,NaN,NaN,NaN,0,0,NaN,0,0,4055.29,NaN,1329.33,NaN,NaN,0,NaN,0,NaN,0,NaN,0,0,0,0,0,0,0,0,542,547.76,0
10/07/2025,04,5GNR,Central Texas,137,Austin,SCHZ,1379401,THE_DOMAIN,3278,0.81,15,1846,100,1603,1593,12958.01,2.38,168.13,0,0.1,0.28,0.62,7.55,13.65,8727.28,0.62,810.33,1289.69,2.15,5.51,0.08,100,0,0.09,0,NaN,0,0,25,0,0,25,0,7113.64,783.47,1231.37,1630.82,141.99,0,0,0,NaN,0,NaN,21.34,1.39,0.56,0,0,0,0,0,2355,12994.49,0
10/07/2025,04,5GNR,Central Texas,137,Austin,SCHZ,1379401,THURMAN_BEND,3021,0.86,18,2097,100,2018,2008,19535.49,2.78,166.52,0.63,0.92,1.78,0.36,7.49,13.37,18242.31,0.5,547.41,844.02,1.94,3.5,0.23,NaN,0,0,NaN,NaN,NaN,NaN,0,0,NaN,0,0,NaN,NaN,NaN,NaN,NaN,0,NaN,0,NaN,NaN,NaN,NaN,0,0,0,0,0,0,0,866,19239.48,0
10/07/2025,04,5GNR,Central Texas,137,Austin,SCHZ,1379401,TINTARA,2929,0.51,8,1580,100,310,307,2131.73,2.85,33.66,0.01,0.02,0.03,0.69,7.86,11.2,1668.85,0.97,214.11,284.85,1.23,7.85,0.1,NaN,0,0,0,NaN,0,0,1,0,0,1,0,3011.63,2756.76,1372.09,6785.19,0,0,0,0,NaN,452.38,NaN,0,0.01,0.02,0,0,0,0,0,2046,2311.41,0
10/07/2025,04,5GNR,Central Texas,137,Austin,SCHZ,1379401,TINTARA,3929,3.15,123,3904,100,2037,2027,61589.45,10.25,164.92,1,1.7,3.67,0.28,7.52,13.3,55425.71,0.49,3548.76,4345.5,13.08,3.3,0,NaN,0,0.06,0,NaN,0,NaN,0,0,NaN,0,0,6666.67,833.33,833.33,1250,NaN,0,0,0,NaN,0,NaN,0,0,0,0,0,0,0,0,1633,60798.7,0
10/07/2025,04,5GNR,Central Texas,137,Austin,SCHZ,1379401,TURKEY_BEND,2305,11.11,1,9,100,5,5,4142.45,4.4,66.64,0,0,0,0.2,7.14,11.07,3640.3,0,92.14,504.45,4.17,0.71,14.71,NaN,0,0,NaN,NaN,NaN,NaN,0,0,NaN,0,0,NaN,NaN,NaN,NaN,NaN,0,NaN,0,NaN,NaN,NaN,NaN,0,0,0,0,0,0,0,25,3640.34,0
10/07/2025,04,5GNR,Central Texas,137,Austin,SCHZ,1379401,TURKEY_BEND,3305,19.15,317,1655,100,1437,1431,13727.26,2.32,214.23,0.55,1.72,4.44,0.22,7.36,12.99,13686.75,0.42,489.63,635.85,1.72,1.91,0,NaN,0,0,NaN,NaN,NaN,0,3,0,0,3,0,6397.59,648.44,662.65,1575,NaN,0,0,0,NaN,0,NaN,0,0.01,0.01,0,0,0,0,0,305,14290.13,0
10/07/2025,04,5GNR,Central Texas,137,Austin,SCHZ,1379401,UT_RESEARCH,2176,0.97,1,103,100,89,88,120.3,0.23,42.14,0,0,0.02,0.81,7.88,8.78,19.55,1.12,0.19,13.71,0.09,0.64,0,NaN,0,0,0,NaN,0,NaN,0,0,NaN,0,0,NaN,NaN,NaN,NaN,NaN,0,NaN,0,NaN,NaN,NaN,NaN,0,0,0,0,0,0.38,3,784,105.76,0
10/07/2025,04,5GNR,Central Texas,137,Austin,SCHZ,1379401,UT_RESEARCH,3176,0.47,5,1053,100,722,719,8804.15,1.87,124.03,0.22,0.89,3.17,0.68,7.53,12.62,8133.42,0.42,495.41,955.55,2.32,5.89,0,NaN,0,0.39,NaN,NaN,NaN,0,1,0,0,1,0,9700,9000,9000,0,NaN,0,0,0,NaN,0,NaN,0,0,0,0,0,0,0,0,523,8701.51,0
10/07/2025,04,5GNR,Central Texas,137,Austin,SCHZ,1379401,VENTANA_OAKS_RELO,2114,1.44,4,278,100,236,232,214.75,0.44,63.99,0,0,0.01,1.15,8.46,9.03,230.84,1.69,47.36,96.92,0.41,1.67,0.08,NaN,0,0.07,0,NaN,0,NaN,0,0,NaN,0,0,NaN,NaN,NaN,NaN,NaN,0,NaN,0,NaN,NaN,NaN,NaN,0,0,0,0,0,0,0,1253,275.01,0
10/07/2025,04,5GNR,Central Texas,137,Austin,SCHZ,1379401,VENTANA_OAKS_RELO,3114,1.71,44,2575,100,2168,2154,14586.87,2.13,223.48,0.73,1.67,4.14,0.58,7.86,14.3,12393.59,0.65,902.15,1594.19,3.18,5.79,0.42,NaN,0,0.07,0,NaN,0,0,5,0,0,5,0,6927.69,687.5,716.94,2000,32.77,0,0,0,NaN,0,NaN,0,0.06,0.04,0,0,0,0.06,1,1562,14594.84,0
10/07/2025,04,5GNR,Central Texas,137,Austin,SCHZ,1379401,WALMART,2158,0.62,1,162,100,48,48,437,0.6,75.44,0,0,0.02,0.39,8.15,10.23,212.95,0,3.45,63.11,0.24,2.24,0,NaN,0,0.29,NaN,NaN,NaN,0,3,0,0,3,0,3000,2000,1000,666.67,NaN,0,0,0,NaN,0,NaN,0,0,0,0,0,0,0,0,976,512.64,0
10/07/2025,04,5GNR,Central Texas,137,Austin,SCHZ,1379401,WALMART,3158,0.73,13,1784,100,1484,1473,13255.66,2.34,166.67,0.65,0.77,1.15,1.32,8,14.47,6227.85,0.74,1155.72,1642.24,2.87,12.76,0.25,NaN,0,0.14,NaN,NaN,NaN,0,8,0,0,8,0,7441.3,683.88,756.34,1809.52,186.76,0,0,0,NaN,248.75,NaN,19.98,9.11,0.4,0,0,0,0,0,724,12936.46,0
10/07/2025,04,5GNR,Central Texas,137,Austin,SCHZ,1379401,WHISPER_RIDGE,2280,0.06,1,1797,100,55,54,1365.7,2.07,48.18,0,0,0.02,1.23,7.66,8.44,590.68,1.82,3.67,26.99,0.14,0.63,0,NaN,0,0.37,NaN,NaN,NaN,0,9,0,0,9,0,3185.22,2374.66,1250,1680,0.51,0,0,0,NaN,23.4,NaN,6.26,0.06,0.05,0,0,0,0,0,257,1521.82,0
10/07/2025,04,5GNR,Central Texas,137,Austin,SCHZ,1379401,WHISPER_RIDGE,3280,0.28,8,2818,100,1227,1221,8758.84,1.77,193.6,0.21,0.67,2.1,0.32,7.6,13.59,8667.06,0.49,494.13,647.38,1.42,4.46,0,NaN,0,0.39,NaN,NaN,NaN,0,4,0,0,4,0,6841.38,594.86,596.55,1091.5,49.15,0,0,0,NaN,400.7,NaN,0,0.04,0.04,0,0,0,0,0,265,8727.28,0
10/07/2025,04,5GNR,Central Texas,137,Austin,SCHZ,1379401,WHITESTONE,3090,0.57,23,4017,100,3685,3668,47185.57,6.02,170.36,1.4,1.97,3.48,0.62,7.58,16.98,32102.45,0.46,5599.93,7633.33,13.64,10.46,0.19,NaN,0,0.1,NaN,NaN,NaN,0,6,0,0,6,0,8349.03,708.62,1173.77,2158.7,410.91,0,0,0,NaN,7.66,NaN,180.08,5.03,0.09,0,0,0,0.06,2,3097,46757.07,0
10/07/2025,04,5GNR,Central Texas,137,Austin,SCHZ,1379401,WILSON_HEIGHTS,2232,0.11,2,1886,100,39,39,190.26,0.39,20.29,0,0.02,0.12,1.13,8.47,12.54,143.01,0,9.42,30.91,0.15,1.33,0.56,NaN,0,0.19,NaN,NaN,NaN,NaN,0,0,NaN,0,0,NaN,NaN,NaN,NaN,NaN,0,NaN,0,NaN,NaN,NaN,NaN,0,0,0,0,0,0,0,966,205.38,0
10/07/2025,04,5GNR,Central Texas,137,Austin,SCHZ,1379401,WILSON_HEIGHTS,3232,0.56,27,4791,100,1437,1426,5989.16,1.12,139.33,0.34,0.81,2.42,1.12,7.51,14.85,5639.28,0.77,334.49,540.88,1.22,2.51,0,NaN,0,0,NaN,NaN,NaN,NaN,0,0,NaN,0,0,14000,59000,59000,0,NaN,0,0,0,NaN,NaN,NaN,NaN,0,0,0,0,0,0,0,659,5964.64,0
10/07/2025,04,5GNR,Central Texas,137,Austin,SCHZ,1379401,YAUPON_VALLEY,2337,0,0,2,100,2,2,8.18,0.01,21.26,0,0,0.04,0.13,7.39,12.11,0.84,0,0.11,2.49,0.01,1.83,0,NaN,0,0,NaN,NaN,NaN,NaN,0,0,NaN,0,0,NaN,NaN,NaN,NaN,NaN,0,NaN,0,NaN,NaN,NaN,NaN,0,0,0,0,0,0,0,50,7.8,0
10/07/2025,04,5GNR,Central Texas,137,Austin,SCHZ,1379401,YAUPON_VALLEY,3337,0,0,6,100,4,4,10.73,0,138.66,0,0,1.43,0.56,8.59,19.4,10.4,0,0.56,0.84,0,1.03,0,NaN,0,0,NaN,NaN,NaN,NaN,0,0,NaN,0,0,NaN,NaN,NaN,NaN,NaN,0,NaN,0,NaN,NaN,NaN,NaN,0,0,0,0,0,0,0,3,10.46,0
10/07/2025,04,5GNR,Central Texas,137,Austin,SCHZ,1379402,137535_4G5G_LT_KTW_ROUND_MOUNTAIN,2535,NaN,0,0,100,0,0,824.74,1.31,42.99,0.01,0.05,0.23,0.44,7.53,12.29,799.6,NaN,23.95,44.55,0.19,2.78,NaN,NaN,NaN,NaN,NaN,NaN,NaN,NaN,0,0,NaN,0,0,NaN,NaN,NaN,NaN,NaN,0,NaN,0,NaN,NaN,NaN,NaN,0,0,0,0,0,NaN,0,0,815.3,0
10/07/2025,04,5GNR,Central Texas,137,Austin,SCHZ,1379402,6TH_STREET,2570,0,0,51,100,36,36,288.23,0.57,70.79,0,0.01,0.04,2.4,7.79,9.28,140.3,0,20.04,45.94,0.24,4.09,0.99,NaN,0,0,NaN,NaN,NaN,0,3,0,0,3,0,3020.83,2384.62,1179.49,842.86,4.1,0,0,0,NaN,0,NaN,0,0.01,0,0,0,0,0,0,937,213.09,0
10/07/2025,04,5GNR,Central Texas,137,Austin,SCHZ,1379402,6TH_STREET,3570,0.12,3,2439,100,2299,2299,4872.74,1.38,121.23,0.02,0.08,0.21,1.44,7.78,11.82,3283.04,0,589.74,779.94,2.33,2.01,0,NaN,0,0.11,0,NaN,0,0,3,0,0,3,0,6789.06,584.91,578.12,1052.63,NaN,0,0,0,NaN,0,NaN,0,0.01,0.01,0,0,0,0,0,916,4876.66,0
10/07/2025,04,5GNR,Central Texas,137,Austin,SCHZ,1379402,ACOSTA,2245,6.51,25,384,100,335,335,5702.95,7.02,54.35,0.01,0.03,0.07,0.4,7.62,10.31,3847.48,0,4.44,86.35,0.4,1.28,0.7,NaN,0,0.07,0,NaN,0,NaN,0,0,NaN,0,0,NaN,NaN,NaN,NaN,NaN,0,NaN,0,NaN,NaN,NaN,NaN,0,0,0,0,0,0.07,1,1425,9035.41,0
10/07/2025,04,5GNR,Central Texas,137,Austin,SCHZ,1379402,ACOSTA,3245,0.73,18,2450,100,2082,2082,51014.51,7.55,184.69,0.95,1.68,3.79,0.17,7.49,13.86,36427.3,0,1523.73,2389.6,6.46,4.61,0.23,NaN,0,0,0,NaN,0,NaN,0,0,NaN,0,0,NaN,NaN,NaN,NaN,NaN,0,NaN,0,NaN,NaN,NaN,NaN,0,0,0,0,0,0,0,1601,47735.35,0
10/07/2025,04,5GNR,Central Texas,137,Austin,SCHZ,1379402,ARMADILLO,2077,0,0,264,100,236,236,489.18,0.95,33.86,0,0.01,0.02,0.62,8.19,9.6,316,0,4.66,94.15,0.39,1.03,0.09,NaN,0,0,0,NaN,0,0,5,0,0,5,0,3002.09,2052.13,1023.01,632.91,0,0,0,0,NaN,0,NaN,0,0.02,0.02,0,0,0,0.04,1,2327,500.73,0
10/07/2025,04,5GNR,Central Texas,137,Austin,SCHZ,1379402,ARMADILLO,3077,1.06,23,2167,100,1728,1728,15374.62,3.01,107.21,0.54,1.09,2.47,1,7.77,12.71,10751.08,0,799.53,1540.37,3.34,7.37,0.06,NaN,0,0,0,NaN,0,NaN,0,0,NaN,0,0,NaN,NaN,NaN,NaN,NaN,0,NaN,0,NaN,NaN,NaN,NaN,0,0,0,0,0,0,0,1712,15180.68,0
10/07/2025,04,5GNR,Central Texas,137,Austin,SCHZ,1379402,BARNES,2253,0,0,86,100,76,76,281.61,0.52,25.46,0,0,0.03,0.54,8.01,8.3,15.78,0,0.29,20.63,0.12,0.83,0.25,NaN,0,0,NaN,NaN,NaN,NaN,0,0,NaN,0,0,NaN,NaN,NaN,NaN,NaN,0,NaN,0,NaN,NaN,NaN,NaN,0,0,0,0,0,0,0,539,263.88,0
10/07/2025,04,5GNR,Central Texas,137,Austin,SCHZ,1379402,BARNES,3253,0.42,15,3572,100,2585,2585,14956.54,2.54,139.9,0.44,1.22,3.26,1.3,7.96,15.81,10296.92,0,986.52,1620.3,3.01,8.96,0.21,NaN,0,0.08,NaN,NaN,NaN,0,4,0,0,4,0,7358.4,1022.83,1370.93,1164.22,59.39,0,0,0,NaN,40.4,NaN,14.75,0.2,0.12,0,0,0,0,0,1350,15179.26,0
10/07/2025,04,5GNR,Central Texas,137,Austin,SCHZ,1379402,BARRON_LAKE_STX,2829,0,0,156,100,151,151,364.92,0.56,26.77,0,0,0.01,0.11,8.05,12.39,229.29,0,14.68,78.16,0.22,5.7,0.16,NaN,0,0,NaN,NaN,NaN,0,4,0,0,4,0,3317.82,2561.9,1964.5,1021.86,40.45,0,0,0,NaN,6565.22,NaN,0,0.53,0.03,0,0,0,0.12,1,814,341.07,0
10/07/2025,04,5GNR,Central Texas,137,Austin,SCHZ,1379402,BARRON_LAKE_STX,3829,1.48,36,2428,100,1991,1991,22204.7,3.49,195.7,0.97,1.67,3.09,0.44,7.71,13.3,20580.51,0,2849.71,3269.75,8.26,4.29,0.21,NaN,0,0.06,0,NaN,0,0,1,0,0,1,0,7113.86,773.33,727.72,1039.22,16.38,0,0,0,NaN,0,NaN,0,0.03,0.02,0,0,0,0,0,1700,22225.61,0
10/07/2025,04,5GNR,Central Texas,137,Austin,SCHZ,1379402,BASTROP_EAST,2149,0.48,3,621,100,613,612,2690.36,2.84,50.79,0,0.02,0.06,0.76,7.66,10.66,2301.18,0.16,2.54,68.92,0.27,1.07,0,NaN,0,0,0,NaN,0,NaN,0,0,NaN,0,0,NaN,NaN,NaN,NaN,NaN,0,NaN,0,NaN,NaN,NaN,NaN,0,0,0,0,0,0.17,1,596,6303.21,0
10/07/2025,04,5GNR,Central Texas,137,Austin,SCHZ,1379402,BASTROP_EAST,3149,0.68,11,1612,100,1340,1340,15814.91,2.22,138.41,0.75,0.81,0.97,0.37,7.76,13.99,12097.7,0,545.69,726.32,1.88,2.75,1.77,NaN,0,0,NaN,NaN,NaN,NaN,0,0,NaN,0,0,NaN,NaN,NaN,NaN,NaN,0,NaN,0,NaN,NaN,NaN,NaN,0,0,0,0,0,0,0,82,12244.05,0
10/07/2025,04,5GNR,Central Texas,137,Austin,SCHZ,1379402,BASTROP_FRIES_RELO,3171,0.46,12,2632,100,1956,1955,22176.92,3.08,195.18,0.49,0.37,0.09,0.28,7.73,12.97,21501.87,0.05,530.24,813.72,1.57,1.51,0.73,NaN,0,0.28,NaN,NaN,NaN,0,171,0,0,171,0,6106.4,1196.69,1201.45,141.24,NaN,0,0,0,NaN,62.63,NaN,0,0.04,0.01,0,0,0,0,0,1221,22262.47,0
10/07/2025,04,5GNR,Central Texas,137,Austin,SCHZ,1379402,BASTROP_SE,2759,0,0,283,100,253,253,843.03,1.14,60.4,0,0.03,0.08,0.35,9.38,11.33,723.41,0,5.44,154.5,0.84,1.44,0.15,NaN,0,0,0,NaN,0,NaN,0,0,NaN,0,0,NaN,NaN,NaN,NaN,NaN,0,NaN,0,NaN,NaN,NaN,NaN,0,0,0,0,0,0.36,13,3576,756.15,0
10/07/2025,04,5GNR,Central Texas,137,Austin,SCHZ,1379402,BASTROP_SE,3759,0.18,4,2227,100,1373,1373,25083.41,2.59,340.34,0.76,0.89,1.16,0.31,7.68,16.38,21127.69,0,1894.49,3543.65,5.95,9.85,0.33,NaN,0,0.91,NaN,NaN,NaN,0,6,0,0,6,0,7537.74,865.17,873.83,1307.69,32.77,0,0,0,NaN,0,NaN,0,0.02,0.02,0,0,0,0,0,1398,24739.46,0
10/07/2025,04,5GNR,Central Texas,137,Austin,SCHZ,1379402,BASTROP_WEST,2151,5.7,9,158,100,116,115,350.36,0.47,45.32,0,0.1,0.33,1.51,8.53,8.94,38.67,0.86,3.81,48.06,0.31,0.7,0.8,NaN,0,0,NaN,NaN,NaN,0,3,0,0,3,0,3018.52,2000,1000,509.09,0,0,0,0,NaN,56.18,NaN,0,0.01,0.01,0,0,0,0.69,8,1160,474.09,0
10/07/2025,04,5GNR,Central Texas,137,Austin,SCHZ,1379402,BASTROP_WEST,3151,2.42,43,1776,100,1433,1429,9950.29,1.44,196.75,0.26,0.97,2.95,1.36,8.2,16.38,5272.28,0.28,871.76,1641.35,1.82,13.64,0.3,NaN,0,0,NaN,NaN,NaN,0,1,0,0,1,0,9446.84,602.27,548.17,886.79,NaN,0,0,0,NaN,0,NaN,0,0.3,0.02,0,0,0,0,0,867,9711.81,0
10/07/2025,04,5GNR,Central Texas,137,Austin,SCHZ,1379402,BENFIELD,2101,0,0,267,100,242,242,1338.08,2.57,30.91,0.01,0.01,0.01,0.16,8.07,10.44,1042.86,0,4.02,53.16,0.2,2,0.08,NaN,0,0,NaN,NaN,NaN,NaN,0,0,NaN,0,0,NaN,NaN,NaN,NaN,NaN,0,NaN,0,NaN,NaN,NaN,NaN,0,0,0,0,0,1.43,20,1400,1500.25,0
10/07/2025,04,5GNR,Central Texas,137,Austin,SCHZ,1379402,BENFIELD,3101,0.26,8,3042,100,2978,2978,39476,4.84,129.85,1.34,1.58,2.36,0.26,7.49,13.38,38139.12,0,1366.24,1929.31,3.79,5.76,0.3,NaN,0,0,NaN,NaN,NaN,NaN,0,0,NaN,0,0,NaN,NaN,NaN,NaN,NaN,0,NaN,0,NaN,NaN,NaN,NaN,0,0,0,0,0,0,0,599,38716.45,0
10/07/2025,04,5GNR,Central Texas,137,Austin,SCHZ,1379402,BLUFF_SPRINGS,2050,0.72,1,138,100,132,131,171.99,0.32,25.79,0,0.01,0.06,0.99,8.68,10.36,45.99,0.76,7.56,27.05,0.14,1.51,0,NaN,0,0.11,NaN,NaN,NaN,0,1,0,0,1,0,3000,2000,1000,NaN,NaN,0,0,0,NaN,0,NaN,NaN,0,0,0,0,0,0,0,867,179.97,0
10/07/2025,04,5GNR,Central Texas,137,Austin,SCHZ,1379402,BLUFF_SPRINGS,3050,0.4,13,3253,100,2782,2782,25174.99,3.7,176.42,0.51,1.08,2.45,0.87,7.8,13.58,17971.03,0,2138.83,3150.76,7.3,7.02,0.03,NaN,0,0.06,NaN,NaN,NaN,0,8,0,0,8,0,7428.85,689.46,747.57,1392.54,98.3,0,0,0,NaN,0,NaN,0,0.7,0.23,0,0,0,0.03,1,3209,24817.68,0
10/07/2025,04,5GNR,Central Texas,137,Austin,SCHZ,1379402,BRADSHAW_STX,2726,0,0,381,100,319,319,4451.86,4.92,54.62,0.02,0.04,0.07,0.81,7.69,13.14,3365.87,0,135.88,319.2,0.99,3.59,0.29,NaN,0,0,0,NaN,0,0,2,0,0,2,0,4529.78,2829,2322.92,1329.95,23.96,0,0,0,NaN,49735.06,NaN,57.43,1.39,0.18,0,0,0,0.13,3,2329,4234.87,0
10/07/2025,04,5GNR,Central Texas,137,Austin,SCHZ,1379402,BRADSHAW_STX,3726,0.62,15,2407,100,1996,1996,33883.42,6.29,145.15,0.72,1.32,2.79,0.93,7.46,12.97,32291.34,0,3674.32,5002.66,11.24,4.34,0.05,NaN,0,0,NaN,NaN,NaN,0,1,0,0,1,0,7548.78,883.33,1243.9,1627.91,0,0,0,0,NaN,0,NaN,0,0.02,0.01,0,0,0,0.06,1,1704,33642.3,0
10/07/2025,04,5GNR,Central Texas,137,Austin,SCHZ,1379402,BRANDT,2107,0,0,174,100,161,161,309.47,0.44,58.5,0,0.01,0.02,0.31,8.35,9.91,166.65,0,2.91,28.79,0.13,1.17,0,NaN,0,0.11,0,NaN,0,0,1,0,0,1,0,3236.14,2607.89,1412,942.8,32.65,0,0,0,NaN,8021.79,NaN,104.67,1.87,0.18,0,0,0,0,0,905,251.42,0
10/07/2025,04,5GNR,Central Texas,137,Austin,SCHZ,1379402,BRANDT,3107,0.26,11,4223,100,3750,3750,34030.47,4.49,121.07,1.12,1.74,3.67,0.46,7.8,16.24,26732.33,0,1390.13,2502.93,5.35,5.14,0.23,NaN,0,0.25,0,NaN,0,0,5,0,0,5,0,7891.06,715.86,916.99,1072.48,208.3,0,0,0.01,NaN,216.42,NaN,9.14,72.16,3.15,0,0,0,0,0,2055,33605.06,0
10/07/2025,04,5GNR,Central Texas,137,Austin,SCHZ,1379402,BRUSH_COUNTRY,2869,0,0,58,100,44,44,263.07,0.31,56.84,0,0,0,0.89,7.59,9.37,210.07,0,1.64,21.12,0.11,0.92,0.29,NaN,0,0,NaN,NaN,NaN,NaN,0,0,NaN,0,0,NaN,NaN,NaN,NaN,NaN,0,NaN,0,NaN,NaN,NaN,NaN,0,0,0,0,0,0.27,1,370,246.85,0
10/07/2025,04,5GNR,Central Texas,137,Austin,SCHZ,1379402,BRUSH_COUNTRY,3869,0.18,3,1631,66.67,1342,1342,17399.69,3.06,192,0.33,0.98,2.73,0.29,7.89,12.99,16127.28,0,418.52,663.51,2.58,1.65,0,NaN,0,0.33,NaN,NaN,NaN,NaN,0,0,NaN,0,0,NaN,NaN,NaN,NaN,NaN,0,NaN,0,NaN,NaN,NaN,NaN,0,0,0,0,0,0,0,630,17749.18,0
10/07/2025,04,5GNR,Central Texas,137,Austin,SCHZ,1379402,BUDA_CENTRAL,2942,0,0,268,100,277,277,358.63,0.61,54.64,0,0.01,0.03,0.36,8.44,9.59,236.21,0,1.98,26.35,0.13,0.96,0.43,NaN,0,0,NaN,NaN,NaN,NaN,0,0,NaN,0,0,NaN,NaN,NaN,NaN,NaN,0,NaN,0,NaN,NaN,NaN,NaN,0,0,0,0,0,0,0,875,385.41,0
10/07/2025,04,5GNR,Central Texas,137,Austin,SCHZ,1379402,BUDA_CENTRAL,3942,0.26,9,3411,100,2313,2313,12973.72,2.28,145.97,0.45,0.98,2.81,1.66,8.23,15.18,10543.71,0,636.93,1434.6,2.6,8.99,0.58,NaN,0,0.07,0,NaN,0,NaN,0,0,NaN,0,0,NaN,NaN,NaN,NaN,NaN,0,NaN,0,NaN,NaN,NaN,NaN,0,0,0,0,0,0,0,1429,12747.41,0
10/07/2025,04,5GNR,Central Texas,137,Austin,SCHZ,1379402,BUDA_EAST,2941,0,0,71,100,63,63,892.28,0.91,33.54,0,0.01,0.04,0.3,8.37,11.98,12.64,0,0.33,101.28,0.32,3.23,0.21,NaN,0,0,NaN,NaN,NaN,NaN,0,0,NaN,0,0,3665.29,NaN,876.03,NaN,NaN,0,NaN,0,NaN,NaN,NaN,NaN,0,0,0,0,0,0.12,2,1673,1641.66,0
10/07/2025,04,5GNR,Central Texas,137,Austin,SCHZ,1379402,BUDA_EAST,3941,1.14,117,10250,100,6978,6976,74581.51,9.43,140.97,1.71,2.72,5.01,0.69,7.53,13.62,58008.98,0.03,8041.39,18329.18,34.69,7.59,0.29,NaN,0,0.12,0,NaN,0,0,4,0,0,4,0,8623.58,806.97,1486.15,1824.18,318.86,0,0,0,NaN,167.23,NaN,0,5.81,0.07,0,0,0,0.04,2,5204,72618.92,0
10/07/2025,04,5GNR,Central Texas,137,Austin,SCHZ,1379402,BUDA_SOUTH,2697,0,0,15,100,17,17,24.15,0.04,24.4,0,0,0.14,0.14,11.02,13.56,6.31,0,0.07,0.9,0,1.18,0,NaN,0,0,NaN,NaN,NaN,NaN,0,0,NaN,0,0,NaN,NaN,NaN,NaN,NaN,0,NaN,0,NaN,NaN,NaN,NaN,0,0,0,0,0,0,0,47,6.43,0
10/07/2025,04,5GNR,Central Texas,137,Austin,SCHZ,1379402,BUDA_SOUTH,3697,2.19,79,3609,100,1977,1974,23056.31,4.91,139.11,0.57,1.52,3.86,1.37,7.66,14.69,20673.85,0.15,893.77,2627.76,4.61,7.12,0,NaN,0,0.17,0,NaN,0,NaN,0,0,NaN,0,0,6628.05,671.17,895.33,3653.33,134.49,0,0,0,NaN,5949.9,NaN,27.4,0.48,0.02,0,0,0,0,0,2383,22880.4,0
10/07/2025,04,5GNR,Central Texas,137,Austin,SCHZ,1379402,CEDAR_VALLEY,2136,0.71,2,283,100,254,254,384.28,0.72,52.34,0,0,0.01,0.33,7.7,9.6,218.14,0,83.12,230.76,1.11,2.15,0.1,NaN,0,0,NaN,NaN,NaN,0,16,0,0,16,0,3186.78,2060.34,1017.24,2484.13,1.76,0,0,0,NaN,22.99,NaN,39.06,0.07,0.02,0,0,0,0,0,1014,453.86,0
10/07/2025,04,5GNR,Central Texas,137,Austin,SCHZ,1379402,CEDAR_VALLEY,3136,0.23,3,1328,100,968,968,7489.14,1.03,151.15,0.57,1.29,2.92,0.25,7.72,12.38,5477.58,0,434.72,678.24,2.28,2.51,0,NaN,0,0,NaN,NaN,NaN,NaN,0,0,NaN,0,0,NaN,NaN,NaN,NaN,NaN,0,NaN,0,NaN,NaN,NaN,NaN,0,0,0,0,0,0,0,148,7267.95,0
10/07/2025,04,5GNR,Central Texas,137,Austin,SCHZ,1379402,CHIMNEY_VALLEY,2840,0,0,79,100,76,76,3038.3,8.46,28.51,0.02,0.03,0.06,0.55,7.46,10.07,393.95,0,10.96,63.79,0.42,1.12,0,NaN,0,0.15,NaN,NaN,NaN,0,1,0,0,1,0,3000,2210.53,1145.83,478.26,0,0,0,0,NaN,0,NaN,0,0,0,0,0,0,0,0,614,3025.66,0
10/07/2025,04,5GNR,Central Texas,137,Austin,SCHZ,1379402,CHIMNEY_VALLEY,3840,0.47,3,641,100,583,583,15272.72,1.66,109.24,0.21,0.26,0.48,0.07,7.69,14.77,15905.48,0,933.29,1018.22,3.55,14.49,0,NaN,0,0,NaN,NaN,NaN,NaN,0,0,NaN,0,0,NaN,NaN,NaN,NaN,NaN,0,NaN,0,NaN,NaN,NaN,NaN,0,0,0,0,0,0,0,70,16085.89,0
10/07/2025,04,5GNR,Central Texas,137,Austin,SCHZ,1379402,CIRCLE_C,2129,0.63,1,159,100,148,147,370.51,0.62,49.89,0,0.03,0.09,0.53,8.43,9.66,94.12,0.68,1.94,65.87,0.33,1.15,0.12,NaN,0,0.32,NaN,NaN,NaN,0,1,0,0,1,0,3173.91,2035.71,1013.7,3102.56,1.76,0,0,0,NaN,0,NaN,51.95,0.01,0.02,0,0,0,1.18,21,1780,328.69,0
10/07/2025,04,5GNR,Central Texas,137,Austin,SCHZ,1379402,CIRCLE_C,3129,0.25,6,2426,100,1829,1828,19336.23,2.69,117.95,0.9,1.98,4.53,0.27,7.66,15.21,11607.94,0.05,1263.7,2504.71,4.28,7.24,0.04,NaN,0,1.03,0,NaN,0,0,5,0,0,5,0,7202.8,742.78,922.99,1633.57,85.87,0,0,0,NaN,1319.15,NaN,52.26,1.25,0.4,0,0,0,0,0,2276,19125.88,0
10/07/2025,04,5GNR,Central Texas,137,Austin,SCHZ,1379402,CLOVIS_BARKER,2250,4.55,1,22,100,17,17,263.24,0.58,23.25,0,0,0.04,10.68,8.8,10.44,3.78,0,0.09,12.76,0.09,0.95,41.98,NaN,0,0,NaN,NaN,NaN,NaN,0,0,NaN,0,0,NaN,NaN,NaN,NaN,NaN,0,NaN,0,NaN,NaN,NaN,NaN,0,0,0,0,0,0,0,611,23.61,0
10/07/2025,04,5GNR,Central Texas,137,Austin,SCHZ,1379402,CLOVIS_BARKER,3250,0.18,6,3315,100,2241,2241,33505.34,4.55,161.74,1.07,1.43,2.53,0.95,7.69,15.07,29384.92,0,3893.58,5019.01,8.18,9.98,0.36,NaN,0,0.12,0,NaN,0,0,3,0,0,3,0,6707.81,644.23,641.3,916.03,145.97,0,0,0,NaN,364.49,NaN,0,0.29,0.01,0,0,0,0,0,2486,33342.53,0
10/07/2025,04,5GNR,Central Texas,137,Austin,SCHZ,1379402,COUNTRY_ESTATES,2080,0,0,140,100,124,124,575.92,0.9,37.88,0,0,0.01,0.2,8.71,10.39,256.08,0,4.34,112.75,0.39,3.2,0.09,NaN,0,0,NaN,NaN,NaN,0,8,0,0,8,0,3198.86,2012.24,1181.27,1453.18,36.04,0,0,0,NaN,5490.22,NaN,137.27,1.48,0.29,0,0,0,0,0,1188,769.02,0
10/07/2025,04,5GNR,Central Texas,137,Austin,SCHZ,1379402,COUNTRY_ESTATES,3080,0,0,1474,100,1290,1290,18141.13,2.78,191.25,0.4,0.92,2.66,0.18,7.87,13.09,13597.15,0,338.69,589.81,1.31,3.18,0,NaN,0,0,NaN,NaN,NaN,0,2,0,0,2,0,7132.79,676.74,691.8,1656.05,NaN,0,0,0,NaN,231.02,NaN,89.74,0.17,0.09,0,0,0,0,0,1162,17712.77,0
10/07/2025,04,5GNR,Central Texas,137,Austin,SCHZ,1379402,CR120_CREEDMORE_STX,2731,0,0,149,100,143,143,25.92,0.09,69.66,0,0,0,0.76,7.37,6.45,25.18,0,0.03,63.76,0.32,0.6,0,NaN,0,0,NaN,NaN,NaN,NaN,0,0,NaN,0,0,NaN,NaN,NaN,NaN,NaN,0,NaN,0,NaN,NaN,NaN,NaN,0,0,0,0,0,0,0,274,32.73,0
10/07/2025,04,5GNR,Central Texas,137,Austin,SCHZ,1379402,CR120_CREEDMORE_STX,3731,0.37,13,3488,100,2358,2357,18245.97,2.67,131.61,0.63,1.51,3.49,0.59,7.74,13.37,16078.54,0.04,926.08,1530.96,2.77,6.36,0.69,NaN,0,0,NaN,NaN,NaN,0,1,0,0,1,0,9375,1000,1000,0,NaN,0,0,0,NaN,0,NaN,0,0,0,0,0,0,0,0,955,18010.7,0
10/07/2025,04,5GNR,Central Texas,137,Austin,SCHZ,1379402,CREEDMOOR,2008,0,0,206,100,172,172,1327.53,1.54,40.84,0,0,0.01,0.27,7.92,7.63,199.19,0,2.62,71.39,0.45,0.71,0.17,NaN,0,0.16,NaN,NaN,NaN,NaN,0,0,NaN,0,0,NaN,NaN,NaN,NaN,NaN,0,NaN,0,NaN,NaN,NaN,NaN,0,0,0,0,0,0,0,634,1282.24,0
10/07/2025,04,5GNR,Central Texas,137,Austin,SCHZ,1379402,CREEDMOOR,3008,1.81,47,2594,100,1967,1967,27829.66,4.21,139.28,0.89,1.34,2.61,0.45,7.56,13.9,23770.62,0,3094.64,4169.55,7.14,9.62,0.28,NaN,0,0,NaN,NaN,NaN,0,1,0,0,1,0,7375,875,875,0,NaN,0,0,0,NaN,0,NaN,NaN,0,0,0,0,0,0,0,1359,27598.53,0
10/07/2025,04,5GNR,Central Texas,137,Austin,SCHZ,1379402,DALE,2110,0.9,1,111,100,1,1,566.13,1.43,21.73,0.01,0.01,0,0.75,8.16,5.5,274.11,0,18.37,397.64,2.82,1.44,0,NaN,0,0,NaN,NaN,NaN,0,3,0,0,3,0,3000,1000,500,0,NaN,0,0,0,NaN,0,NaN,0,0,0,0,0,0,0,0,1399,707.26,0
10/07/2025,04,5GNR,Central Texas,137,Austin,SCHZ,1379402,DALE,3110,2.22,109,4911,100,4230,4225,66629.77,5.65,146.28,1.61,1.28,0.31,0.23,7.55,14,45307.95,0.12,2847.89,4610.42,7.6,5.88,0.17,NaN,0,0.08,0,NaN,0,0,7,0,0,7,0,7634.62,653.23,653.85,540.54,NaN,0,0,0,NaN,0,NaN,0,0.01,0.01,0,0,0,0.04,1,2641,66825.71,0
10/07/2025,04,5GNR,Central Texas,137,Austin,SCHZ,1379402,DALE_RANCH87,2865,0.48,4,841,100,601,601,1484.49,2.41,35.19,0.01,0.02,0.05,0.73,8.03,13.59,1272.15,0,38.38,99.37,0.4,2.74,0,NaN,0,0.45,0,NaN,0,0,2,0,0,2,0,3000,2000,1000,0,NaN,0,0,0,NaN,0,NaN,0,0,0,0,0,0,0,0,1074,1535.9,0
10/07/2025,04,5GNR,Central Texas,137,Austin,SCHZ,1379402,DALE_RANCH87,3865,2.59,18,694,50,470,470,5434.04,1.65,149.37,0.17,0.22,0.42,0.52,7.5,13.86,3208.58,0,80.02,150.98,0.45,1.41,0,NaN,0,0,NaN,NaN,NaN,0,2,0,0,2,0,10722.22,1444.44,1444.44,0,NaN,0,0,0,NaN,0,NaN,0,0,0,0,0,0,0,0,372,5321.43,0
10/07/2025,04,5GNR,Central Texas,137,Austin,SCHZ,1379402,DAVIS_LANE_REPL,2170,0,0,207,100,176,176,1503.03,2.42,62.89,0.03,0.03,0.02,1.05,8.33,11.77,1522.43,0,259.87,468.41,1.34,9.96,1.66,NaN,0,0.06,NaN,NaN,NaN,NaN,0,0,NaN,0,0,3000,3723.14,1861.57,6689.44,NaN,0,0,0,NaN,NaN,NaN,0,0,0,0,0,0,0,0,2603,1593.61,0
10/07/2025,04,5GNR,Central Texas,137,Austin,SCHZ,1379402,DAVIS_LANE_REPL,3170,0.22,4,1830,100,1198,1196,29269.84,3.97,156.4,0.76,2.18,5.39,0.52,7.89,17.08,19835.6,0.17,1560.63,2449.5,3.53,11.25,0.05,NaN,0,0.17,0,NaN,0,0,3,0,0,3,0,13249.55,2541.97,2491.1,104.17,NaN,0,0,0,NaN,0,NaN,0,0.02,0.01,0,0,0,0,0,1874,28703.32,0
10/07/2025,04,5GNR,Central Texas,137,Austin,SCHZ,1379402,DOVE_HOLLOW,2048,0,0,342,100,327,327,1143.71,1.62,34.35,0,0.02,0.03,3.55,8.01,7.5,560.5,0,12.22,116.58,1.46,0.7,0.08,NaN,0,0.07,NaN,NaN,NaN,NaN,0,0,NaN,0,0,NaN,NaN,NaN,NaN,NaN,0,NaN,0,NaN,NaN,NaN,NaN,0,0,0,0,0,0.07,2,2690,1124.3,0
10/07/2025,04,5GNR,Central Texas,137,Austin,SCHZ,1379402,DOVE_HOLLOW,3048,0.83,43,5167,100,3370,3369,42027.46,6.56,151.8,1.18,2.18,4.55,0.41,7.6,14.12,33432.63,0.03,3468.12,7619.12,16.57,5.37,0.17,NaN,0,0.27,0,NaN,0,0,13,0,0,13,0,7358.54,677.13,735.29,1858.74,46.81,0,0,0,NaN,0,NaN,0,0.21,0.07,0,0,0,0,0,2691,41835.71,0
10/07/2025,04,5GNR,Central Texas,137,Austin,SCHZ,1379402,DRIFTWOOD,2032,13.11,16,122,100,116,116,102.11,0.23,31.15,0,0,0,0.34,9.47,11.33,46.35,0,0.05,30.65,0.1,1.24,0,NaN,0,0,NaN,NaN,NaN,0,11,0,0,11,0,3196.97,2000,1000,430.77,0,0,0,0,NaN,30,NaN,0,0.01,0.01,0,0,0,0,0,640,107.07,0
10/07/2025,04,5GNR,Central Texas,137,Austin,SCHZ,1379402,DRIFTWOOD,3032,0.22,2,927,100,849,849,18162.02,2.46,248.36,0.23,0.52,1.51,0.06,7.67,12.08,18273.85,0,368.87,466.13,1.23,3.43,0.35,NaN,0,0,NaN,NaN,NaN,NaN,0,0,NaN,0,0,NaN,NaN,NaN,NaN,NaN,0,NaN,0,NaN,NaN,NaN,NaN,0,0,0,0,0,0,0,275,18305.88,0
10/07/2025,04,5GNR,Central Texas,137,Austin,SCHZ,1379402,DRIPPING_SPRINGS,2135,0,0,243,100,233,233,1319.61,1.69,72.63,0,0,0.01,0.6,8.3,7.51,689.71,0,2.53,651.34,4.62,7.06,0,NaN,0,0,NaN,NaN,NaN,0,2,0,0,2,0,3000,2000,1000,0,NaN,0,0,0,NaN,0,NaN,0,0,0,0,0,0,0.05,1,2164,1498.03,0
10/07/2025,04,5GNR,Central Texas,137,Austin,SCHZ,1379402,DRIPPING_SPRINGS,3135,0.67,11,1652,100,1344,1344,24109.26,3.02,181.5,1,1.71,3.57,0.16,7.64,11.87,22161.73,0,1215.84,1621.5,4.53,5.25,0.05,NaN,0,0.11,NaN,NaN,NaN,0,1,0,0,1,0,7597.09,590.48,657.77,986.11,0,0,0,0,NaN,0,NaN,0,0.12,0.05,0,0,0,0.05,1,1844,23502.9,0
10/07/2025,04,5GNR,Central Texas,137,Austin,SCHZ,1379402,ECEDAR_CREEK_AUSTX,2846,3.06,3,98,100,100,100,107.04,0.18,30.93,0,0,0.01,1.21,8.33,12.38,103.32,0,27.47,65.64,0.23,3.97,0,NaN,0,0,NaN,NaN,NaN,0,2,0,0,2,0,3071.43,2000,1000,0,NaN,0,0,0,NaN,0,NaN,0,0,0,0,0,0,0,0,871,112.65,0
10/07/2025,04,5GNR,Central Texas,137,Austin,SCHZ,1379402,ECEDAR_CREEK_AUSTX,3846,3.95,55,1394,100,1260,1259,11335.47,1.69,277.59,0.41,0.56,1.01,0.76,7.75,15.78,10816.21,0.08,299.2,454.68,0.78,2.7,0.86,NaN,0,0,NaN,NaN,NaN,NaN,0,0,NaN,0,0,NaN,NaN,NaN,NaN,NaN,0,NaN,0,NaN,NaN,NaN,NaN,0,0,0,0,0,0,0,540,11256.08,0
10/07/2025,04,5GNR,Central Texas,137,Austin,SCHZ,1379402,ELLIOT_RANCH,2134,0,0,56,100,51,51,746.61,0.82,46.33,0,0,0.01,0.07,7.35,12.93,186.89,0,4.6,19.15,0.05,0.94,0,NaN,0,0,NaN,NaN,NaN,NaN,0,0,NaN,0,0,NaN,NaN,NaN,NaN,NaN,0,NaN,0,NaN,NaN,NaN,NaN,0,0,0,0,0,0,0,149,1826.11,0
10/07/2025,04,5GNR,Central Texas,137,Austin,SCHZ,1379402,ELLIOT_RANCH,3134,1.5,17,1130,100,910,910,9223.52,1.85,129.06,0.2,0.44,1.12,1.61,7.35,10.1,7432.01,0,292.6,398.48,1.54,2.31,0,NaN,0,0,NaN,NaN,NaN,NaN,0,0,NaN,0,0,NaN,NaN,NaN,NaN,NaN,0,NaN,0,NaN,NaN,NaN,NaN,0,0,0,0,0,0,0,81,8096.2,0
10/07/2025,04,5GNR,Central Texas,137,Austin,SCHZ,1379402,FENTRESS,2230,4.7,7,149,100,136,136,23,0.1,3.28,0,0,0.18,81,1.81,10.28,0.71,0,0.01,0.12,0,0.85,25,NaN,0,0,NaN,NaN,NaN,NaN,0,0,NaN,0,0,NaN,NaN,NaN,NaN,NaN,0,NaN,0,NaN,NaN,NaN,NaN,0,0,0,0,0,0,0,6,0.72,0
10/07/2025,04,5GNR,Central Texas,137,Austin,SCHZ,1379402,FENTRESS,3230,13.33,342,2565,100,2008,2006,61563.87,11.54,220.32,0.76,1.26,2.7,1.03,7.38,12.29,59824.7,0.1,541.99,975.53,2.22,2.94,0.17,NaN,0,0.09,NaN,NaN,NaN,NaN,0,0,NaN,0,0,NaN,NaN,NaN,NaN,NaN,0,NaN,0,NaN,NaN,NaN,NaN,0,0,0,0,0,0.17,2,1152,61325.6,0
10/07/2025,04,5GNR,Central Texas,137,Austin,SCHZ,1379402,FITZHUGH,2017,0,0,55,100,21,21,127.99,0.18,105.59,0,0,0.01,0.11,8.51,10.12,93.91,0,0.11,10.08,0.06,2.21,0,NaN,0,0,NaN,NaN,NaN,NaN,0,0,NaN,0,0,NaN,NaN,NaN,NaN,NaN,0,NaN,0,NaN,NaN,NaN,NaN,0,0,0,0,0,0,0,283,163.98,0
10/07/2025,04,5GNR,Central Texas,137,Austin,SCHZ,1379402,FITZHUGH,3017,1.1,12,1092,100,733,733,3108.86,0.63,107.11,0.49,2.12,5,0.38,7.6,12.22,2460.5,0,1140.2,1366.25,4.89,2.99,0.5,NaN,0,0.35,NaN,NaN,NaN,NaN,0,0,NaN,0,0,NaN,NaN,NaN,NaN,NaN,0,NaN,0,NaN,NaN,NaN,NaN,0,0,0,0,0,0,0,563,2981.52,0
10/07/2025,04,5GNR,Central Texas,137,Austin,SCHZ,1379402,FM1625_COLTON_STX,2735,7.69,10,130,100,103,103,693.84,1.05,36,0,0.02,0.09,0.64,7.73,11.1,487.13,0,10.79,44.21,0.16,1.65,0,NaN,0,0.29,NaN,NaN,NaN,NaN,0,0,NaN,0,0,NaN,NaN,NaN,NaN,NaN,0,NaN,0,NaN,NaN,NaN,NaN,0,0,0,0,0,0,0,646,1001.87,0
10/07/2025,04,5GNR,Central Texas,137,Austin,SCHZ,1379402,FM1625_COLTON_STX,3735,2.35,65,2764,100,2196,2193,25537.2,3.79,138.18,0.72,1.61,3.79,0.89,7.73,13.66,16023.54,0.14,2333.66,3362.15,5.28,11.99,0.49,NaN,0,0.18,NaN,NaN,NaN,NaN,0,0,NaN,0,0,7500,42500,42500,0,NaN,0,0,0,NaN,NaN,NaN,NaN,0,0,0,0,0,0,0,1143,24849.1,0
10/07/2025,04,5GNR,Central Texas,137,Austin,SCHZ,1379402,FM_812,2004,0,0,177,100,162,162,207.53,0.11,48.65,0,0,0.03,NaN,7.53,13.77,47.22,0,4.43,37.26,0.06,1.82,0.4,NaN,0,0.32,NaN,NaN,NaN,0,5,0,0,5,0,3031.53,1942.53,977.68,1355.14,0,0,0,0,NaN,0,NaN,0,0.02,0.02,0,0,0,0.35,1,286,201.94,0
10/07/2025,04,5GNR,Central Texas,137,Austin,SCHZ,1379402,FM_812,3004,1.27,36,2835,100,2205,2204,6068.53,1.06,174.56,0.19,0.71,2.55,0.88,8.11,14.72,4749.88,0.05,139.31,273.97,0.71,1.31,0.72,NaN,0,0.31,NaN,NaN,NaN,NaN,0,0,NaN,0,0,6400,700,700,0,NaN,0,0,0,NaN,0,NaN,0,0,0,0,0,0,0,0,669,5992.41,0
10/07/2025,04,5GNR,Central Texas,137,Austin,SCHZ,1379402,FM_967,2034,0,0,7,100,4,4,12.96,0.03,10.35,0,0,0,1.08,8.33,10.65,0.06,0,0.01,4.87,0.02,3.01,0,NaN,0,0,NaN,NaN,NaN,NaN,0,0,NaN,0,0,NaN,NaN,NaN,NaN,NaN,0,NaN,0,NaN,NaN,NaN,NaN,0,0,0,0,0,0,0,143,13.55,0
10/07/2025,04,5GNR,Central Texas,137,Austin,SCHZ,1379402,FM_967,3034,6.32,35,554,100,173,172,588.83,0.14,161.42,0.07,0.47,3.82,0.86,7.48,11.23,555.72,0.58,18.82,31.99,0.1,0.73,6.25,NaN,0,3.41,NaN,NaN,NaN,NaN,0,0,NaN,0,0,NaN,NaN,NaN,NaN,NaN,0,NaN,0,NaN,NaN,NaN,NaN,0,0,0,0,0,0,0,84,581.08,0
10/07/2025,04,5GNR,Central Texas,137,Austin,SCHZ,1379402,GUNNARSON,2140,2.63,1,38,100,27,27,335.79,1.21,6.15,0,0,0.03,0.14,7.86,9.68,92.27,0,0.05,22.44,0.09,2.11,0,NaN,0,0,NaN,NaN,NaN,NaN,0,0,NaN,0,0,NaN,NaN,NaN,NaN,NaN,0,NaN,0,NaN,NaN,NaN,NaN,0,0,0,0,0,0,0,468,383.47,0
10/07/2025,04,5GNR,Central Texas,137,Austin,SCHZ,1379402,GUNNARSON,3140,6.07,78,1286,66.67,753,753,10787.36,2.89,84.8,0.84,1.66,3.14,0.38,7.3,11.51,10416.29,0,1147.22,1610.91,6.67,2.84,0,NaN,0,0.12,NaN,NaN,NaN,NaN,0,0,NaN,0,0,NaN,NaN,NaN,NaN,NaN,0,NaN,0,NaN,NaN,NaN,NaN,0,0,0,0,0,0,0,842,10729.87,0
10/07/2025,04,5GNR,Central Texas,137,Austin,SCHZ,1379402,HAMILTON_POOL,2352,29.38,62,211,100,147,147,649.71,0.58,61.79,0,0,0,0.2,7.98,10.51,75.37,0,1.86,34.93,0.13,2.4,0,NaN,0,0,NaN,NaN,NaN,NaN,0,0,NaN,0,0,NaN,NaN,NaN,NaN,NaN,0,NaN,0,NaN,NaN,NaN,NaN,0,0,0,0,0,0,0,740,733.92,0
10/07/2025,04,5GNR,Central Texas,137,Austin,SCHZ,1379402,HAMILTON_POOL,3352,6.87,113,1646,100,1617,1617,10457.54,1.53,179.71,0.24,0.73,2.01,0.23,7.47,9.03,7417.78,0,261.24,382.77,2.12,2.3,1.12,NaN,0,0,0,NaN,0,NaN,0,0,NaN,0,0,NaN,NaN,NaN,NaN,NaN,0,NaN,0,NaN,NaN,NaN,NaN,0,0,0,0,0,0,0,285,10234.28,0
10/07/2025,04,5GNR,Central Texas,137,Austin,SCHZ,1379402,HARDIN_LOOP,2109,0,0,28,100,25,25,24.92,0.08,23.23,0,0,0.02,0.56,7.75,10,11.99,0,0.04,9.76,0.04,1.34,0,NaN,0,0,NaN,NaN,NaN,NaN,0,0,NaN,0,0,NaN,NaN,NaN,NaN,NaN,0,NaN,0,NaN,NaN,NaN,NaN,0,0,0,0,0,0.23,1,437,23.45,0
10/07/2025,04,5GNR,Central Texas,137,Austin,SCHZ,1379402,HARDIN_LOOP,3109,0.11,2,1860,100,1355,1355,22630.08,2.82,224.67,0.46,1.11,2.92,0.25,7.41,13.55,22548.59,0,1362.92,1665.23,3.45,7.02,0.6,NaN,0,0,NaN,NaN,NaN,NaN,0,0,NaN,0,0,NaN,NaN,NaN,NaN,NaN,0,NaN,0,NaN,NaN,NaN,NaN,0,0,0,0,0,0,0,440,22567.3,0
10/07/2025,04,5GNR,Central Texas,137,Austin,SCHZ,1379402,HAYSEL,2037,0,0,48,100,42,42,288.94,0.41,14.88,0,0.01,0.05,0.45,10.17,10.7,3.94,0,0.27,45.1,0.18,2.06,0.45,NaN,0,0.22,NaN,NaN,NaN,NaN,0,0,NaN,0,0,NaN,NaN,NaN,NaN,NaN,0,NaN,0,NaN,NaN,NaN,NaN,0,0,0,0,0,0,0,1270,265.19,0
10/07/2025,04,5GNR,Central Texas,137,Austin,SCHZ,1379402,HAYSEL,3037,0.35,13,3762,100,2686,2686,35429.44,3.49,240.07,0.64,0.58,0.42,0.57,7.87,14.33,20882.82,0,2110.24,3790.49,4.43,5.03,0.26,NaN,0,0.19,0,NaN,0,NaN,0,0,NaN,0,0,NaN,NaN,NaN,NaN,NaN,0,NaN,0,NaN,NaN,NaN,NaN,0,0,0,0,0,0,0,1643,35347.62,0
10/07/2025,04,5GNR,Central Texas,137,Austin,SCHZ,1379402,HEADWATERS,2042,0,0,17,100,11,11,134.04,0.17,54.72,0,0,0,0.32,7.8,11.68,83.94,0,0.23,11.91,0.05,1.57,0,NaN,0,0.25,NaN,NaN,NaN,0,1,0,0,1,0,3011.9,2000,1000,2958.33,1.64,0,0,0,NaN,0,NaN,11355.56,0.01,0.01,0,0,0,0,0,382,133.56,0
10/07/2025,04,5GNR,Central Texas,137,Austin,SCHZ,1379402,HEADWATERS,3042,0,0,521,100,355,355,6457.49,0.82,113.75,0.31,1.1,2.83,0.25,7.71,13.32,5333.86,0,456.91,1077.61,3.41,4.81,0,NaN,0,0.12,NaN,NaN,NaN,0,1,0,0,1,0,6959.88,772.73,839.51,1095.59,0,0,0,0,NaN,0,NaN,0,0.07,0.03,0,0,0,0,0,872,6348.98,0
10/07/2025,04,5GNR,Central Texas,137,Austin,SCHZ,1379402,HENLY,2302,0,0,84,100,83,83,45.06,0.21,22.55,0,0,0.01,1.52,9.61,13.36,20.33,0,0.21,10.41,0.06,1.19,0,NaN,0,0,NaN,NaN,NaN,0,2,0,0,2,0,3000,4312.24,2155.46,6877.12,NaN,0,0,0,NaN,36000,NaN,0,0,0,0,0,0,0,0,119,22.36,0
10/07/2025,04,5GNR,Central Texas,137,Austin,SCHZ,1379402,HENLY,3302,6.66,122,1832,100,1431,1431,6173.12,0.87,163.5,0.38,0.94,2.75,0.51,8.23,10.88,5317.2,0,95.99,193.21,0.9,1.9,0.25,NaN,0,0,NaN,NaN,NaN,NaN,0,0,NaN,0,0,9206.35,2270,2269.84,0,NaN,0,0,0,NaN,16500,NaN,NaN,0,0,0,0,0,0.14,1,724,6080.42,0
10/07/2025,04,5GNR,Central Texas,137,Austin,SCHZ,1379402,HILLIARD_ROAD,2044,0,0,300,100,277,277,372.88,0.56,37.57,0,0,0,0.52,8.45,9.52,99.7,0,4.3,25.57,0.13,0.91,0,NaN,0,0,NaN,NaN,NaN,NaN,0,0,NaN,0,0,NaN,NaN,NaN,NaN,NaN,0,NaN,0,NaN,NaN,NaN,NaN,0,0,0,0,0,0,0,386,335.71,0
10/07/2025,04,5GNR,Central Texas,137,Austin,SCHZ,1379402,HILLIARD_ROAD,3044,2.63,35,1333,100,1010,1010,28510.35,3.46,130.95,0.99,1.16,1.58,0.15,7.37,12.45,27136.03,0,1779.19,2186.35,5.51,5,0.25,NaN,0,0.28,NaN,NaN,NaN,NaN,0,0,NaN,0,0,NaN,NaN,NaN,NaN,NaN,0,NaN,0,NaN,NaN,NaN,NaN,0,0,0,0,0,0,0,377,28325.89,0
10/07/2025,04,5GNR,Central Texas,137,Austin,SCHZ,1379402,HOPKINS,2353,0,0,69,100,35,35,163.06,0.27,36.72,0,0,0.03,5.2,7.21,10.12,92.66,0,3.98,22.04,0.1,1.1,0.3,NaN,0,0,NaN,NaN,NaN,0,3,0,0,3,0,3378.95,2000,1540.19,369.34,47.87,0,0,0,NaN,63451.6,NaN,162.08,3.23,0.06,0,0,0,0,0,399,142.64,0
10/07/2025,04,5GNR,Central Texas,137,Austin,SCHZ,1379402,HOPKINS,3353,0.37,10,2695,100,1725,1723,17924.14,2.66,115.25,0.64,1.05,2.21,0.53,7.79,13.6,12684.6,0.12,1476.12,2368.46,5.24,5.71,0.06,NaN,0,0.06,NaN,NaN,NaN,0,3,0,0,3,0,7113.4,763.16,819.59,1609.76,76.46,0,0,0,NaN,0,NaN,0,0.08,0.01,0,0,0,0,0,1621,17610.14,0
10/07/2025,04,5GNR,Central Texas,137,Austin,SCHZ,1379402,HUTCHISON,2254,0.58,1,172,100,47,47,702.91,0.72,26.85,0,0,0.01,0.42,8.05,12.14,453.14,0,19.39,55.75,0.2,2.25,0,NaN,0,0,NaN,NaN,NaN,0,8,0,0,8,0,3656.73,2212.46,1718.59,751.77,150.96,0,0,0.01,NaN,19592.84,NaN,113.23,16.41,0.08,0,0,0,0,0,864,648.62,0
10/07/2025,04,5GNR,Central Texas,137,Austin,SCHZ,1379402,HUTCHISON,3254,0.18,1,570,100,335,335,8228.95,1.46,221.76,0.35,0.95,2.68,0.55,7.81,15.93,7541.48,0,1022.64,1516.98,3.46,13.56,0.08,NaN,0,0,NaN,NaN,NaN,0,1,0,0,1,0,8331.96,626.34,1585.27,765.46,146.6,0,0,0,NaN,0,NaN,0,2.61,0.42,0,0,0,0,0,1152,8144.25,0
10/07/2025,04,5GNR,Central Texas,137,Austin,SCHZ,1379402,HWY_183_SOUTH,2147,0.65,1,154,100,109,109,83.86,0.19,30.97,0,0,0.03,0.87,8.6,10.47,34.42,0,0.75,9.2,0.05,1.05,1.53,NaN,0,0.63,NaN,NaN,NaN,NaN,0,0,NaN,0,0,NaN,NaN,NaN,NaN,NaN,0,NaN,0,NaN,NaN,NaN,NaN,0,0,0,0,0,1.76,5,284,62.08,0
10/07/2025,04,5GNR,Central Texas,137,Austin,SCHZ,1379402,HWY_183_SOUTH,3147,0.77,22,2839,100,1683,1681,18973.26,2.8,205.46,0.41,0.85,1.96,0.69,7.64,12.93,16283.39,0.12,675.78,1049.12,2.14,3.78,1.09,NaN,0,0,0,NaN,0,NaN,0,0,NaN,0,0,NaN,NaN,NaN,NaN,NaN,0,NaN,0,NaN,NaN,NaN,NaN,0,0,0,0,0,0,0,861,18863.49,0
10/07/2025,04,5GNR,Central Texas,137,Austin,SCHZ,1379402,HYATT_LOST_PINES,2389,0,0,154,100,135,135,2041.08,2.56,28.57,0.1,0.09,0.08,NaN,7.35,8.06,338.08,0,29.93,260.1,1.32,0.71,0.47,NaN,0,0,NaN,NaN,NaN,0,7,0,0,7,0,3008.47,2011.95,1008.36,2190.31,0.91,0,0,0,NaN,55.05,NaN,0,0.06,0.03,0,0,0,0,0,1615,1991.19,0
10/07/2025,04,5GNR,Central Texas,137,Austin,SCHZ,1379402,HYATT_LOST_PINES,3389,0.71,1,140,100,104,104,1742.23,0.34,139.66,0,0.01,0.05,2.83,7.44,9.82,1389.02,0,119.87,167.95,0.32,1.93,0,NaN,0,0,NaN,NaN,NaN,0,9,0,0,9,0,7104.96,635.09,631.88,3267.06,NaN,0,0,0,NaN,0,NaN,578.64,0.06,0.06,0,0,0,0,0,424,1730.71,0
10/07/2025,04,5GNR,Central Texas,137,Austin,SCHZ,1379402,KEITH_HARRIS_MEMORIAL,2350,0,0,207,100,212,212,38.79,0.07,18.02,0,0,0.01,0.28,7.85,9.41,4.34,0,0.05,11.18,0.06,1.36,0.37,NaN,0,0,NaN,NaN,NaN,NaN,0,0,NaN,0,0,NaN,NaN,NaN,NaN,NaN,0,NaN,0,NaN,NaN,NaN,NaN,0,0,0,0,0,0,0,551,38.98,0
10/07/2025,04,5GNR,Central Texas,137,Austin,SCHZ,1379402,KEITH_HARRIS_MEMORIAL,3350,0.89,6,674,100,412,412,9600.68,1.32,264.11,0.14,0.32,0.89,0.28,7.33,15.23,8369.6,0,658.86,907.94,1.76,4.67,0,NaN,0,0.53,NaN,NaN,NaN,NaN,0,0,NaN,0,0,NaN,NaN,NaN,NaN,NaN,0,NaN,0,NaN,NaN,NaN,NaN,0,0,0,0,0,0,0,382,9529.77,0
10/07/2025,04,5GNR,Central Texas,137,Austin,SCHZ,1379402,KYLE,2141,0.43,2,467,100,387,387,1148.51,2.29,39.96,0.04,0.14,0.29,0.65,8.31,9.07,619.67,0,39.35,141.73,0.72,0.98,0.48,NaN,0,0.1,0,NaN,0,0,2,0,0,2,0,3020.98,2000,994.44,2175.82,2.05,0,0,0,NaN,0,NaN,67.42,0.02,0.02,0,0,0,0.6,17,2827,1186.16,0
10/07/2025,04,5GNR,Central Texas,137,Austin,SCHZ,1379402,KYLE,3141,0.73,20,2747,100,1683,1682,38439.69,4.77,186.41,1.01,0.92,0.69,0.39,7.6,15.34,31291.92,0.06,3846.34,5246.18,11.15,8.74,1.1,NaN,0,0.3,0,NaN,0,0,1,0,0,1,0,7500,815.6,802.68,1504.5,0,0,0,0,NaN,0,NaN,18.6,0.16,0.04,0,0,0,0,0,2049,37776.97,0
10/07/2025,04,5GNR,Central Texas,137,Austin,SCHZ,1379402,KYLE_DACY,3257,1.36,74,5439,100,2921,2919,41574.79,6.9,205.43,1.01,1.8,3.81,0.55,7.68,14.61,36094.43,0.07,3194.75,4420.19,11.46,6.33,0.18,NaN,0,0.18,0,NaN,0,0,3,0,0,3,0,7343.11,718.75,677.3,1061.82,49.15,0,0,0,NaN,0,NaN,0,0.37,0.04,0,0,0,0,0,2207,41408.07,0
10/07/2025,04,5GNR,Central Texas,137,Austin,SCHZ,1379402,KYLE_WINDMILL_STX,3722,0.68,30,4385,100,2236,2236,36019.06,4.37,176.51,0.92,1.75,4.18,0.65,7.88,14.5,19543.34,0,1299.51,2401.83,4.98,5.97,0.07,NaN,0,0.14,0,NaN,0,0,3,0,0,3,0,8611.11,777.78,777.78,0,NaN,0,0,0,NaN,0,NaN,0,0,0,0,0,0,0,0,1441,35219.48,0
10/07/2025,04,5GNR,Central Texas,137,Austin,SCHZ,1379402,LACROSSE,2879,0,0,36,100,28,28,922.58,0.9,20.39,0,0,0.02,0.3,7.79,10.96,8.91,0,0.07,24.39,0.08,2.37,0,NaN,0,0,NaN,NaN,NaN,NaN,0,0,NaN,0,0,NaN,NaN,NaN,NaN,NaN,0,NaN,0,NaN,NaN,NaN,NaN,0,0,0,0,0,0,0,467,1039.31,0
10/07/2025,04,5GNR,Central Texas,137,Austin,SCHZ,1379402,LACROSSE,3879,0,0,247,100,205,205,305.12,0.11,78.06,0.02,0.05,1.01,0.25,9.1,15.16,147.7,0,18.6,30.46,0.05,2.17,0,NaN,0,0,NaN,NaN,NaN,0,1,0,0,1,0,9416.67,916.67,916.67,0,NaN,0,0,0,NaN,0,NaN,0,0,0,0,0,0,0,0,249,150.71,0
10/07/2025,04,5GNR,Central Texas,137,Austin,SCHZ,1379402,LCRA_HIGH_CROSS,2144,0.88,3,340,100,240,240,1971.95,2.01,68.97,0.01,0.03,0.07,0.67,8.5,9.13,1048.94,0,48.6,132.97,0.83,1.55,0.05,NaN,0,0.13,0,NaN,0,0,1,0,0,1,0,3801.91,4038.46,3878.05,2656.25,0,0,0,0,NaN,508.2,NaN,120.25,0.31,0.13,0,0,0,0.43,10,2323,1486.84,0
10/07/2025,04,5GNR,Central Texas,137,Austin,SCHZ,1379402,LCRA_HIGH_CROSS,3144,0.24,11,4625,100,3566,3566,49107.59,7.34,180.26,1,1.52,2.7,0.81,7.63,13.93,42123.71,0,5483.54,7688.44,19.08,5.96,0.13,NaN,0,0.15,0,NaN,0,0,1,0,0,1,0,8050,781.25,725,526.32,NaN,0,0,0,NaN,0,NaN,0,0,0,0,0,0,0.05,1,2125,49008.71,0
10/07/2025,04,5GNR,Central Texas,137,Austin,SCHZ,1379402,LOCKHART,2145,0.39,1,255,100,214,214,4082.87,3.97,37.35,0.02,0.03,0.06,0.33,7.58,9.09,241.49,0,32.4,106.69,0.48,1.75,0.14,NaN,0,0.51,0,NaN,0,0,8,0,0,8,0,3368.64,2480.77,1569.23,833.33,0,0,0,0,NaN,0,NaN,45.45,0.02,0.02,0,0,0,0.33,5,1497,5171.96,0
10/07/2025,04,5GNR,Central Texas,137,Austin,SCHZ,1379402,LOCKHART,3145,2.46,72,2931,100,1936,1936,18812.19,3.77,107.84,0.46,0.95,2.29,0.6,7.67,12.95,15374.87,0,574.24,883.33,2.45,1.45,1.23,NaN,0,0,0,NaN,0,0,2,0,0,2,0,6850,1050,1050,0,NaN,0,0,0,NaN,0,NaN,0,0,0,0,0,0,0.12,1,801,17602.88,0
10/07/2025,04,5GNR,Central Texas,137,Austin,SCHZ,1379402,LOTUS_STX,2863,0,0,226,100,228,228,143.75,0.27,43.72,0,0,0,0.17,8.34,10.44,171.66,0,14.88,32.52,0.11,3.34,0,NaN,0,0,NaN,NaN,NaN,0,3,0,0,3,0,3041.67,2622.05,1279.41,1469.7,3.11,0,0,0,NaN,0,NaN,297.98,0.06,0.05,0,0,0,0,0,446,177.92,0
10/07/2025,04,5GNR,Central Texas,137,Austin,SCHZ,1379402,LOTUS_STX,3863,0.22,1,446,100,329,329,1256.46,0.27,169.89,0.1,0.52,3.19,0.16,7.8,15.85,1128.34,0,103.91,139.45,0.21,1.33,0,NaN,0,0,NaN,NaN,NaN,NaN,0,0,NaN,0,0,NaN,NaN,NaN,NaN,NaN,0,NaN,0,NaN,NaN,NaN,NaN,0,0,0,0,0,0,0,73,1203.43,0
10/07/2025,04,5GNR,Central Texas,137,Austin,SCHZ,1379402,LOWER_PURGATORY_AUSTX,2740,0.36,1,280,100,285,285,1546.86,1.44,68.63,0,0,0.01,0.39,8.04,14.21,981.68,0,44.33,130.31,0.38,2.91,0.1,NaN,0,0.09,NaN,NaN,NaN,0,2,0,0,2,0,3415.58,1978.26,974.68,3485.71,NaN,0,0,0,NaN,0,NaN,14.29,0.03,0.02,0,0,0,0.09,1,1110,2175.89,0
10/07/2025,04,5GNR,Central Texas,137,Austin,SCHZ,1379402,LOWER_PURGATORY_AUSTX,3740,0.66,26,3942,100,3109,3109,30157.17,5.19,133.78,1.05,1.88,3.78,0.43,7.65,14.68,26628.95,0,1750.33,2942.64,5.57,3.94,0.07,NaN,0,0.11,0,NaN,0,NaN,0,0,NaN,0,0,6500,1500,1500,0,NaN,0,0,0,NaN,NaN,NaN,NaN,0,0,0,0,0,0,0,2747,29173.66,0
10/07/2025,04,5GNR,Central Texas,137,Austin,SCHZ,1379402,LYTTON_SPRINGS,2252,2.68,8,298,100,276,276,344.08,0.64,54.17,0,0.01,0.02,1.04,8.35,6.24,248.58,0,7.4,145.83,0.98,1.49,0,NaN,0,0,NaN,NaN,NaN,0,1,0,0,1,0,3000,1095.24,543.48,555.56,NaN,0,0,0,NaN,0,NaN,0,0,0,0,0,0,0.24,2,823,349.08,0
10/07/2025,04,5GNR,Central Texas,137,Austin,SCHZ,1379402,LYTTON_SPRINGS,3252,7.61,217,2852,100,2208,2207,28531.32,5.37,154.13,0.24,0.7,1.79,0.33,7.41,11.36,19800.17,0.05,1269.28,1625.27,6.03,1.6,0.54,NaN,0,0,NaN,NaN,NaN,0,1,0,0,1,0,6875,500,500,0,NaN,0,0,0,NaN,0,NaN,0,0,0,0,0,0,0,0,847,29124.7,0
10/07/2025,04,5GNR,Central Texas,137,Austin,SCHZ,1379402,MAIN_STREET_REPL,2237,4,1,25,100,19,19,437.84,0.53,51.88,0,0,0.02,0.24,7.57,9.53,160.38,0,3.05,20.61,0.1,1.58,0,NaN,0,5.81,NaN,NaN,NaN,NaN,0,0,NaN,0,0,NaN,NaN,NaN,NaN,NaN,0,NaN,0,NaN,NaN,NaN,NaN,0,0,0,0,0,0,0,293,463.3,0
10/07/2025,04,5GNR,Central Texas,137,Austin,SCHZ,1379402,MAIN_STREET_REPL,3237,0.2,5,2563,100,2363,2363,26491.05,3.73,174.33,0.76,1.33,2.44,0.18,7.55,12.57,22590.59,0,2075.55,2862.04,6.41,2.84,0,NaN,0,0,NaN,NaN,NaN,NaN,0,0,NaN,0,0,NaN,NaN,NaN,NaN,NaN,0,NaN,0,NaN,NaN,NaN,NaN,0,0,0,0,0,0,0,1177,26222.21,0
10/07/2025,04,5GNR,Central Texas,137,Austin,SCHZ,1379402,MANCHACA,2100,2.8,9,322,100,268,268,715.17,1.16,49.66,0,0.06,0.14,0.61,8.02,11.43,475.95,0,6.62,123.91,0.56,1.56,0.12,NaN,0,0.27,NaN,NaN,NaN,0,6,0,0,6,0,3019.37,2701.24,1309.44,1442.11,1.29,0,0,0,NaN,27.27,NaN,0,0.05,0.04,0,0,0,1.12,31,2774,4398.11,0
10/07/2025,04,5GNR,Central Texas,137,Austin,SCHZ,1379402,MANCHACA,3100,0.29,8,2752,100,2281,2281,39698.49,5.22,154.02,1.28,1.5,2.2,0.36,7.58,13.91,32147.82,0,1338.13,1908.79,4.08,4.28,0.1,NaN,0,0.05,0,NaN,0,0,4,0,0,4,0,7534,656.86,632.9,1080.62,125.61,0,0,0,NaN,141.85,NaN,0,0.63,0.27,0,0,0,0.16,3,1870,35510.4,0
10/07/2025,04,5GNR,Central Texas,137,Austin,SCHZ,1379402,MARIE,2097,0,0,12,100,8,8,48.39,0.07,33.16,0,0,0.06,0.47,8.59,9.47,2.36,0,0.01,4.47,0.02,0.77,0,NaN,0,0,NaN,NaN,NaN,NaN,0,0,NaN,0,0,NaN,NaN,NaN,NaN,NaN,0,NaN,0,NaN,NaN,NaN,NaN,0,0,0,0,0,0,0,334,7.08,0
10/07/2025,04,5GNR,Central Texas,137,Austin,SCHZ,1379402,MARIE,3097,0.97,16,1655,100,1361,1359,26347.24,3.13,170.45,0.69,1.16,2.33,0.17,7.51,12.94,16861.89,0.15,3120.23,4148.54,8.66,7.43,0,NaN,0,0.09,NaN,NaN,NaN,NaN,0,0,NaN,0,0,NaN,NaN,NaN,NaN,NaN,0,NaN,0,NaN,NaN,NaN,NaN,0,0,0,0,0,0.09,1,1153,26019.65,0
10/07/2025,04,5GNR,Central Texas,137,Austin,SCHZ,1379402,MCCARTY,2132,7.89,3,38,100,25,25,491.98,0.61,31.31,0,0,0.01,0.43,8.49,9.71,9.72,0,0.6,30.3,0.15,1.29,0.21,NaN,0,0.16,NaN,NaN,NaN,0,1,0,0,1,0,6500,2000,1000,0,NaN,0,0,0,NaN,0,NaN,0,0,0,0,0,0,0,0,586,531.02,0
10/07/2025,04,5GNR,Central Texas,137,Austin,SCHZ,1379402,MCCARTY,3132,0.95,53,5550,100,4161,4159,94185.26,12.23,147.38,1.29,1.95,4.27,0.68,7.6,17.18,70290.64,0.05,4240.83,6938.15,8.18,13.56,0.13,NaN,0,0.07,0,NaN,0,0,11,0,0,11,0,7166.2,1087.7,1482.85,1060.94,69.01,0,0,0,NaN,165.66,NaN,14.52,1.88,0.51,0,0,0,0,0,3015,93404.29,0
10/07/2025,04,5GNR,Central Texas,137,Austin,SCHZ,1379402,MCKOWN,2819,0,0,39,100,32,32,95.16,0.1,40.93,0,0,0,0.41,9.2,10.37,20.63,0,0.33,19.46,0.06,3.29,0,NaN,0,0,NaN,NaN,NaN,0,12,0,0,12,0,3136.96,2187.88,1130.43,2488.48,0.63,0,0,0,NaN,26.09,NaN,0,0.07,0.04,0,0,0,0,0,242,41.31,0
10/07/2025,04,5GNR,Central Texas,137,Austin,SCHZ,1379402,MCKOWN,3819,0.2,1,493,100,417,417,2925.52,0.34,157.8,0.07,0.3,2.16,0.61,8.08,15.21,2243.2,0,79.79,145.73,0.25,5.39,0,NaN,0,0,NaN,NaN,NaN,NaN,0,0,NaN,0,0,NaN,NaN,NaN,NaN,NaN,0,NaN,0,NaN,NaN,NaN,NaN,0,0,0,0,0,0,0,233,2931.43,0
10/07/2025,04,5GNR,Central Texas,137,Austin,SCHZ,1379402,MENDOZA,2146,0.18,2,1122,100,1055,1054,1418.39,2.12,32.55,0,0.01,0.03,0.28,8.51,10.65,1307.33,0.09,37.23,158.69,0.92,3.22,0.69,NaN,0,0.07,0,NaN,0,NaN,0,0,NaN,0,0,4726.34,2586.21,1559.43,1272.73,NaN,0,0,0,NaN,11931.33,NaN,45.98,0.33,0.01,0,0,0,0,0,1464,1500.46,0
10/07/2025,04,5GNR,Central Texas,137,Austin,SCHZ,1379402,MENDOZA,3146,0.82,20,2433,100,1944,1943,11994.56,1.78,160.29,0.74,1.49,3.44,0.44,7.91,15.87,11006.53,0.05,610.44,921.65,1.92,2.03,0.18,NaN,0,0.31,0,NaN,0,0,2,0,0,2,0,7551.63,675.15,1427.99,1019.7,260.17,0,0,0,NaN,1989.79,NaN,20.66,14.71,0.35,0,0,0,0,0,1007,11697.69,0
10/07/2025,04,5GNR,Central Texas,137,Austin,SCHZ,1379402,MOPAC_SLAUGHTER,3861,0.29,6,2102,100,1620,1620,11141.19,1.74,161.55,0.56,1.18,2.49,0.27,7.54,12.68,8004.51,0,1650.43,2691.53,5.42,9.19,0.12,NaN,0,0.75,NaN,NaN,NaN,NaN,0,0,NaN,0,0,NaN,NaN,NaN,NaN,NaN,0,NaN,0,NaN,NaN,NaN,NaN,0,0,0,0,0,0,0,812,10964.07,0
10/07/2025,04,5GNR,Central Texas,137,Austin,SCHZ,1379402,MOPAC_SOUTH,2099,0,0,60,100,52,52,116.7,0.22,17.21,0,0,0.01,0.59,8.28,9.99,11.14,0,1.02,31.54,0.14,1.61,0.1,NaN,0,0.09,NaN,NaN,NaN,0,2,0,0,2,0,3000,2100,1041.67,166.67,0,0,0,0,NaN,0,NaN,0,0,0,0,0,0,0,0,1070,137.38,0
10/07/2025,04,5GNR,Central Texas,137,Austin,SCHZ,1379402,MOPAC_SOUTH,3099,0.41,2,487,100,425,425,6784.39,0.69,137.97,0.24,1.05,3.29,1.03,7.38,15.3,3874.34,0,811.05,1380.24,2.44,14.12,0,NaN,0,0.25,NaN,NaN,NaN,NaN,0,0,NaN,0,0,NaN,NaN,NaN,NaN,NaN,0,NaN,0,NaN,NaN,NaN,NaN,0,0,0,0,0,0,0,428,6614.8,0
10/07/2025,04,5GNR,Central Texas,137,Austin,SCHZ,1379402,MOTOROLA_TOWER,2177,0.55,1,183,100,170,170,578.92,0.96,42.04,0,0.01,0.03,1.88,7.48,5.76,519.96,0,4.24,330.26,2.75,3.46,0,NaN,0,0.44,NaN,NaN,NaN,0,1,0,0,1,0,3000,4148.15,3351.35,548.39,0,0,0,0,NaN,0,NaN,0,0,0,0,0,0,0,0,1059,644.25,0
10/07/2025,04,5GNR,Central Texas,137,Austin,SCHZ,1379402,MOTOROLA_TOWER,3177,0.85,10,1180,100,958,958,10025.15,1.75,158.74,0.39,1.34,4.54,0.45,7.85,15.22,9066.05,0,367.48,925.52,1.62,12.78,0,100,0,0.31,NaN,NaN,NaN,NaN,0,0,NaN,0,0,7875,750,750,555.56,0,0,0,0,NaN,0,NaN,0,0.01,0,0,0,0,0.1,1,976,10529.28,0
10/07/2025,04,5GNR,Central Texas,137,Austin,SCHZ,1379402,MOUNTAIN_CITY,2033,0,0,6,100,6,6,129.01,0.48,20.65,0,0,0,0.02,7.27,14.56,123.27,0,38.5,104.49,0.26,19.29,0,NaN,0,0,NaN,NaN,NaN,NaN,0,0,NaN,0,0,NaN,NaN,NaN,NaN,NaN,0,NaN,0,NaN,NaN,NaN,NaN,0,0,0,0,0,0,0,37,123.45,0
10/07/2025,04,5GNR,Central Texas,137,Austin,SCHZ,1379402,MOUNTAIN_CITY,3033,2.48,18,725,100,406,406,7626.73,1.22,121.44,0.16,0.44,1.29,0.13,7.52,11.37,6048.88,0,181.87,257.02,0.69,1.94,0,NaN,0,0,NaN,NaN,NaN,NaN,0,0,NaN,0,0,NaN,NaN,NaN,NaN,NaN,0,NaN,0,NaN,NaN,NaN,NaN,0,0,0,0,0,0,0,171,7511.49,0
10/07/2025,04,5GNR,Central Texas,137,Austin,SCHZ,1379402,NELMS_STX,2743,1.18,1,85,100,74,74,156.9,0.29,51.57,0,0,0.01,0.79,7.94,9.51,62.67,0,1.94,43.05,0.19,2.37,0.14,NaN,0,0.13,NaN,NaN,NaN,0,5,0,0,5,0,3314.64,2591.19,1684.33,1419.35,24.97,0,0,0,NaN,280.81,NaN,116.47,0.63,0.18,0,0,0,0,0,760,108.73,0
10/07/2025,04,5GNR,Central Texas,137,Austin,SCHZ,1379402,NELMS_STX,3743,0.86,28,3252,100,2430,2430,27832.02,4.77,103.04,0.75,1.29,2.64,0.74,7.77,15.71,25529.11,0,1502.16,2320.74,5.1,5.25,0.12,NaN,0,0.13,0,NaN,0,0,14,0,0,14,0,6900,670.53,673.61,1024.86,NaN,0,0,0,NaN,0,NaN,0,0.04,0.04,0,0,0,0.04,1,2376,27498.66,0
10/07/2025,04,5GNR,Central Texas,137,Austin,SCHZ,1379402,NUCKOLS_CROSSING,2256,0.92,1,109,100,96,96,745.49,0.91,45.36,0,0.01,0.03,0.66,8.58,10.28,133.26,0,0.69,52.02,0.25,1.02,0.05,NaN,0.09,0.04,0,NaN,0,NaN,0,0,NaN,0,0,NaN,3000,1500,0,NaN,0,0,0,NaN,NaN,NaN,NaN,0,0,0,0,0,0.19,4,2123,566.52,0
10/07/2025,04,5GNR,Central Texas,137,Austin,SCHZ,1379402,NUCKOLS_CROSSING,3256,0.68,13,1908,100,1525,1525,24301.95,3.63,109.01,0.92,1.29,2.35,0.69,7.59,16.94,17280.56,0,1654.78,2780.67,5.29,5.76,0.15,NaN,0,0,0,NaN,0,0,2,0,0,2,0,6930.02,638.7,723.68,714.1,194.93,0,0,0,NaN,115.5,NaN,15.25,3.27,2.07,0,0,0,0,0,1217,24193.5,0
10/07/2025,04,5GNR,Central Texas,137,Austin,SCHZ,1379402,OVERLOOK,2137,0,0,41,100,39,39,103.1,0.29,18.67,0,0.01,0.01,0.72,7.88,12.38,4.76,0,0.59,37.95,0.13,1.01,0.19,NaN,0,0.09,NaN,NaN,NaN,0,3,0,0,3,0,3072.07,1986.67,986.84,1151.79,7.17,0,0,0,NaN,76.27,NaN,51.28,0.04,0.03,0,0,0,0.18,2,1108,169.37,0
10/07/2025,04,5GNR,Central Texas,137,Austin,SCHZ,1379402,OVERLOOK,3137,0.5,4,803,100,497,497,4158.76,0.7,152.78,0.15,0.32,0.86,0.13,7.74,13.22,3512.18,0,221.66,337.58,0.92,1.62,0.14,NaN,0,0,NaN,NaN,NaN,0,1,0,0,1,0,6432.43,626.76,767.27,1207.03,144.73,0,0,0,NaN,0,NaN,74.22,0.25,0.07,0,0,0,0.15,1,678,4020.93,0
10/07/2025,04,5GNR,Central Texas,137,Austin,SCHZ,1379402,POST_ROAD,2182,1.54,1,65,66.67,52,52,500.01,1.06,44.07,0,0,0.01,0.51,7.65,8.2,434.95,0,37.41,76.71,0.64,1.26,0,NaN,0,0,NaN,NaN,NaN,NaN,0,0,NaN,0,0,NaN,NaN,NaN,NaN,NaN,0,NaN,0,NaN,NaN,NaN,NaN,0,0,0,0,0,0.46,6,1297,504.14,0
10/07/2025,04,5GNR,Central Texas,137,Austin,SCHZ,1379402,POST_ROAD,3182,0.36,16,4389,100,3055,3051,41648.67,5.91,126.64,1.62,2.14,3.6,0.52,7.78,14.29,31709.75,0.13,4006.57,6191.92,13.02,12.48,0.03,NaN,0,0.09,NaN,NaN,NaN,0,10,0,0,10,0,7878.08,707.43,968.7,1561.56,259.46,0,0,0.02,NaN,572.7,NaN,22.09,127.55,3.15,0,0,0,0,0,3343,41292.88,0
10/07/2025,04,5GNR,Central Texas,137,Austin,SCHZ,1379402,PUMP_STATION,2096,0,0,288,100,286,286,261.76,0.36,60.85,0,0,0.02,0.04,7.91,10.61,182.94,0,5.52,19.07,0.07,2.21,0,NaN,0,0,NaN,NaN,NaN,NaN,0,0,NaN,0,0,NaN,NaN,NaN,NaN,NaN,0,NaN,0,NaN,NaN,NaN,NaN,0,0,0,0,0,0,0,423,232.8,0
10/07/2025,04,5GNR,Central Texas,137,Austin,SCHZ,1379402,PUMP_STATION,3096,0.78,6,773,100,642,642,7928.13,1.04,126.34,0.21,0.52,1.48,0.26,7.36,10.92,7291.01,0,301.39,402.6,1.16,2.33,0,NaN,0,0,NaN,NaN,NaN,NaN,0,0,NaN,0,0,NaN,NaN,NaN,NaN,NaN,0,NaN,0,NaN,NaN,NaN,NaN,0,0,0,0,0,0,0,31,7801.9,0
10/07/2025,04,5GNR,Central Texas,137,Austin,SCHZ,1379402,QUAIL_RUN,3249,1.23,48,3908,100,3102,3096,37694.94,5.9,158.67,0.98,2.01,3.92,0.53,7.59,12.08,31282.64,0.19,4448.43,5299.48,14.71,5.08,0.09,NaN,0,0.09,0,NaN,0,0,6,0,0,6,0,7933.53,620.69,601.16,2510.64,NaN,0,0,0,NaN,0,NaN,0,0.03,0.02,0,0,0,0,0,1183,37231.09,0
10/07/2025,04,5GNR,Central Texas,137,Austin,SCHZ,1379402,REDWOOD,2231,0.34,2,592,100,557,557,1605.2,1.88,67.27,0,0.01,0.01,0.51,8.47,9.84,1266.18,0,7.24,88.07,0.29,2.13,0.14,NaN,0,0,NaN,NaN,NaN,NaN,0,0,NaN,0,0,NaN,NaN,NaN,NaN,NaN,0,NaN,0,NaN,NaN,NaN,NaN,0,0,0,0,0,0.13,1,754,1600.47,0
10/07/2025,04,5GNR,Central Texas,137,Austin,SCHZ,1379402,REDWOOD,3231,0.88,24,2727,100,1814,1814,55484.68,8.78,165.87,0.97,1.77,3.86,0.82,7.32,12.65,48352.61,0,2303.72,3436.46,8.1,4.51,0.68,NaN,0,0,NaN,NaN,NaN,NaN,0,0,NaN,0,0,NaN,NaN,NaN,NaN,NaN,0,NaN,0,NaN,NaN,NaN,NaN,0,0,0,0,0,0,0,1007,55315.8,0
10/07/2025,04,5GNR,Central Texas,137,Austin,SCHZ,1379402,ROCKNE,2276,3.88,21,541,100,512,512,1781.66,2.15,72.1,0,0.01,0.06,0.4,7.93,11.48,2030.92,0,56.57,97.45,0.45,3.25,0.41,NaN,0,0.29,NaN,NaN,NaN,NaN,0,0,NaN,0,0,NaN,NaN,NaN,NaN,NaN,0,NaN,0,NaN,NaN,NaN,NaN,0,0,0,0,0,0,0,606,2156.91,0
10/07/2025,04,5GNR,Central Texas,137,Austin,SCHZ,1379402,ROCKNE,3276,8.66,127,1467,100,1295,1295,1759.76,0.46,163.03,0.16,0.76,2.62,0.21,7.32,13.18,1248.07,0,93.67,427.53,0.74,4.37,0.29,NaN,0,0,NaN,NaN,NaN,NaN,0,0,NaN,0,0,NaN,NaN,NaN,NaN,NaN,0,NaN,0,NaN,NaN,NaN,NaN,0,0,0,0,0,0,0,261,1343.69,0
10/07/2025,04,5GNR,Central Texas,137,Austin,SCHZ,1379402,SAN_LEANNA,2128,1.03,2,195,100,174,173,600.48,1.32,27.46,0.01,0.01,0.02,0.74,7.28,6.17,485.18,0.57,64.86,117.17,0.93,1.17,0.1,NaN,0,0.09,NaN,NaN,NaN,NaN,0,0,NaN,0,0,NaN,NaN,NaN,NaN,NaN,0,NaN,0,NaN,NaN,NaN,NaN,0,0,0,0,0,0.09,2,2140,4360.11,0
10/07/2025,04,5GNR,Central Texas,137,Austin,SCHZ,1379402,SAN_LEANNA,3128,0.28,7,2499,100,2294,2294,30893.26,3.62,160.14,0.65,1.95,5.01,0.44,7.6,13.81,21289.7,0,868.39,1644.85,2.91,4.29,0,NaN,0,0.06,0,NaN,0,NaN,0,0,NaN,0,0,NaN,NaN,NaN,NaN,NaN,0,NaN,0,NaN,NaN,NaN,NaN,0,0,0,0,0,0,0,1598,27219.82,0
10/07/2025,04,5GNR,Central Texas,137,Austin,SCHZ,1379402,SAN_MARCOS,2133,1.79,16,894,100,683,683,2986.56,2.41,32.56,0.02,0.1,0.21,NaN,6.87,9.05,671.62,0,73.28,736.7,1.38,1.51,0.16,NaN,0,0.11,NaN,NaN,NaN,0,10,0,0,10,0,3047.99,2451.85,1325.22,1893.67,2.68,0,0,0,NaN,233.71,NaN,111.68,0.14,0.1,0,0,0,0.74,34,4613,2850.96,0
10/07/2025,04,5GNR,Central Texas,137,Austin,SCHZ,1379402,SAN_MARCOS,3133,0.67,30,4502,100,3137,3133,81774.16,9.43,166.87,1.18,2.02,4.47,0.65,7.81,14.8,64357.22,0.13,2071.36,5927.32,14,6.83,0.08,NaN,0,0.12,0,NaN,0,0,8,0,0,8,0,7151.72,881.15,1213.79,1266.67,0,0,0,0,NaN,0,NaN,0,0.03,0.02,0,0,0,0.04,1,2537,80685.7,0
10/07/2025,04,5GNR,Central Texas,137,Austin,SCHZ,1379402,SIZZLIN_QUICK,2156,0,0,255,100,235,235,1617.83,2.17,29.49,0.01,0.01,0.03,0.76,8.11,10.62,229.71,0,2.91,100.34,0.34,1.97,0.06,NaN,0,0,0,NaN,0,0,4,0,0,4,0,3015.15,2000,1000,1176.47,1.64,0,0,0,NaN,0,NaN,147.06,0.01,0.01,0,0,0,0.24,4,1664,1909.87,0
10/07/2025,04,5GNR,Central Texas,137,Austin,SCHZ,1379402,SIZZLIN_QUICK,3156,0.14,2,1413,100,1230,1230,18355.56,2.25,144.24,0.58,0.95,2.11,1.41,7.79,14.94,12564.33,0,523.8,789.34,1.87,3.27,0,NaN,0,0.07,NaN,NaN,NaN,NaN,0,0,NaN,0,0,NaN,NaN,NaN,NaN,NaN,0,NaN,0,NaN,NaN,NaN,NaN,0,0,0,0,0,0,0,1382,17875.46,0
10/07/2025,04,5GNR,Central Texas,137,Austin,SCHZ,1379402,SLAUGHTER_LANE,2334,0,0,58,100,56,56,299.92,0.46,34.22,0,0.01,0.04,0.47,8.88,10.32,38.95,0,4.14,29.42,0.13,1.82,0.14,NaN,0,0,NaN,NaN,NaN,0,8,0,0,8,0,3398.15,1973.68,988.43,1855.26,1.13,0,0,0,NaN,0,NaN,8.66,0.04,0.02,0,0,0,0,0,789,261.54,0
10/07/2025,04,5GNR,Central Texas,137,Austin,SCHZ,1379402,SLAUGHTER_LANE,3334,0.93,21,2270,100,2142,2142,13269.77,1.7,237.3,0.43,1.03,2.25,0.33,7.79,14.41,8865.31,0,4047.99,4987.38,9.83,8.99,0.06,NaN,0,0.26,NaN,NaN,NaN,0,4,0,0,4,0,6991.67,649.66,654.17,1514.29,35.5,0,0,0,NaN,0,NaN,0,0.2,0.02,0,0,0,0,0,1601,13142.16,0
10/07/2025,04,5GNR,Central Texas,137,Austin,SCHZ,1379402,SMITHVILLE_SHIROCKY,2148,0.72,1,138,100,121,121,371.06,0.5,38.14,0,0,0.02,0.52,7.62,7.28,267.75,0,0.34,18.93,0.11,1.25,0,NaN,0,0,NaN,NaN,NaN,0,1,0,0,1,0,3047.17,2175,1088.71,1090.91,0,0,0,0,NaN,0,NaN,0,0.02,0.01,0,0,0,0,0,381,363.12,0
10/07/2025,04,5GNR,Central Texas,137,Austin,SCHZ,1379402,SMITHVILLE_SHIROCKY,3148,2.72,9,331,100,152,152,3828.5,0.75,119.66,0.17,0.16,0.12,0.68,7.76,12.11,3717.53,0,71.38,114.24,0.48,1,0,NaN,0,0.36,NaN,NaN,NaN,NaN,0,0,NaN,0,0,NaN,NaN,NaN,NaN,NaN,0,NaN,0,NaN,NaN,NaN,NaN,0,0,0,0,0,0,0,290,3762.66,0
10/07/2025,04,5GNR,Central Texas,137,Austin,SCHZ,1379402,SM_OUTLET_PREMIUM,2631,33.67,66,196,100,113,113,66.34,0.13,23.29,0.02,0.05,0.54,0.45,9.79,11.21,5.31,0,0.2,14.16,0.07,2.21,1.3,NaN,0,4.16,NaN,NaN,NaN,NaN,0,0,NaN,0,0,NaN,NaN,NaN,NaN,NaN,0,NaN,0,NaN,NaN,NaN,NaN,0,0,0,0,0,0,0,402,62.46,0
10/07/2025,04,5GNR,Central Texas,137,Austin,SCHZ,1379402,SM_OUTLET_PREMIUM,3631,0.42,11,2605,100,1506,1506,15847.92,2.59,174.3,0.47,1.29,3.43,0.79,7.73,15.43,14585.27,0,2460.51,3302.08,4.61,22.57,0.16,NaN,0,0.42,0,NaN,0,NaN,0,0,NaN,0,0,NaN,NaN,NaN,NaN,NaN,0,NaN,0,NaN,NaN,NaN,NaN,0,0,0,0,0,0,0,1218,15676.54,0
10/07/2025,04,5GNR,Central Texas,137,Austin,SCHZ,1379402,SR20_LOCKHART_STX,2698,6.23,22,353,100,337,337,1729.8,2.68,42.63,0,0.07,0.64,0.77,8.11,10.59,1316.88,0,0.48,19.54,0.1,1.22,0.12,NaN,0,0,NaN,NaN,NaN,NaN,0,0,NaN,0,0,NaN,NaN,NaN,NaN,NaN,0,NaN,0,NaN,NaN,NaN,NaN,0,0,0,0,0,0.93,8,859,1349.76,0
10/07/2025,04,5GNR,Central Texas,137,Austin,SCHZ,1379402,SR20_LOCKHART_STX,3698,0.62,12,1926,100,1809,1809,29843.69,3.21,149.09,0.9,1.05,1.53,0.57,7.71,15.36,21498.41,0,2784.64,3952.59,6.57,23.93,0.1,NaN,0,0.1,NaN,NaN,NaN,NaN,0,0,NaN,0,0,NaN,NaN,NaN,NaN,NaN,0,NaN,0,NaN,NaN,NaN,NaN,0,0,0,0,0,0,0,1005,29731.83,0
10/07/2025,04,5GNR,Central Texas,137,Austin,SCHZ,1379402,STASSNEY,2122,0,0,155,100,139,139,1125.08,1.54,34.98,0,0,0.02,0.52,7.3,8.97,349.44,0,2.3,32.72,0.16,1.53,0.09,NaN,0,0,NaN,NaN,NaN,0,2,0,0,2,0,3062.5,1531.25,723.68,387.1,NaN,0,0,0,NaN,0,NaN,0,0.01,0,0,0,0,0.08,1,1240,550.96,0
10/07/2025,04,5GNR,Central Texas,137,Austin,SCHZ,1379402,STASSNEY,3122,0.2,5,2544,100,2213,2213,30142.85,4.32,170.49,0.59,1.03,2.42,0.72,7.74,15.71,21810.46,0,450.18,927.57,1.75,2.56,0.17,NaN,0,0,0,NaN,0,0,1,0,0,1,0,6587.91,682.43,664.84,1072.58,NaN,0,0,0,NaN,626.51,NaN,0,0.01,0.02,0,0,0,0.09,1,1074,30303.41,0
10/07/2025,04,5GNR,Central Texas,137,Austin,SCHZ,1379402,ST_ALBANS,3143,0.33,13,3993,100,3711,3711,38725.49,6.73,190.11,0.7,1.12,2.06,4.83,7.74,14.4,35065.02,0,4846.81,9758.18,30.41,10.78,0.26,NaN,0,0.23,0,NaN,0,0,1,0,0,1,0,6962.96,2425,1962.96,1206.9,32.77,0,0,0,NaN,0,NaN,0,0.01,0.01,0,0,0,0,0,2204,38267.87,0
10/07/2025,04,5GNR,Central Texas,137,Austin,SCHZ,1379402,SWT,2338,1.96,3,153,100,100,100,5349.11,5.4,25.18,0,0.01,0.03,0.69,7.43,8.68,193.81,0,27.29,199.15,1.15,1.66,0.38,NaN,0,0.13,NaN,NaN,NaN,0,3,0,0,3,0,3305.6,2176.05,1071.43,1257.18,24.01,0,0,0,NaN,583.81,NaN,596.13,1.61,0.25,0,0,0,0.07,1,1444,5565.06,0
10/07/2025,04,5GNR,Central Texas,137,Austin,SCHZ,1379402,SWT,3338,0.46,25,5399,100,4086,4086,47525.9,7.21,182.43,1.28,2.2,4.2,0.35,7.64,13.36,43328.62,0,4807.34,7198.8,17.45,4.84,0.13,NaN,0,0.04,0,NaN,0,0,29,0,0,29,0,7555.62,1003.94,1089.53,2709.89,24.57,0.02,0,0.08,NaN,3.63,NaN,41.04,221.34,217.49,0,0,0,0.04,2,4591,46680.42,0
10/07/2025,04,5GNR,Central Texas,137,Austin,SCHZ,1379402,THOMAS_SPRINGS,2296,0,0,225,100,214,214,1986.48,2.54,110.8,0,0,0.01,0.39,7.77,10.18,3510.35,0,2.87,79.09,0.38,0.75,0,NaN,0,0,NaN,NaN,NaN,0,17,0,0,17,0,3046.02,1990.94,993.8,1240.17,1.24,0,0,0,NaN,80.96,NaN,25.19,0.15,0.15,0,0,0,0,0,1345,3765.1,0
10/07/2025,04,5GNR,Central Texas,137,Austin,SCHZ,1379402,THOMAS_SPRINGS,3296,1.47,54,3665,100,3159,3159,21840.37,3.47,159.94,0.55,1.8,4.24,0.49,7.82,13.28,14857.69,0,1208.75,2196.78,6.32,4.77,0.24,NaN,0,0.16,NaN,NaN,NaN,0,1,0,0,1,0,6833.33,27250,36000,0,NaN,0,0,0,NaN,0,NaN,442.18,0.18,0.14,0,0,0,0,0,1896,19890.08,0
10/07/2025,04,5GNR,Central Texas,137,Austin,SCHZ,1379402,TRIPOLI,2828,0,0,42,100,40,40,117.99,0.18,28.48,0.01,0.01,0.05,0.06,7.19,14.93,0.32,0,0.03,13.82,0.06,0.85,0,NaN,0,0,NaN,NaN,NaN,NaN,0,0,NaN,0,0,NaN,NaN,NaN,NaN,NaN,0,NaN,0,NaN,NaN,NaN,NaN,0,0,0,0,0,0,0,294,3701.4,0
10/07/2025,04,5GNR,Central Texas,137,Austin,SCHZ,1379402,TRIPOLI,3828,0,0,57,100,48,48,6189.16,0.78,232.24,0.03,0.23,1.77,0.07,7.39,10.18,2505.85,0,57.12,79.9,0.34,2.97,2.99,NaN,0,0,NaN,NaN,NaN,NaN,0,0,NaN,0,0,NaN,NaN,NaN,NaN,NaN,0,NaN,0,NaN,NaN,NaN,NaN,0,0,0,0,0,0,0,63,2518.04,0
10/07/2025,04,5GNR,Central Texas,137,Austin,SCHZ,1379402,TROOP,2142,0.68,1,147,100,144,144,245.16,0.34,33.14,0,0,0.03,0.21,8.14,9.72,24.27,0,0.13,22.49,0.11,0.85,0,NaN,0,0,NaN,NaN,NaN,NaN,0,0,NaN,0,0,NaN,NaN,NaN,NaN,NaN,0,NaN,0,NaN,NaN,NaN,NaN,0,0,0,0,0,0,0,610,134.22,0
10/07/2025,04,5GNR,Central Texas,137,Austin,SCHZ,1379402,TROOP,3142,0.73,57,7825,100,4256,4255,45115.84,7.71,172.9,1,1.88,4.35,0.92,7.92,13.79,40607.26,0.02,3120.77,4666,10.26,6.55,0.36,NaN,0,0.18,0,NaN,0,0,10,0,0,10,0,6964.47,640.68,659.25,1348.9,96.74,0,0,0,NaN,23.15,NaN,14,2.26,0.39,0,0,0,0.03,1,3421,47082.62,0
10/07/2025,04,5GNR,Central Texas,137,Austin,SCHZ,1379402,UHLAND,2262,0,0,199,100,74,74,421.49,0.98,32.41,0,0.01,0.07,0.73,8.5,10.1,73.54,0,0.17,7.55,0.05,0.85,0.97,NaN,0,0.31,NaN,NaN,NaN,NaN,0,0,NaN,0,0,NaN,NaN,NaN,NaN,NaN,0,NaN,0,NaN,NaN,NaN,NaN,0,0,0,0,0,0,0,293,107.62,0
10/07/2025,04,5GNR,Central Texas,137,Austin,SCHZ,1379402,UHLAND,3262,3.84,281,7321,100,3795,3793,45186.37,6.26,136.77,1.51,2.57,4.97,0.34,7.63,14.84,39118.44,0.05,3969.88,5708.42,12.89,4.78,1.29,NaN,0,0,NaN,NaN,NaN,NaN,0,0,NaN,0,0,6000,2000,2000,0,NaN,0,0,0,NaN,NaN,NaN,NaN,0,0,0,0,0,0.04,1,2314,45195.7,0
10/07/2025,04,5GNR,Central Texas,137,Austin,SCHZ,1379402,WALKER_FURNITURE_COMPANY,2035,0,0,137,100,133,133,334.72,0.46,22.15,0,0,0.01,0.14,7.32,10.61,310.49,0,0.58,11.62,0.04,1.61,0,NaN,0,0,NaN,NaN,NaN,NaN,0,0,NaN,0,0,NaN,NaN,NaN,NaN,NaN,0,NaN,0,NaN,NaN,NaN,NaN,0,0,0,0,0,0,0,234,324.11,0
10/07/2025,04,5GNR,Central Texas,137,Austin,SCHZ,1379402,WALKER_FURNITURE_COMPANY,3035,0.56,4,720,100,704,704,9647.45,1.51,203.28,0.56,1.31,2.8,1.94,7.2,11.96,9406.02,0,453.51,868.16,2.52,0.66,1.31,NaN,0,0,NaN,NaN,NaN,NaN,0,0,NaN,0,0,NaN,NaN,NaN,NaN,NaN,0,NaN,0,NaN,NaN,NaN,NaN,0,0,0,0,0,0,0,149,9559.35,0
10/07/2025,04,5GNR,Central Texas,137,Austin,SCHZ,1379402,WEHRMAN,2248,0.44,2,459,100,451,451,237.41,0.53,53.56,0.01,0.01,0.01,0.34,7.96,12.55,177.52,0,11.09,40.12,0.17,0.94,0.73,NaN,0,0,NaN,NaN,NaN,NaN,0,0,NaN,0,0,NaN,NaN,NaN,NaN,NaN,0,NaN,0,NaN,NaN,NaN,NaN,0,0,0,0,0,0.32,3,936,271.02,0
10/07/2025,04,5GNR,Central Texas,137,Austin,SCHZ,1379402,WEHRMAN,3248,1.05,43,4105,100,2869,2869,47953.35,8.88,134.44,1.05,2.08,5.04,0.33,7.63,15.32,44813.96,0,3089.36,4212.49,7.2,5.24,1.22,NaN,0,0.23,0,NaN,0,0,2,0,0,2,0,7324.56,767.44,815.79,1581.82,NaN,0,0,0,NaN,0,NaN,0,0.01,0.01,0,0,0,0.06,1,1816,47290.48,0
10/07/2025,04,5GNR,Central Texas,137,Austin,SCHZ,1379402,WEST_FITZHUGH_STX,3817,7.37,90,1221,100,1169,1169,10848.85,1.51,135.2,0.21,0.61,1.72,0.24,7.51,10.93,9798.34,0,851.73,1129.48,4.04,9.67,0,NaN,0,0,NaN,NaN,NaN,NaN,0,0,NaN,0,0,NaN,NaN,NaN,NaN,NaN,0,NaN,0,NaN,NaN,NaN,NaN,0,0,0,0,0,0,0,155,10999.26,0
10/07/2025,04,5GNR,Central Texas,137,Austin,SCHZ,1379402,WILDWOOD,2351,0,0,248,100,229,229,459.47,0.92,35.63,0,0.01,0.03,0.72,8.22,9.91,73.18,0,0.54,34.71,0.13,1.57,0,NaN,0,0.23,NaN,NaN,NaN,0,3,0,0,3,0,3000,2000,1000,0,NaN,0,0,0,NaN,0,NaN,0,0,0,0,0,0,0,0,870,472.79,0
10/07/2025,04,5GNR,Central Texas,137,Austin,SCHZ,1379402,WILDWOOD,3351,0.16,1,640,100,506,506,5121.72,1.02,144.68,0.21,1.03,3.46,0.12,7.43,11.5,5001.71,0,269.04,349.17,0.91,4.4,0,NaN,0,0,NaN,NaN,NaN,NaN,0,0,NaN,0,0,NaN,NaN,NaN,NaN,NaN,0,NaN,0,NaN,NaN,NaN,NaN,0,0,0,0,0,0,0,176,5016.37,0
10/07/2025,04,5GNR,Central Texas,137,Austin,SCHZ,1379402,WILLIAM_CANNON,2065,0,0,32,100,27,27,88.05,0.16,39.98,0,0.01,0.13,1.46,7.93,10.74,21.88,0,0.65,11.7,0.07,1.04,0,NaN,0,0,NaN,NaN,NaN,NaN,0,0,NaN,0,0,NaN,NaN,NaN,NaN,NaN,0,NaN,0,NaN,NaN,NaN,NaN,0,0,0,0,0,0.14,1,694,44.55,0
10/07/2025,04,5GNR,Central Texas,137,Austin,SCHZ,1379402,WILLIAM_CANNON,3065,0.33,8,2428,100,2145,2143,28383.68,3.75,196.19,0.63,1.08,2.22,0.63,7.64,14.6,26727.28,0.09,1002.69,1475.64,3.23,5.25,0.06,NaN,0,0.12,NaN,NaN,NaN,NaN,0,0,NaN,0,0,NaN,NaN,NaN,NaN,NaN,0,NaN,0,NaN,NaN,NaN,NaN,0,0,0,0,0,0,0,1641,28419.34,0
10/07/2025,04,5GNR,Central Texas,137,Austin,SCHZ,1379402,WIMBERLEY,2139,0,0,184,100,188,188,675.16,1.22,32.82,0,0,0.01,0.14,7.72,9.86,469.19,0,20.96,57.95,0.21,1.34,0.12,NaN,0,0,NaN,NaN,NaN,NaN,0,0,NaN,0,0,NaN,NaN,NaN,NaN,NaN,0,NaN,0,NaN,NaN,NaN,NaN,0,0,0,0,0,0,0,847,655.06,0
10/07/2025,04,5GNR,Central Texas,137,Austin,SCHZ,1379402,WIMBERLEY,3139,0.68,12,1759,100,1694,1694,4850.47,0.8,104.42,0.27,0.73,1.66,0.34,7.72,11.97,4274.63,0,1115.2,1387.21,4.91,7.27,0,NaN,0,0.24,NaN,NaN,NaN,NaN,0,0,NaN,0,0,NaN,NaN,NaN,NaN,NaN,0,NaN,0,NaN,NaN,NaN,NaN,0,0,0,0,0,0,0,437,4771.34,0
10/07/2025,04,5GNR,Central Texas,137,Austin,SCHZ,1379402,WONDER_WORLD,2233,0,0,7,83.33,5,5,35.93,0.05,38.63,0,0,0.04,0.04,8.8,8.98,22.57,0,0.03,1.42,0.01,0.36,0,NaN,0,0,NaN,NaN,NaN,NaN,0,0,NaN,0,0,NaN,NaN,NaN,NaN,NaN,0,NaN,0,NaN,NaN,NaN,NaN,0,0,0,0,0,0,0,52,36.13,0
10/07/2025,04,5GNR,Central Texas,137,Austin,SCHZ,1379402,WONDER_WORLD,3233,1.06,48,4521,100,3159,3157,32305.16,4.79,140.24,1,2.24,5.31,0.78,7.82,14.68,28260.01,0.06,1148.36,2340.66,4.47,3.98,0.04,NaN,0,0.04,0,NaN,0,0,6,0,0,6,0,6725.81,684.99,714.24,1121.31,231.34,0,0,0,NaN,88.81,NaN,11.51,1.74,0.12,0,0,0,0,0,2715,31918.6,0
10/07/2025,04,5GNR,Central Texas,137,Austin,SCHZ,1379402,WYLDWOOD_AUSTX,2756,1.27,3,237,100,198,198,615.42,0.81,45.55,0,0.01,0.03,0.42,8.39,10.92,461.18,0,6.14,44.98,0.18,1.23,0.25,NaN,0,0,NaN,NaN,NaN,0,1,0,0,1,0,3055.56,2000,1000,333.33,0,0,0,0,NaN,0,NaN,0,0,0,0,0,0,0,0,1088,684.71,0
10/07/2025,04,5GNR,Central Texas,137,Austin,SCHZ,1379402,WYLDWOOD_AUSTX,3756,2.96,57,1926,100,1450,1450,8954.77,1.34,178.87,0.25,0.63,1.62,1.44,7.8,15.11,5068,0,677.95,1172.9,2.94,7.3,1.34,NaN,0,0.16,0,NaN,0,0,10,0,0,10,0,6716.17,670.33,684.82,853.42,0,0,0,0,NaN,0,NaN,0,0.03,0.03,0,0,0,0,0,677,8804.6,0
10/07/2025,04,5GNR,Central Texas,137,Austin,SCHZ,1379402,ZACH_THOMAS,2383,0,0,4,100,4,4,200.72,0.44,0,0,0,0,0.06,8.21,6.42,0.02,0,0.03,268.24,1.21,1.37,0,NaN,0,0,NaN,NaN,NaN,NaN,0,0,NaN,0,0,NaN,NaN,NaN,NaN,NaN,0,NaN,0,NaN,NaN,NaN,NaN,0,0,0,0,0,0,0,389,187.87,0
10/07/2025,04,5GNR,Central Texas,137,Austin,SCHZ,1379402,ZACH_THOMAS,3383,1.03,9,871,100,829,828,5898.9,0.83,135.08,0.16,0.84,2.57,0.44,7.6,14.51,5375.75,0.12,507.13,666.84,1.13,9.99,0,NaN,0,0.15,NaN,NaN,NaN,NaN,0,0,NaN,0,0,NaN,NaN,NaN,NaN,NaN,0,NaN,0,NaN,NaN,NaN,NaN,0,0,0,0,0,0,0,685,5798.79,0
10/07/2025,04,5GNR,Central Texas,137,Austin,SCHZ,1379403, ,2750,0.4,1,253,100,215,214,628.55,0.78,44.27,0,0,0.01,0.35,7.89,11.93,222.51,0.47,309.3,442.75,1.05,17.34,0.1,NaN,0,0.09,NaN,NaN,NaN,0,6,0,0,6,0,3017.24,2698.28,1326.73,1140.47,0.46,0,0,0,NaN,26.4,NaN,0,0.06,0.04,0,0,0,0,0,1088,611.6,0
10/07/2025,04,5GNR,Central Texas,137,Austin,SCHZ,1379403,ATT_TOWER,2207,0.57,1,174,100,155,154,601.37,0.88,154.3,0,0.01,0.06,0.65,8.26,10.25,305.56,0.65,3.08,31.2,0.16,1.28,0,NaN,0,0.07,0,NaN,0,0,1,0,0,1,0,3331.82,2415.09,1418.8,1975.31,5.85,0,0,0,NaN,0,NaN,0,0.04,0.01,0,0,0,0.08,1,1302,389.15,0
10/07/2025,04,5GNR,Central Texas,137,Austin,SCHZ,1379403,ATT_TOWER,3207,1,113,11268,100,8110,8062,108201.22,15.72,141.84,1.26,3.13,6.94,0.34,7.45,13.97,86513.43,0.59,3880.69,7645.14,17.3,3.37,0.77,NaN,0,0.22,0,NaN,0,0,13,0,0,13,0,9326.2,1423.39,2768.65,8300,85.11,0,0,0,NaN,5812.94,NaN,386.68,2.68,0.94,0,0,0,0.05,3,6045,107444.81,0
10/07/2025,04,5GNR,Central Texas,137,Austin,SCHZ,1379403,AUSTIN_EXECUTIVE_AIRPORT,2762,1.37,11,805,100,748,744,498.24,0.89,42.89,0,0,0.02,1.04,8.71,10.65,234.56,0.53,3.91,24.18,0.13,1.06,0.26,NaN,0,0.1,0,NaN,0,0,2,0,0,2,0,5023.78,2013.7,1379.52,1435.64,49.15,0,0,0,NaN,341.71,NaN,89.55,0.35,0.03,0,0,0,0,0,915,313.06,0
10/07/2025,04,5GNR,Central Texas,137,Austin,SCHZ,1379403,AUSTIN_EXECUTIVE_AIRPORT,3762,2.75,77,2798,100,1538,1530,45071.1,7.37,170.8,0.47,1.15,3.77,0.62,7.63,13.68,44690.97,0.52,1426.87,1965.05,4.21,3.74,0.4,NaN,0.77,0.64,0,NaN,0,0,1,0,0,1,0,7468.14,839.29,1789.85,1719.65,489.27,0,0,0,NaN,87.65,NaN,0,10.95,0.04,0,0,0,0,0,662,45610.2,0
10/07/2025,04,5GNR,Central Texas,137,Austin,SCHZ,1379403,BARRY,2186,1.99,4,201,100,132,130,305.85,0.6,26.06,0,0.01,0.04,1,8.32,9.82,47,1.52,9.34,65.73,0.31,1.68,0.14,NaN,0,0,NaN,NaN,NaN,NaN,0,0,NaN,0,0,NaN,NaN,NaN,NaN,NaN,0,NaN,0,NaN,NaN,NaN,NaN,0,0,0,0,0,0,0,1563,218.78,0
10/07/2025,04,5GNR,Central Texas,137,Austin,SCHZ,1379403,BARRY,3186,0.65,31,4754,100,3352,3336,17098.53,3.21,133.89,0.6,1.39,3.39,1.48,8,13.67,10396.21,0.48,584.18,1057.91,2.56,2.62,0.38,NaN,0,0.27,NaN,NaN,NaN,0,6,0,0,6,0,7768.82,1170.89,1085.11,3690.48,NaN,0,0,0,NaN,0,NaN,0,0.01,0.01,0,0,0,0,0,1920,17096.14,0
10/07/2025,04,5GNR,Central Texas,137,Austin,SCHZ,1379403,BEATRICE_COVE,2837,3.17,2,63,100,52,50,90.3,0.21,23.06,0,0.01,0.04,1.08,8.29,10.23,11.28,3.85,2.65,32.18,0.14,1.26,0,NaN,0,0.07,NaN,NaN,NaN,0,4,0,0,4,0,3000,2107.14,1042.86,1545.45,0,0,0,0,NaN,0,NaN,0,0,0,0,0,0,0,0,1361,76.26,0
10/07/2025,04,5GNR,Central Texas,137,Austin,SCHZ,1379403,BEATRICE_COVE,3837,1.75,18,1028,100,812,803,2593.72,0.58,116.73,0.01,0.03,0.13,0.61,7.84,11.63,2149.44,1.11,85.15,168.05,0.4,1.05,0.17,100,0,0.18,NaN,NaN,NaN,NaN,0,0,NaN,0,0,NaN,NaN,NaN,NaN,NaN,0,NaN,0,NaN,NaN,NaN,NaN,0,0,0,0,0,0,0,1088,2565.95,0
10/07/2025,04,5GNR,Central Texas,137,Austin,SCHZ,1379403,BEN_ARNOLD,2405,5.17,21,406,100,380,376,789.99,1.15,41.33,0.03,0.03,0.01,2.54,8.24,13.81,776.09,1.05,17.87,44.12,0.18,3.42,2.41,NaN,0,0,NaN,NaN,NaN,NaN,0,0,NaN,0,0,NaN,NaN,NaN,NaN,NaN,0,NaN,0,NaN,NaN,NaN,NaN,0,0,0,0,0,0,0,569,786.16,0
10/07/2025,04,5GNR,Central Texas,137,Austin,SCHZ,1379403,BEN_ARNOLD,3405,3.64,30,825,100,776,772,15879.89,1.75,108.35,0.15,0.55,1.97,0.27,7.61,12.6,15567.17,0.52,343.81,469.51,1.38,1.29,0.74,NaN,0,0,NaN,NaN,NaN,NaN,0,0,NaN,0,0,NaN,NaN,NaN,NaN,NaN,0,NaN,0,NaN,NaN,NaN,NaN,0,0,0,0,0,0,0,409,15633.46,0
10/07/2025,04,5GNR,Central Texas,137,Austin,SCHZ,1379403,BERKMAN,2620,7.27,21,289,100,226,226,745.93,1.18,31.49,0,0.02,0.05,0.44,7.53,8.57,274.58,0,20.45,88.29,0.61,1.82,0,NaN,0,0.24,NaN,NaN,NaN,0,3,0,0,3,0,3016.67,3179.49,1798.39,1977.78,0,0,0,0,NaN,0,NaN,0,0.01,0.01,0,0,0,0,0,1606,713.88,0
10/07/2025,04,5GNR,Central Texas,137,Austin,SCHZ,1379403,BERKMAN,3620,0.94,26,2765,100,2102,2090,46622.41,5.38,252.54,0.86,1.65,4.01,2.26,7.79,16.17,38922.08,0.57,578.91,1374.21,2.29,5.29,0,NaN,0,0.16,NaN,NaN,NaN,0,1,0,0,1,0,6469.39,635.14,617.65,1833.33,NaN,0,0,0,NaN,0,NaN,0,0.03,0,0,0,0,0,0,1275,46069.73,0
10/07/2025,04,5GNR,Central Texas,137,Austin,SCHZ,1379403,BLACK_HAWK_WT,2102,1.79,3,168,100,147,144,274.14,0.39,44.97,0,0.01,0.03,0.68,8.78,10.57,63.59,2.04,8.12,51.09,0.23,2.1,0,NaN,0,0,0,NaN,0,0,1,0,0,1,0,3161.29,2095.65,1026.83,1584.62,1.29,0,0,0,NaN,0,NaN,0,0.06,0.05,0,0,0,0,0,1110,256.6,0
10/07/2025,04,5GNR,Central Texas,137,Austin,SCHZ,1379403,BLACK_HAWK_WT,3102,0.54,16,2947,100,1805,1797,40196.59,5.55,234.16,0.01,0.04,0.12,0.61,7.66,16.24,30347.17,0.44,1934.43,3113.63,4.86,6.35,0.15,NaN,0,0.16,0,NaN,0,0,1,0,0,1,0,7269.23,1083.33,1083.33,1333.33,NaN,0,0,0,NaN,0,NaN,0,0,0,0,0,0,0,0,1908,41449.88,0
10/07/2025,04,5GNR,Central Texas,137,Austin,SCHZ,1379403,BLAKE_MANOR,2058,7.69,105,1365,100,1257,1253,5389.06,7,16.47,0.01,0.11,0.35,0.41,7.45,10.42,3773.3,0.32,93.64,243.98,0.93,1.18,0.24,NaN,0,0.05,NaN,NaN,NaN,0,2,0,0,2,0,3000,2271.32,1118.24,1076.39,1.37,0,0,0,NaN,0,NaN,0,0.02,0.02,0,0,0,0,0,2137,5262.72,0
10/07/2025,04,5GNR,Central Texas,137,Austin,SCHZ,1379403,BLIND_TRIANGLE,2588,0,0,253,100,240,240,683.9,1.14,35.97,0,0.01,0.04,0.63,8.1,10.02,460.43,0,6.72,39.64,0.23,0.91,0.07,NaN,0,0,NaN,NaN,NaN,0,8,0,0,8,0,3081.28,2006.41,992.99,3663.55,3.21,0,0,0,NaN,0,NaN,0,0.07,0.03,0,0,0,0.2,3,1486,561.93,0
10/07/2025,04,5GNR,Central Texas,137,Austin,SCHZ,1379403,BLIND_TRIANGLE,3588,0.62,17,2740,100,2322,2316,33425.79,5.96,167.85,0.34,0.3,0.19,0.46,7.44,9.78,32478.37,0.26,3488.26,4008.74,15.19,4.2,0.09,NaN,0,0.31,NaN,NaN,NaN,0,2,0,0,2,0,7628.92,741.72,794.43,1874.42,0,0,0,0,NaN,2601.4,NaN,47.85,0.14,0.07,0,0,0,0.3,3,999,33546.42,0
10/07/2025,04,5GNR,Central Texas,137,Austin,SCHZ,1379403,BRATTON,2315,1.23,1,81,100,69,69,206.38,0.32,20.83,0,0.01,0.04,0.38,8.19,10.1,33.82,0,1.17,26.08,0.15,1.01,0.11,NaN,0,0.1,0,NaN,0,NaN,0,0,NaN,0,0,4432.39,NaN,1590.14,NaN,NaN,0,NaN,0,NaN,NaN,NaN,NaN,0,0,0,0,0,0,0,956,195.5,0
10/07/2025,04,5GNR,Central Texas,137,Austin,SCHZ,1379403,BRATTON,3315,0.63,20,3165,100,2575,2567,37544.68,4.32,190.12,0.67,1.41,3.01,0.66,7.75,14.57,35640.83,0.31,1450.98,2834.81,5.26,7.14,0.06,NaN,0,0.13,NaN,NaN,NaN,0,9,0,0,9,0,6740.89,671.27,763.38,2157.08,34.76,0.01,0,0.01,NaN,357.45,NaN,3.38,51.26,187.45,0,0,0,0.06,1,1559,37013.41,0
10/07/2025,04,5GNR,Central Texas,137,Austin,SCHZ,1379403,BUCKHOLTS,2411,8.31,35,421,100,352,351,700.48,1.23,26.71,0.12,0.1,0.07,0.91,8.05,12.35,457.46,0.28,33.98,242.67,1.21,4.39,0.56,NaN,0,0,NaN,NaN,NaN,NaN,0,0,NaN,0,0,NaN,NaN,NaN,NaN,NaN,0,NaN,0,NaN,NaN,NaN,NaN,0,0,0,0,0,0,0,986,723.22,0
10/07/2025,04,5GNR,Central Texas,137,Austin,SCHZ,1379403,BUCKHOLTS,3411,1.97,23,1165,100,973,966,16835.95,1.97,113.07,1.18,1.38,2.06,0.38,7.59,14.45,13967.59,0.72,1226.35,1792.01,3.35,8.75,0.72,NaN,0,0,NaN,NaN,NaN,NaN,0,0,NaN,0,0,NaN,NaN,NaN,NaN,NaN,0,NaN,0,NaN,NaN,NaN,NaN,0,0,0,0,0,0,0,973,16518,0
10/07/2025,04,5GNR,Central Texas,137,Austin,SCHZ,1379403,BURLESON_MANOR,2729,0.17,2,1173,100,1181,1180,107.51,0.23,29.33,0,0,0,0.12,7.6,11.13,105.87,0.08,6.05,13.31,0.07,0.46,2.73,NaN,0,0,NaN,NaN,NaN,NaN,0,0,NaN,0,0,NaN,NaN,NaN,NaN,NaN,0,NaN,0,NaN,NaN,NaN,NaN,0,0,0,0,0,1.96,3,153,110.8,0
10/07/2025,04,5GNR,Central Texas,137,Austin,SCHZ,1379403,BURLESON_MANOR,3729,6.76,81,1199,100,999,995,4358.63,0.67,133.64,0.22,0.36,0.72,0.48,6.97,12.19,4245.28,0.4,330.9,418.73,1,2.33,0.57,NaN,0,0,NaN,NaN,NaN,NaN,0,0,NaN,0,0,NaN,NaN,NaN,NaN,NaN,0,NaN,0,NaN,NaN,NaN,NaN,0,0,0,0,0,0.78,1,128,4273.07,0
10/07/2025,04,5GNR,Central Texas,137,Austin,SCHZ,1379403,CALHOUN,2194,0.66,3,453,100,349,346,408.3,0.72,27.52,0,0.02,0.05,1.72,7.73,8.5,180.96,0.86,5.63,55.23,0.33,0.63,0.2,NaN,0,0,0,NaN,0,0,1,0,0,1,0,3000,2000,1000,0,NaN,0,0,0,NaN,0,NaN,0,0,0,0,0,0,0,0,2061,418.38,0
10/07/2025,04,5GNR,Central Texas,137,Austin,SCHZ,1379403,CALHOUN,3194,1.35,59,4356,100,2970,2954,34556.06,5.17,138.11,0.89,1.97,4.8,0.78,7.68,15.27,32957.43,0.54,1504.48,2500.06,4.2,4.71,0.25,100,0,0.2,0,NaN,0,0,4,0,0,4,0,7290.27,726.63,837.72,1572.5,268.14,0,0,0,NaN,1272.27,NaN,114.66,11.89,0.8,0,0,0,0.07,1,1520,35352.99,0
10/07/2025,04,5GNR,Central Texas,137,Austin,SCHZ,1379403,CAMERON_DT,2555,1.58,8,505,100,356,351,1632.23,4.54,22.26,1.71,1.35,0.68,0.6,7.94,10.79,670.52,1.4,92.52,228.24,1.51,2.58,0,NaN,0,0,0,NaN,0,0,1,0,0,1,0,3000,1750,875,0,NaN,0,0,0,NaN,0,NaN,0,0,0,0,0,0,0,0,2617,5202.67,0
10/07/2025,04,5GNR,Central Texas,137,Austin,SCHZ,1379403,CAMERON_DT,3555,1.76,97,5524,100,4877,4832,104003.33,15.4,107.84,2.1,2.72,4.86,0.21,7.45,14.11,88836.87,0.92,4800.13,8429.11,16.34,5.63,0.11,NaN,0,0.11,0,NaN,0,0,2,0,0,2,0,7626.37,750,818.68,4477.78,NaN,0,0,0,NaN,688.89,NaN,0,0.02,0.01,0,0,0,0,0,3635,100778.68,0
10/07/2025,04,5GNR,Central Texas,137,Austin,SCHZ,1379403,CAMERON_REPL,2696,9.26,75,810,100,574,572,6917.34,9.75,23.51,1.14,0.75,0.31,2.53,7.66,12.73,2180.46,0.35,151.13,692.72,2.99,2.65,0.09,NaN,0,0.25,0,NaN,0,0,2,0,0,2,0,3138.06,2707.21,1344.86,1101.58,9.03,0,0,0,NaN,232.27,NaN,116.64,0.31,0.43,0,0,0,0,0,2351,6971.47,0
10/07/2025,04,5GNR,Central Texas,137,Austin,SCHZ,1379403,CAMERON_REPL,3696,1.76,38,2158,50,1677,1673,25710.26,5.58,176.37,1.38,1.6,2.14,0.39,7.67,13.56,22634.75,0.24,1181.42,2523.55,10.26,6.73,0,NaN,0,0.28,NaN,NaN,NaN,NaN,0,0,NaN,0,0,7250,1250,1250,0,NaN,0,0,0,NaN,NaN,NaN,NaN,0,0,0,0,0,0,0,738,25171.14,0
10/07/2025,04,5GNR,Central Texas,137,Austin,SCHZ,1379403,CAMP_SWIFT_STX,3886,1.14,4,350,100,223,222,8406.69,0.97,225.26,0.1,0.11,0.14,1.74,7.87,14.05,8073.31,0.45,151.39,233.16,0.31,2.24,0.36,NaN,0,0.22,0,NaN,0,NaN,0,0,NaN,0,0,NaN,NaN,NaN,NaN,NaN,0,NaN,0,NaN,NaN,NaN,NaN,0,0,0,0,0,0,0,479,8414.88,0
10/07/2025,04,5GNR,Central Texas,137,Austin,SCHZ,1379403,CANDYLAND,2818,1.26,8,633,100,520,515,3051.27,3.83,80,0,0.01,0.02,0.64,7.69,9.78,1291.32,0.96,61.46,184.57,0.78,1.3,0.11,NaN,0,0,NaN,NaN,NaN,0,16,0,0,16,0,3056.54,2433.33,1216.22,2710.49,3.85,0,0,0,NaN,110.59,NaN,110.09,0.35,0.22,0,0,0,0.2,4,2003,3308.34,0
10/07/2025,04,5GNR,Central Texas,137,Austin,SCHZ,1379403,CANDYLAND,3818,0.66,22,3332,100,2493,2478,17568.98,2.63,136.02,0.67,2.12,5.7,0.51,7.75,15.42,15711.79,0.6,830.09,2289.59,3.46,8.15,0.33,NaN,0,0.09,NaN,NaN,NaN,NaN,0,0,NaN,0,0,14500,500,500,0,NaN,0,0,0,NaN,NaN,NaN,NaN,0,0,0,0,0,0,0,1137,17082.48,0
10/07/2025,04,5GNR,Central Texas,137,Austin,SCHZ,1379403,CENTER_LINE_PASS,2314,0.51,2,389,100,325,323,4788.5,5.1,38.35,0.01,0.03,0.08,1.34,7.68,8.43,378.54,0.62,2.24,148.47,0.79,1.51,0.14,NaN,0,0,NaN,NaN,NaN,0,2,0,0,2,0,3433.33,2744.68,1537.31,2426.47,0,0,0,0,NaN,0,NaN,0,0.02,0.02,0,0,0,0.18,3,1674,6878.43,0
10/07/2025,04,5GNR,Central Texas,137,Austin,SCHZ,1379403,CENTER_LINE_PASS,3314,0.75,43,5713,100,4726,4706,54436.44,9.32,142.7,1.5,2.39,4.95,0.83,7.63,15.28,36073.58,0.42,1923.07,3676.49,7.01,5.81,0.17,NaN,0,0.23,0,NaN,0,0,3,0,0,3,0,6886.67,707.69,713.33,1154.93,0,0,0,0,NaN,0,NaN,0,0.01,0.01,0,0,0,0,0,2740,51970.93,0
10/07/2025,04,5GNR,Central Texas,137,Austin,SCHZ,1379403,COUPLAND,2235,4.88,44,902,100,860,847,5045.22,4.67,84.07,0,0,0.01,1.51,7.69,8.21,7104.9,1.51,1788.17,2392.68,13.1,10.05,1.33,NaN,0,0.18,NaN,NaN,NaN,0,1,0,0,1,0,3104.17,2545.45,1211.54,846.15,0,0,0,0,NaN,0,NaN,0,0,0,0,0,0,0,0,521,7260.23,0
10/07/2025,04,5GNR,Central Texas,137,Austin,SCHZ,1379403,COUPLAND,3235,4.42,157,3552,100,2871,2820,23175.37,3.29,179.23,0.76,2,4.7,0.62,7.66,13.79,16687.54,1.78,1044.56,2274.48,4.87,7.07,0.7,NaN,0,0.15,0,NaN,0,NaN,0,0,NaN,0,0,NaN,NaN,NaN,NaN,NaN,0,NaN,0,NaN,NaN,NaN,NaN,0,0,0,0,0,0,0,1349,21066.64,0
10/07/2025,04,5GNR,Central Texas,137,Austin,SCHZ,1379403,CRESTVIEW_STATION,2835,1.83,2,109,100,91,90,2342.83,5.35,28.55,0.19,0.39,0.82,0.4,7.68,8.86,2070.91,1.1,18.72,146.14,1.25,1.98,0.51,NaN,0,0.09,0,NaN,0,0,2,0,0,2,0,3215.15,2000,1513.77,1407.94,5.17,0,0,0,NaN,407.16,NaN,46.26,0.59,0.07,0,0,0,1.17,25,2130,2901.33,0
10/07/2025,04,5GNR,Central Texas,137,Austin,SCHZ,1379403,CRESTVIEW_STATION,3835,0.79,11,1397,100,1232,1223,3661.06,0.81,104.46,0.23,0.51,1.43,0.81,8.21,16.59,2457.9,0.73,316.91,488.28,0.8,3.8,0,NaN,0,0.12,NaN,NaN,NaN,NaN,0,0,NaN,0,0,7416.67,NaN,1750,NaN,NaN,0,NaN,0,NaN,NaN,NaN,NaN,0,0,0,0,0,0,0,820,3031.98,0
10/07/2025,04,5GNR,Central Texas,137,Austin,SCHZ,1379403,DESSAU,2336,0.86,2,233,100,175,171,561.06,0.78,36.49,0,0.02,0.09,0.81,8.08,11.01,56.01,2.29,1.58,66.59,0.26,2.2,0.11,NaN,0,0,0,NaN,0,0,9,0,0,9,0,3086.87,2558.38,1212.69,3035.87,2.89,0,0,0,NaN,0,NaN,53.66,0.12,0.02,0,0,0,0,0,1881,483.91,0
10/07/2025,04,5GNR,Central Texas,137,Austin,SCHZ,1379403,DESSAU,3336,0.6,34,5693,100,4666,4643,75138.25,12.5,136.17,1.26,2.24,5.01,0.55,7.57,13.29,53404.44,0.49,4803.9,6674.38,15.89,6.66,0.11,NaN,0,0.03,0,NaN,0,0,12,0,0,12,0,9363.03,1093.13,1232.05,2444.27,37,0,0,0,NaN,768.94,NaN,6.06,1.82,0.64,0,0,0,0.03,1,3418,74713.76,0
10/07/2025,04,5GNR,Central Texas,137,Austin,SCHZ,1379403,DRAGLINE,2205,0.87,3,343,100,280,280,2099.87,1.6,46.03,0.01,0.03,0.08,0.47,8.39,11.02,1667.85,0,64.76,184.81,0.38,2.31,0.07,NaN,0,0,0,NaN,0,NaN,0,0,NaN,0,0,NaN,NaN,NaN,NaN,NaN,0,NaN,0,NaN,NaN,NaN,NaN,0,0,0,0,0,0,0,2978,2056.14,0
10/07/2025,04,5GNR,Central Texas,137,Austin,SCHZ,1379403,DRAGLINE,3205,0.64,38,5929,100,4693,4678,46736.37,7.8,157.09,0.9,1.93,4.41,0.44,7.78,15.1,37090.14,0.32,3689.26,5814.81,10.1,7.4,0.1,NaN,0,0.08,0,NaN,0,0,4,0,0,4,0,8172.46,1206.9,1710.92,1458.72,104.86,0,0,0,NaN,93.51,NaN,13.7,0.62,0.04,0,0,0,0.05,2,3939,46182.13,0
10/07/2025,04,5GNR,Central Texas,137,Austin,SCHZ,1379403,ELGIN_REPL,2183,6.45,2,31,100,13,11,280.12,0.49,55.94,0,0.01,0.06,0.89,8.46,9.13,156.32,15.38,0.03,13.81,0.1,0.55,0,NaN,0,0.45,NaN,NaN,NaN,NaN,0,0,NaN,0,0,NaN,NaN,NaN,NaN,NaN,0,NaN,0,NaN,NaN,NaN,NaN,0,0,0,0,0,0,0,680,186.97,0
10/07/2025,04,5GNR,Central Texas,137,Austin,SCHZ,1379403,ELGIN_REPL,3183,2.13,58,2719,100,2375,2362,70052.88,7.6,241.2,0.07,0.36,1.75,0.9,7.51,13.36,67882.36,0.55,1107.33,1522.85,3.03,1.97,0.44,NaN,0,0.13,0,NaN,0,0,4,0,0,4,0,6898.73,661.29,645.57,2728.4,NaN,0,0,0,NaN,0,NaN,0,0.01,0.01,0,0,0,0,0,816,69249.02,0
10/07/2025,04,5GNR,Central Texas,137,Austin,SCHZ,1379403,EXPO_CENTER,2860,1.04,1,96,100,66,65,807.42,1.04,50.6,0,0,0.01,0.49,8.49,11.54,104.55,1.52,3.8,64.88,0.25,2.48,0,NaN,0,0.19,0,NaN,0,0,15,0,0,15,0,3352.97,1364.04,1097.95,1338.83,98.64,0,0,0,NaN,4806.77,NaN,0,0.99,0.06,0,0,0,0.1,1,976,735.92,0
10/07/2025,04,5GNR,Central Texas,137,Austin,SCHZ,1379403,EXPO_CENTER,3860,0.94,24,2548,100,2232,2225,26459.45,3.71,128.04,0.83,1.96,4.53,1.01,7.78,14.65,15018.87,0.31,1434.88,4514.56,7.86,6.41,0.23,NaN,0,2.36,0,NaN,0,0,11,0,0,11,0,7992.23,725.68,892.95,2297.75,NaN,0,0,0,NaN,585.49,NaN,0,0.18,0.05,0,0,0,0,0,1665,26133.39,0
10/07/2025,04,5GNR,Central Texas,137,Austin,SCHZ,1379403,FERGUSON,2190,0,0,43,100,36,36,177.34,0.31,33.33,0,0,0.02,0.32,8.38,9.61,107.59,0,0.4,13.69,0.09,0.95,0,NaN,0,0,NaN,NaN,NaN,NaN,0,0,NaN,0,0,NaN,NaN,NaN,NaN,NaN,0,NaN,0,NaN,NaN,NaN,NaN,0,0,0,0,0,1.55,7,453,150.3,0
10/07/2025,04,5GNR,Central Texas,137,Austin,SCHZ,1379403,FERGUSON,3190,3.42,134,3920,100,3289,3277,36376.69,5.12,149.64,0.85,1.61,3.5,1.3,7.6,16.3,31553.35,0.36,3472.24,5154.35,10.55,11.56,0,NaN,0,0,NaN,NaN,NaN,0,1,0,0,1,0,6841.46,677.42,646.34,1307.69,NaN,0,0,0,NaN,0,NaN,0,0.01,0,0,0,0,0,0,982,35970.15,0
10/07/2025,04,5GNR,Central Texas,137,Austin,SCHZ,1379403,FOREST_CREEK,2292,1.42,4,281,100,237,234,3871.48,4.5,35.41,0.01,0.05,0.17,0.95,7.78,9.69,147.19,1.27,6.33,90.52,0.42,1.53,0.16,NaN,0,0.14,NaN,NaN,NaN,0,8,0,0,8,0,3122.03,2016.5,1003.8,1769.83,2.01,0,0,0,NaN,92.98,NaN,171.48,0.16,0.15,0,0,0,0.1,2,2085,5237.95,0
10/07/2025,04,5GNR,Central Texas,137,Austin,SCHZ,1379403,FOREST_CREEK,3292,0.93,33,3534,100,2549,2532,39447.1,5.98,126.28,1.15,1.88,4.06,0.46,7.6,14.35,35381.48,0.67,1832.24,2533.14,5.89,3.12,0.28,NaN,0,0.25,0,NaN,0,0,3,0,0,3,0,7153.85,541.67,538.46,0,NaN,0,0,0,NaN,0,NaN,0,0,0,0,0,0,0,0,1631,38562.04,0
10/07/2025,04,5GNR,Central Texas,137,Austin,SCHZ,1379403,GATORFISH,3766,3.55,27,761,100,685,674,4602.52,0.64,201.56,0.16,0.35,1.14,0.32,7.52,14.11,3429.37,1.61,574.64,745.24,1.26,19.58,0,NaN,0,0,NaN,NaN,NaN,NaN,0,0,NaN,0,0,NaN,NaN,NaN,NaN,NaN,0,NaN,0,NaN,NaN,NaN,NaN,0,0,0,0,0,0,0,97,4530.51,0
10/07/2025,04,5GNR,Central Texas,137,Austin,SCHZ,1379403,GATTIS_SCHOOL_ROAD,2130,0,0,288,100,197,197,1099.71,1.77,31.29,0.01,0.02,0.04,0.85,8.19,8.59,401.46,0,3.83,171.48,1.34,3.2,0.07,NaN,0,0.15,NaN,NaN,NaN,0,1,0,0,1,0,3000,2000,1000,1625,0,0,0,0,NaN,0,NaN,0,0,0,0,0,0,0,0,1678,1060.13,0
10/07/2025,04,5GNR,Central Texas,137,Austin,SCHZ,1379403,GATTIS_SCHOOL_ROAD,3130,1.7,94,5543,100,4477,4456,62609.66,9.35,147.43,0.86,1.95,4.91,0.76,7.56,15.07,51162.69,0.47,4526.45,7314.15,12.18,11.43,0.19,NaN,0,0,0,NaN,0,0,1,0,0,1,0,8428.57,9500,9500,0,NaN,0,0,0,NaN,0,NaN,0,0,0,0,0,0,0,0,2993,62185.01,0
10/07/2025,04,5GNR,Central Texas,137,Austin,SCHZ,1379403,GIDDINGS_REPL,2718,1.35,3,222,100,215,212,589.84,0.69,36.65,0,0,0,0.3,8.86,14.4,87.57,1.4,0.49,32.76,0.13,1.08,0.11,NaN,0,0.2,NaN,NaN,NaN,0,3,0,0,3,0,3026.6,1986.11,989.36,2187.5,0,0,0,0,NaN,0,NaN,0,0.02,0.01,0,0,0,0.1,1,997,150.94,0
10/07/2025,04,5GNR,Central Texas,137,Austin,SCHZ,1379403,GIDDINGS_REPL,3718,1.74,68,3912,100,3340,3291,53174.92,5.12,208.8,1,0.87,0.54,1.17,7.74,13.83,48433.41,1.47,2946.81,3965.79,5.95,6.31,0.37,NaN,0,0,NaN,NaN,NaN,0,5,0,0,5,0,7644.8,640.91,642.53,1909.09,55.71,0,0,0,NaN,0,NaN,0,0.17,0.02,0,0,0,0,0,995,53286.65,0
10/07/2025,04,5GNR,Central Texas,137,Austin,SCHZ,1379403,GIDDINGS_WEST,2180,2.47,2,81,100,0,0,47.39,0.06,47.66,0,0.01,0.24,0.48,9.29,11.86,46.42,NaN,2.17,4.34,0.02,1.19,0,NaN,0,0,NaN,NaN,NaN,NaN,0,0,NaN,0,0,NaN,NaN,NaN,NaN,NaN,0,NaN,0,NaN,NaN,NaN,NaN,0,0,0,0,0,0,0,45,50.46,0
10/07/2025,04,5GNR,Central Texas,137,Austin,SCHZ,1379403,GRAND_AVENUE,2313,0,0,86,100,39,39,576.69,0.71,26.99,0,0,0.02,0.32,7.3,9.07,35.29,0,0.9,25.3,0.14,2.13,0.63,NaN,0,0,NaN,NaN,NaN,NaN,0,0,NaN,0,0,NaN,NaN,2500,NaN,NaN,0,NaN,0,NaN,NaN,NaN,NaN,0,0,0,0,0,0,0,215,3426.74,0
10/07/2025,04,5GNR,Central Texas,137,Austin,SCHZ,1379403,GRAND_AVENUE,3313,0.45,14,3126,83.33,1693,1687,31591.01,5.45,241.87,0.82,1.29,2.4,1.34,7.99,15.52,25757.39,0.35,1817.83,2604.65,6.33,5.15,0,NaN,0,0.19,0,NaN,0,0,3,0,0,3,0,7650.44,906.59,857.76,1702.48,32.77,0,0,0,NaN,0,NaN,0,0.01,0.01,0,0,0,0,0,1121,28334.6,0
10/07/2025,04,5GNR,Central Texas,137,Austin,SCHZ,1379403,GROW_ELGIN_WEST,3776,0.97,6,617,100,11,11,2634.57,0.51,102.12,0.08,0.47,2.45,0.67,7.92,15.23,2153.57,0,52.41,118.88,0.25,2.12,0.86,NaN,0,1.06,NaN,NaN,NaN,NaN,0,0,NaN,0,0,NaN,NaN,NaN,NaN,NaN,0,NaN,0,NaN,NaN,NaN,NaN,0,0,0,0,0,0,0,289,2557.35,0
10/07/2025,04,5GNR,Central Texas,137,Austin,SCHZ,1379403,GUADALUPE_REPL,3088,0.25,6,2373,100,1819,1813,5399.18,0.9,113.06,0.3,1.27,3.51,1.4,7.89,16.39,4419.61,0.33,381.27,3729.31,4.33,12.91,0,NaN,0,0.1,NaN,NaN,NaN,0,4,0,0,4,0,7366.67,880.86,1403.48,2117.42,204.8,0,0,0,NaN,0,NaN,0,0.13,0.14,0,0,0,0,0,970,5303.77,0
10/07/2025,04,5GNR,Central Texas,137,Austin,SCHZ,1379403,HOWARD_LANE,2312,1.06,1,94,100,77,77,780.81,1.3,33.8,0.01,0.01,0.02,1.55,8.34,10.7,237.12,0,22.79,93.26,0.33,2.41,0.12,NaN,0,0,0,NaN,0,NaN,0,0,NaN,0,0,NaN,NaN,NaN,NaN,NaN,0,NaN,0,NaN,NaN,NaN,NaN,0,0,0,0,0,0,0,888,703.1,0
10/07/2025,04,5GNR,Central Texas,137,Austin,SCHZ,1379403,HOWARD_LANE,3312,0.62,10,1626,100,1347,1341,9889.17,1.83,138.05,0.45,1.26,3.17,0.76,7.73,14.22,8264.97,0.45,466.4,852.84,1.79,3.04,0.37,NaN,0,0.4,0,NaN,0,NaN,0,0,NaN,0,0,10000,2250,2250,0,NaN,0,0,0,NaN,0,NaN,NaN,0,0,0,0,0,0.16,2,1277,9954.36,0
10/07/2025,04,5GNR,Central Texas,137,Austin,SCHZ,1379403,HUTTO,2045,0,0,176,100,141,141,385.03,0.58,50.33,0,0.01,0.02,0.35,8.41,10.9,208.17,0,20.27,79.98,0.32,2.5,0.22,NaN,0,0.13,0,NaN,0,0,2,0,0,2,0,3032.79,2027.4,1008.13,3245.45,1.37,0,0,0,NaN,57.38,NaN,8.93,0.04,0.03,0,0,0,0.32,5,1568,357.82,0
10/07/2025,04,5GNR,Central Texas,137,Austin,SCHZ,1379403,HUTTO,3045,0.6,25,4177,100,3166,3152,51261.14,8.01,161.5,1.34,2.21,4.48,1,7.6,14.94,40521.9,0.44,9450.24,13891.25,23.77,10.88,0.19,NaN,0,0.22,0,NaN,0,0,17,0,0,17,0,7908.67,655.9,646.93,3168.43,63.02,0,0,0,NaN,262.44,NaN,327.36,0.69,0.3,0,0,0,0.06,3,4682,50709.84,0
10/07/2025,04,5GNR,Central Texas,137,Austin,SCHZ,1379403,HUTTO_NORTH,2862,0.8,19,2377,100,2416,2400,544.52,0.69,41.99,0,0,0.01,0.9,8.02,15.24,273.12,0.66,60.77,116.43,0.26,5.28,0.32,NaN,0,0.14,NaN,NaN,NaN,NaN,0,0,NaN,0,0,4241.38,NaN,2155.17,NaN,NaN,0,NaN,0,NaN,NaN,NaN,NaN,0,0,0,0,0,0,0,725,360.76,0
10/07/2025,04,5GNR,Central Texas,137,Austin,SCHZ,1379403,HUTTO_NORTH,3862,0.81,18,2222,100,1964,1959,41683.28,5.77,176.11,1.11,1.73,3.62,0.6,7.69,16.41,31958.78,0.25,2301.45,4019.8,6.18,9.46,0.22,NaN,0,0.19,0,NaN,0,0,3,0,0,3,0,7436.36,757.75,1589.29,1733.43,209.49,0,0,0,NaN,2102.08,NaN,5.77,5.31,0.29,0,0,0,0.07,2,2667,41862.89,0
10/07/2025,04,5GNR,Central Texas,137,Austin,SCHZ,1379403,HUTTO_SOUTH,2126,1.24,3,241,100,159,157,2985.33,3.95,63.4,0,0.02,0.05,0.6,7.87,10.07,288,1.26,13.46,127.78,0.56,1.44,0.07,NaN,0,0.12,0,NaN,0,0,1,0,0,1,0,3375,2230.77,1166.67,4000,NaN,0,0,0,NaN,0,NaN,0,0,0,0,0,0,0.06,2,3181,6162.92,0
10/07/2025,04,5GNR,Central Texas,137,Austin,SCHZ,1379403,HUTTO_SOUTH,3126,0.66,29,4370,100,2955,2936,76373.84,12.97,132.45,1.55,2.52,5.34,0.54,7.49,14.92,67390.47,0.64,6227.11,9967.78,17.83,6.53,0.77,NaN,0,0.34,0,NaN,0,NaN,0,0,NaN,0,0,NaN,NaN,NaN,NaN,NaN,0,NaN,0,NaN,NaN,NaN,NaN,0,0,0,0,0,0.08,2,2447,72218.63,0
10/07/2025,04,5GNR,Central Texas,137,Austin,SCHZ,1379403,HUTTO_WEST,2168,0,0,309,100,205,205,1981.45,2.59,112.74,0.02,0.01,0.01,0.41,7.9,7.97,3542.35,0,278.38,452.57,2.09,1.35,0.04,NaN,0,0,0,NaN,0,NaN,0,0,NaN,0,0,3000,5000,2500,0,NaN,0,0,0,NaN,NaN,NaN,NaN,0,0,0,0,0,0.15,4,2732,3802.23,0
10/07/2025,04,5GNR,Central Texas,137,Austin,SCHZ,1379403,HUTTO_WEST,3168,1.62,130,8021,100,5576,5556,83461.58,14.14,108.12,1.59,2.96,6.43,0.53,7.65,13.99,62953.91,0.36,4966.03,7501.03,18.51,3.02,0.87,NaN,0,0.17,0,NaN,0,0,11,0,0,11,0,7437.64,938.84,950.56,2257.65,NaN,0,0,0,NaN,0,NaN,11.14,0.14,0.06,0,0,0,0.05,3,5980,81719.84,0
10/07/2025,04,5GNR,Central Texas,137,Austin,SCHZ,1379403,HYCREST,2331,1.7,9,528,100,474,474,2908.12,4.67,34.45,0.02,0.08,0.17,0.81,7.71,10.15,2419.14,0,115.76,262.41,0.91,2.63,0,NaN,0,0,0,NaN,0,0,16,0,0,16,0,3308.66,2016.34,1103.61,2085.42,24.43,0,0,0,NaN,2277.47,NaN,35.79,1.24,0.24,0,0,0,0,0,2542,3186.17,0
10/07/2025,04,5GNR,Central Texas,137,Austin,SCHZ,1379403,HYCREST,3331,0.7,28,4001,100,3545,3522,24111.59,3.87,165,0.87,2.16,5.04,0.67,7.91,14.23,17356.89,0.65,3292.3,4360.24,8.42,6.54,0.04,NaN,0,0.08,0,NaN,0,0,6,0,0,6,0,8657.99,714.29,1086.09,1908.96,92.06,0,0,0,NaN,340.28,NaN,29.37,2.16,0.25,0,0,0,0,0,2440,23410.46,0
10/07/2025,04,5GNR,Central Texas,137,Austin,SCHZ,1379403,IBM_BURNET,2838,0,0,14,100,9,9,149.74,0.2,58.5,0,0,0.01,0.55,7.59,12.86,63.47,0,1.56,15.66,0.06,1.64,0,NaN,0,0,NaN,NaN,NaN,0,6,0,0,6,0,3048.95,2486.73,1292.21,2292.52,0.44,0,0,0,NaN,0,NaN,0,0.03,0.03,0,0,0,0,0,428,193.04,0
10/07/2025,04,5GNR,Central Texas,137,Austin,SCHZ,1379403,IBM_BURNET,3838,0.54,12,2227,100,2153,2147,2070.7,0.55,144.17,0.06,0.18,0.64,2.31,7.73,12.06,1733.91,0.28,349.18,567,1.44,5.24,0,100,0,0,NaN,NaN,NaN,NaN,0,0,NaN,0,0,NaN,NaN,NaN,NaN,NaN,0,NaN,0,NaN,NaN,NaN,NaN,0,0,0,0,0,0,0,560,1972.93,0
10/07/2025,04,5GNR,Central Texas,137,Austin,SCHZ,1379403,JAMESTOWN,2191,0,0,64,100,47,47,734.49,1.1,36.77,0,0.01,0.05,0.39,8.64,9.04,70.22,0,0.22,26.9,0.13,0.93,0,NaN,0,0.15,NaN,NaN,NaN,0,1,0,0,1,0,3029.91,2097.22,1028.93,1981.65,5.85,0,0,0,NaN,165.29,NaN,0,0.06,0.02,0,0,0,0.16,1,615,676.72,0
10/07/2025,04,5GNR,Central Texas,137,Austin,SCHZ,1379403,JAMESTOWN,3191,2.12,93,4389,100,3320,3305,35633.59,4.67,193.91,0.77,1.58,3.67,1.71,7.72,14.34,33069.88,0.45,1472.52,2037.47,4.16,3.7,0.92,100,0,0.14,0,NaN,0,0,6,0,0,6,0,7517.24,1687.5,1687.5,0,NaN,0,0,0,NaN,0,NaN,0,0,0,0,0,0,0.07,1,1499,35272.25,0
10/07/2025,04,5GNR,Central Texas,137,Austin,SCHZ,1379403,JAY_BIRD,2089,3.24,7,216,100,106,106,1759.77,2.28,27.3,0,0.01,0.01,1.02,7.48,8.24,216.64,0,183.11,344.55,1.48,2.12,0.28,NaN,0,0,0,NaN,0,0,1,0,0,1,0,3000,2000,1000,0,NaN,0,0,0,NaN,0,NaN,0,0,0,0,0,0,0.6,9,1497,4542.42,0
10/07/2025,04,5GNR,Central Texas,137,Austin,SCHZ,1379403,JAY_BIRD,3089,0.14,2,1464,100,1147,1145,10650.81,2.27,168.38,0.03,0.06,0.21,0.28,7.82,13.92,7324,0.17,356.51,582.56,0.99,3.83,0,NaN,0,0.12,0,NaN,0,0,8,0,0,8,0,6734.56,665.08,677.53,1430.32,27.12,0,0,0,NaN,0.68,NaN,0,0.71,0.45,0,0,0,0,0,830,7774.42,0
10/07/2025,04,5GNR,Central Texas,137,Austin,SCHZ,1379403,JUSTIN,2006,0,0,40,100,38,38,388.01,0.72,29.56,0,0.01,0.03,0.33,7.63,8.9,205.83,0,19.34,54.1,0.26,1.34,0,NaN,0,0.08,NaN,NaN,NaN,0,6,0,0,6,0,3036.29,2205.88,1180,2696.43,0,0,0,0,NaN,0,NaN,0,0.01,0.01,0,0,0,2.38,28,1178,470.03,0
10/07/2025,04,5GNR,Central Texas,137,Austin,SCHZ,1379403,JUSTIN,3006,0.73,18,2480,100,2235,2230,30931.56,3.01,273.46,0.62,1.2,2.69,0.83,7.54,14.78,27430.44,0.22,2954.48,3946.69,9.55,8.46,0.18,100,0,0.1,NaN,NaN,NaN,0,2,0,0,2,0,6369.05,611.11,595.24,875,NaN,0,0,0,NaN,0,NaN,0,0,0,0,0,0,0,0,1034,30444.03,0
10/07/2025,04,5GNR,Central Texas,137,Austin,SCHZ,1379403,KELLY_LANE,2381,0,0,11,100,11,11,15.52,0.09,48.32,0,0,0.01,0.82,8.85,10.54,1.09,0,0.02,15.18,0.11,0.44,0.13,NaN,0,0.09,NaN,NaN,NaN,NaN,0,0,NaN,0,0,NaN,NaN,NaN,NaN,NaN,0,NaN,0,NaN,NaN,NaN,NaN,0,0,0,0,0,0,0,810,7.38,0
10/07/2025,04,5GNR,Central Texas,137,Austin,SCHZ,1379403,KELLY_LANE,3381,4.35,95,2186,100,1528,1515,29818.25,4.65,161.86,0.78,1.39,2.91,0.69,7.6,13.1,26395.42,0.85,1652.75,2412.19,5.11,4.82,0.07,NaN,0,0.12,NaN,NaN,NaN,NaN,0,0,NaN,0,0,NaN,NaN,NaN,NaN,NaN,0,NaN,0,NaN,NaN,NaN,NaN,0,0,0,0,0,0,0,2587,29583.49,0
10/07/2025,04,5GNR,Central Texas,137,Austin,SCHZ,1379403,KOENIG_REPL,2562,0.34,5,1466,100,1428,1424,413.33,0.8,36.67,0,0.01,0.05,1.27,7.71,10.14,344.19,0.28,10.65,41.41,0.19,1.86,0,NaN,0,0.08,NaN,NaN,NaN,0,1,0,0,1,0,4269.49,2084.34,1505.91,1891.03,2.28,0,0,0,NaN,681.16,NaN,0,0.04,0.04,0,0,0,1.52,17,1116,400.91,0
10/07/2025,04,5GNR,Central Texas,137,Austin,SCHZ,1379403,KOENIG_REPL,3562,0.14,2,1470,100,1204,1203,22354.9,4.66,220.36,0.11,0.21,0.53,0.92,7.4,14.42,21004.39,0.08,480,720.07,1.21,2.18,0,NaN,0,0.11,0,NaN,0,0,8,0,0,8,0,7052.07,680.78,1180.44,2811.65,95.46,0,0,0,NaN,1762,NaN,0,5.92,0.31,0,0,0,0,0,979,22533.6,0
10/07/2025,04,5GNR,Central Texas,137,Austin,SCHZ,1379403,KRAMER,2196,0.82,1,122,100,107,107,303.63,0.48,38.15,0,0.01,0.03,0.49,8.61,10.14,200.38,0,12.68,37.06,0.15,1.44,0,NaN,0,0,0,NaN,0,0,1,0,0,1,0,3000,2000,1000,0,NaN,0,0,0,NaN,0,NaN,0,0,0,0,0,0,0,0,904,259.19,0
10/07/2025,04,5GNR,Central Texas,137,Austin,SCHZ,1379403,KRAMER,3196,1.1,22,2006,100,1616,1608,13410.1,2.38,191.6,0.05,0.08,0.15,0.47,7.49,12.47,8356.42,0.5,379.68,732.8,1.71,0.97,0.07,100,0,0,NaN,NaN,NaN,NaN,0,0,NaN,0,0,6951.75,653.61,748.54,1300.31,83.9,0,0,0,NaN,0,NaN,12.52,0.57,0.22,0,0,0,0,0,1283,13268.98,0
10/07/2025,04,5GNR,Central Texas,137,Austin,SCHZ,1379403,KTW_GAUSE_REPL,2491,2.54,5,197,100,186,185,615.47,1.3,21.26,0.46,0.6,1.38,0.33,7.84,11.39,94.44,0.54,6.38,80.92,0.5,5.68,0,NaN,0,0,NaN,NaN,NaN,NaN,0,0,NaN,0,0,NaN,NaN,NaN,NaN,NaN,0,NaN,0,NaN,NaN,NaN,NaN,0,0,0,0,0,0,0,685,610.25,0
10/07/2025,04,5GNR,Central Texas,137,Austin,SCHZ,1379403,KTW_GAUSE_REPL,3491,2.94,46,1564,100,1354,1338,18210.88,2.62,209.35,0.67,1.53,3.38,0.5,7.48,12.91,15126.93,1.18,1052.26,1578.63,4.7,3.82,0,NaN,0,0.42,0,NaN,0,NaN,0,0,NaN,0,0,NaN,NaN,NaN,NaN,NaN,0,NaN,0,NaN,NaN,NaN,NaN,0,0,0,0,0,0,0,477,18110.34,0
10/07/2025,04,5GNR,Central Texas,137,Austin,SCHZ,1379403,LAKE_BASTROP,2046,0,0,15,100,9,9,199.18,0.31,49,0,0,0.01,0.27,9.1,8.1,24.05,0,1.05,32.24,0.19,0.9,0.2,NaN,0,0,NaN,NaN,NaN,NaN,0,0,NaN,0,0,NaN,NaN,NaN,NaN,NaN,0,NaN,0,NaN,NaN,NaN,NaN,0,0,0,0,0,0,0,1049,208.77,0
10/07/2025,04,5GNR,Central Texas,137,Austin,SCHZ,1379403,LAKE_BASTROP,3046,2.48,20,808,66.67,713,709,7845.78,1.4,183.15,0.22,0.17,0.08,0.31,7.7,13.83,7262.42,0.56,95.25,253.27,0.52,0.83,0.99,NaN,0,0,NaN,NaN,NaN,NaN,0,0,NaN,0,0,NaN,NaN,NaN,NaN,NaN,0,NaN,0,NaN,NaN,NaN,NaN,0,0,0,0,0,0,0,269,7739.87,0
10/07/2025,04,5GNR,Central Texas,137,Austin,SCHZ,1379403,LAKE_PFLUGERVILLE,2719,0.77,3,388,100,348,345,820.34,1.3,43.31,0.01,0.02,0.05,0.46,8.65,11.55,395.71,0.86,51.05,190.61,0.65,4.82,0.09,NaN,0,0.12,0,NaN,0,NaN,0,0,NaN,0,0,NaN,NaN,NaN,NaN,NaN,0,NaN,0,NaN,NaN,NaN,NaN,0,0,0,0,0,0.08,2,2357,859.23,0
10/07/2025,04,5GNR,Central Texas,137,Austin,SCHZ,1379403,LAKE_PFLUGERVILLE,3719,2.5,94,3766,100,2344,2332,35341.11,4.75,177.62,0.96,1.27,2.08,0.71,7.6,14.06,33680.84,0.51,2567.6,3288.83,8.96,4.53,0.15,NaN,0,0.35,0,NaN,0,0,3,0,0,3,0,7300.58,665.47,656.07,2193.4,NaN,0,0,0,NaN,0,NaN,76.56,0.03,0.03,0,0,0,0,0,1150,35139.34,0
10/07/2025,04,5GNR,Central Texas,137,Austin,SCHZ,1379403,LA_COSTA,2187,1.72,3,174,100,139,137,1809.92,2.46,23.26,0.01,0.01,0,0.8,8.16,9.24,613.06,1.44,24.73,83.89,0.37,1.31,0,NaN,0,0,0,NaN,0,0,2,0,0,2,0,3000,2000,1000,1000,NaN,0,0,0,NaN,0,NaN,0,0,0,0,0,0,0,0,1666,1369.46,0
10/07/2025,04,5GNR,Central Texas,137,Austin,SCHZ,1379403,LA_COSTA,3187,0.92,45,4916,100,3422,3406,49044.66,7.05,151.15,1.07,1.99,4.72,0.77,7.68,14.67,36347.65,0.47,3751.67,5120.25,9.14,9.9,0.1,100,0,0.13,0,NaN,0,0,1,0,0,1,0,7721.05,633.8,631.58,2000,NaN,0,0,0,NaN,0,NaN,0,0.02,0.01,0,0,0,0,0,3830,48853.19,0
10/07/2025,04,5GNR,Central Texas,137,Austin,SCHZ,1379403,LA_FRONTERA,2083,0.81,1,124,100,69,68,862.11,1.33,42.41,0,0.02,0.09,1.11,8.38,10.24,257.8,1.45,3.48,56.39,0.25,1.73,0.15,NaN,0,0.34,0,NaN,0,NaN,0,0,NaN,0,0,NaN,NaN,NaN,NaN,NaN,0,NaN,0,NaN,NaN,NaN,NaN,0,0,0,0,0,0.14,2,1436,831.6,0
10/07/2025,04,5GNR,Central Texas,137,Austin,SCHZ,1379403,LA_FRONTERA,3083,2.47,94,3807,100,2217,2201,37035.11,6.64,158.46,0,0.05,0.2,0.84,7.74,15.08,26797.24,0.72,1447.51,3620.08,6.61,8.82,0,NaN,0,0.09,0,NaN,0,NaN,0,0,NaN,0,0,8800,1600,1600,0,NaN,0,0,0,NaN,NaN,NaN,NaN,0,0,0,0,0,0,0,2348,36650.65,0
10/07/2025,04,5GNR,Central Texas,137,Austin,SCHZ,1379403,LCRA_MANOR_COMMERCIAL,2184,1.52,6,395,100,318,316,1987.5,2.27,76.14,0,0.02,0.09,0.56,8.32,11.02,385.8,0.63,28.17,126.28,0.59,2.32,1.8,NaN,0,0.12,0,NaN,0,NaN,0,0,NaN,0,0,NaN,NaN,NaN,NaN,NaN,0,NaN,0,NaN,NaN,NaN,NaN,0,0,0,0,0,0.06,2,3106,1491.76,0
10/07/2025,04,5GNR,Central Texas,137,Austin,SCHZ,1379403,LCRA_MANOR_COMMERCIAL,3184,0.85,53,6258,100,5224,5200,74581.47,9.74,160.02,1.69,2.38,4.45,0.47,7.76,13.72,68424.05,0.46,4038.89,8445.71,18.82,8.4,0.8,NaN,0,0.16,0,NaN,0,0,3,0,0,3,0,7150.68,750,719.18,2107.69,NaN,0,0,0,NaN,0,NaN,0,0.03,0.01,0,0,0,0,0,3319,74473.21,0
10/07/2025,04,5GNR,Central Texas,137,Austin,SCHZ,1379403,LEE,2264,11.24,76,676,100,623,613,1131.41,1.38,19.45,0,0,0.01,0.55,7.9,12.43,883.23,1.61,28.45,65.03,0.23,1.54,0.58,NaN,0,0.58,NaN,NaN,NaN,NaN,0,0,NaN,0,0,NaN,NaN,NaN,NaN,NaN,0,NaN,0,NaN,NaN,NaN,NaN,0,0,0,0,0,0,0,343,1108.87,0
10/07/2025,04,5GNR,Central Texas,137,Austin,SCHZ,1379403,LEXINGTON_REPL,2711,21.27,67,315,100,251,251,548.84,0.81,28.23,0,0.01,0.02,0.21,8.08,7.53,194.52,0,4.2,52.54,0.36,0.84,0,NaN,0,0,NaN,NaN,NaN,NaN,0,0,NaN,0,0,NaN,NaN,NaN,NaN,NaN,0,NaN,0,NaN,NaN,NaN,NaN,0,0,0,0,0,0,0,771,788.48,0
10/07/2025,04,5GNR,Central Texas,137,Austin,SCHZ,1379403,LEXINGTON_REPL,3711,0.54,10,1835,100,1669,1665,42779.12,4.97,65.01,0.97,1.18,1.67,0.12,7.53,11.09,42468.87,0.24,5756.09,6616.61,19.07,8.56,0,NaN,0,0,NaN,NaN,NaN,NaN,0,0,NaN,0,0,NaN,NaN,NaN,NaN,NaN,0,NaN,0,NaN,NaN,NaN,NaN,0,0,0,0,0,0,0,907,42665.67,0
10/07/2025,04,5GNR,Central Texas,137,Austin,SCHZ,1379403,LOUIS_HENNA,2333,0.34,2,596,100,441,440,3289.25,4.53,59.97,0.01,0.05,0.14,0.62,8.28,9.89,1778,0.23,13.88,121.58,0.53,1.32,0,NaN,0,0.08,0,NaN,0,0,6,0,0,6,0,3039.71,2010.99,1000,1640.57,4.1,0,0,0,NaN,28.37,NaN,0,0.09,0.05,0,0,0,0.04,1,2450,3751.8,0
10/07/2025,04,5GNR,Central Texas,137,Austin,SCHZ,1379403,LOUIS_HENNA,3333,0.94,50,5319,100,4437,4419,85691.14,14.26,156.68,1.06,2.31,5.63,0.47,7.43,14.08,79811.75,0.41,5064.25,7288.42,16.23,5.45,0.05,NaN,0,0.15,0,NaN,0,0,8,0,0,8,0,8204.85,741.65,751.84,3051.18,12.29,0,0,0,NaN,88.89,NaN,2.63,0.3,0.3,0,0,0,0.02,1,4131,86094.26,0
10/07/2025,04,5GNR,Central Texas,137,Austin,SCHZ,1379403,MANOR_DT,2855,0.95,13,1371,100,1272,1263,2714.87,3.93,41.06,0.01,0.04,0.09,0.61,8.32,10.5,1477.27,0.71,39.77,162.94,0.78,1.34,0.78,NaN,0,0.3,0,NaN,0,0,3,0,0,3,0,3076.19,2545.45,1300.88,2109.09,0,0,0,0,NaN,0,NaN,0,0.02,0.02,0,0,0,0.06,2,3133,2782.24,0
10/07/2025,04,5GNR,Central Texas,137,Austin,SCHZ,1379403,MANOR_DT,3855,2.48,59,2380,100,1455,1441,23347.23,3.05,333.59,0.38,1.07,3.15,0.64,7.73,16.19,20215,0.96,344.58,686.52,1.42,2.41,1,NaN,0,0.3,0,NaN,0,0,2,0,0,2,0,6863.64,848.21,878.79,1676.06,NaN,0,0,0,NaN,0,NaN,0,0.01,0.01,0,0,0,0,0,1062,22982.43,0
10/07/2025,04,5GNR,Central Texas,137,Austin,SCHZ,1379403,MANOR_WEST_REPL,2341,1.93,4,207,100,166,162,527.33,0.78,51.44,0,0.01,0.06,0.92,8.32,10.63,267.69,2.41,6.51,33.53,0.18,1.85,0,NaN,0,0,NaN,NaN,NaN,NaN,0,0,NaN,0,0,NaN,NaN,NaN,NaN,NaN,0,NaN,0,NaN,NaN,NaN,NaN,0,0,0,0,0,0,0,407,539.46,0
10/07/2025,04,5GNR,Central Texas,137,Austin,SCHZ,1379403,MANOR_WEST_REPL,3341,1.98,114,5772,100,2332,2320,57038.9,9.96,172.88,0.81,1.83,4.32,0.84,7.77,13.71,52992.52,0.51,3214.24,4688.46,10.88,3.55,1.25,NaN,0,0.13,0,NaN,0,0,2,0,0,2,0,11013.89,1215.23,2108.27,6407.77,22.94,0,0,0,NaN,5888.43,NaN,1137.06,0.16,0.07,0,0,0,0.04,1,2437,56647.9,0
10/07/2025,04,5GNR,Central Texas,137,Austin,SCHZ,1379403,MAYES,2091,1.34,2,149,100,116,113,213.73,0.45,25.35,0.01,0.02,0.04,1.3,8.12,8.63,69.35,2.59,2.18,34.86,0.18,1.03,0,NaN,0,0.17,0,NaN,0,NaN,0,0,NaN,0,0,NaN,NaN,NaN,NaN,NaN,0,NaN,0,NaN,NaN,NaN,NaN,0,0,0,0,0,0.18,2,1085,1514.19,0
10/07/2025,04,5GNR,Central Texas,137,Austin,SCHZ,1379403,MAYES,3091,2.05,78,3808,100,3001,2990,36713.14,6.32,136.2,0.01,0.04,0.15,0.54,7.85,14.96,33516.17,0.37,1411.18,1926.57,3.52,9.12,0.08,NaN,0,0.43,NaN,NaN,NaN,0,2,0,0,2,0,9814.31,2292.86,2175.95,972.89,77.82,0,0,0,NaN,1828.57,NaN,0,0,0,0,0,0,0,0,1185,35032.89,0
10/07/2025,04,5GNR,Central Texas,137,Austin,SCHZ,1379403,MAYSFIELD,3767,11.78,167,1418,100,1179,1164,27960.72,3.75,174.19,0.69,1.49,3.98,0.41,7.54,12.39,27061.55,1.27,496.14,747.93,1.73,2.52,0.53,NaN,0,0.26,NaN,NaN,NaN,NaN,0,0,NaN,0,0,NaN,NaN,NaN,NaN,NaN,0,NaN,0,NaN,NaN,NaN,NaN,0,0,0,0,0,0,0,379,27591.2,0
10/07/2025,04,5GNR,Central Texas,137,Austin,SCHZ,1379403,METRIC,2853,3.31,5,151,100,129,124,294.43,0.55,24.17,0,0,0.02,1.04,8.17,10.41,157.02,3.88,2.94,26.58,0.13,2.3,0,NaN,0,0.49,NaN,NaN,NaN,NaN,0,0,NaN,0,0,NaN,NaN,NaN,NaN,NaN,0,NaN,0,NaN,NaN,NaN,NaN,0,0,0,0,0,0,0,762,249.61,0
10/07/2025,04,5GNR,Central Texas,137,Austin,SCHZ,1379403,METRIC,3853,2.65,42,1583,100,1294,1287,6495.68,1.46,144.66,0.03,0.05,0.12,0.63,7.87,12.31,5692.27,0.54,384.88,1036.22,2.67,7.82,0,NaN,0,0.12,NaN,NaN,NaN,NaN,0,0,NaN,0,0,NaN,NaN,NaN,NaN,NaN,0,NaN,0,NaN,NaN,NaN,NaN,0,0,0,0,0,0,0,821,6442.77,0
10/07/2025,04,5GNR,Central Texas,137,Austin,SCHZ,1379403,MICHAEL_ANGELO,3316,9.39,251,2674,100,1401,1392,15741.82,2.35,170.74,0.13,1.32,4.34,1.18,7.81,16.46,14814.93,0.64,1509.34,2070.75,4.18,11.28,0,NaN,0,0.12,0,NaN,0,0,4,0,0,4,0,7245.45,664.54,675.77,1883.05,NaN,0,0,0,NaN,0,NaN,0,0.1,0.05,0,0,0,0,0,818,15556.64,0
10/07/2025,04,5GNR,Central Texas,137,Austin,SCHZ,1379403,MILANO_WEST,3813,3.95,119,3012,100,2574,2561,26159.75,3.52,136.62,0.75,1.25,2.37,0.4,7.63,13.26,23901.38,0.51,1213.14,1855.01,4.07,3.59,0,NaN,0,0,NaN,NaN,NaN,NaN,0,0,NaN,0,0,NaN,NaN,NaN,NaN,NaN,0,NaN,0,NaN,NaN,NaN,NaN,0,0,0,0,0,0,0,191,25857.98,0
10/07/2025,04,5GNR,Central Texas,137,Austin,SCHZ,1379403,MINERVA,2442,7.57,51,674,100,576,573,626.17,1.91,21.6,0.24,0.19,0.07,2.47,8.36,11.89,415.6,0.52,26.18,97.17,0.53,2.37,1.69,NaN,0,0,NaN,NaN,NaN,NaN,0,0,NaN,0,0,NaN,NaN,NaN,NaN,NaN,0,NaN,0,NaN,NaN,NaN,NaN,0,0,0,0,0,0,0,1487,1468.74,0
10/07/2025,04,5GNR,Central Texas,137,Austin,SCHZ,1379403,MINERVA,3442,1.57,59,3762,100,3378,3353,52281.94,7.04,136.87,1.11,2.1,4.89,0.26,7.62,14.91,41688.57,0.74,1572.99,2218.56,4.27,3.89,0.1,NaN,0,0.05,NaN,NaN,NaN,NaN,0,0,NaN,0,0,NaN,NaN,NaN,NaN,NaN,0,NaN,0,NaN,NaN,NaN,NaN,0,0,0,0,0,0,0,1892,51571.26,0
10/07/2025,04,5GNR,Central Texas,137,Austin,SCHZ,1379403,MOPAC_PARMER,2823,0,0,129,100,98,98,6131.17,7.25,31.72,0.01,0.02,0.05,1.67,7.27,17.24,89.64,0,2.85,689.8,1.28,2.58,0.1,NaN,0,0.24,0,NaN,0,0,2,0,0,2,0,3000,2000,1000,0,NaN,0,0,0,NaN,0,NaN,0,0,0,0,0,0,0,0,1100,10309,0
10/07/2025,04,5GNR,Central Texas,137,Austin,SCHZ,1379403,MOPAC_PARMER,3823,0.97,17,1761,100,1268,1257,14783.72,2.53,169.02,0.66,0.97,2.14,0.68,7.93,13.27,8538.45,0.87,487.38,739.86,1.77,2.54,0,NaN,0,0.19,NaN,NaN,NaN,0,3,0,0,3,0,7606.06,2254.55,1992.42,1402.99,NaN,0,0,0,NaN,0,NaN,0,0.01,0.01,0,0,0,0,0,520,10288.09,0
10/07/2025,04,5GNR,Central Texas,137,Austin,SCHZ,1379403,NOLAN_VALLEY,2708,16.78,48,286,100,233,229,176.14,0.8,22.98,0.2,0.17,0.1,25.9,9.1,10.46,111.51,1.72,7.95,40.31,0.4,0.58,1.41,NaN,0,0,NaN,NaN,NaN,NaN,0,0,NaN,0,0,NaN,NaN,NaN,NaN,NaN,0,NaN,0,NaN,NaN,NaN,NaN,0,0,0,0,0,0,0,1391,162.37,0
10/07/2025,04,5GNR,Central Texas,137,Austin,SCHZ,1379403,NOLAN_VALLEY,3708,2.74,18,658,100,584,578,31403.35,3.76,119.24,0.76,0.72,0.61,0.62,7.61,14.16,26184.81,1.03,819.19,1192.56,2.11,3.99,0.31,NaN,0,0.15,NaN,NaN,NaN,NaN,0,0,NaN,0,0,NaN,NaN,NaN,NaN,NaN,0,NaN,0,NaN,NaN,NaN,NaN,0,0,0,0,0,0,0,698,31342.75,0
10/07/2025,04,5GNR,Central Texas,137,Austin,SCHZ,1379403,NORTHCROSS,3820,0.61,14,2285,100,2100,2092,8641.16,1,186.79,1.16,1.39,2.03,0.59,7.83,21.97,7637.02,0.38,1301.46,1900.39,2.24,11.64,0.24,NaN,0,0,0,NaN,0,0,1,0,0,1,0,6625,875,875,0,NaN,0,0,0,NaN,0,NaN,0,0,0,0,0,0,0,0,1170,8510.56,0
10/07/2025,04,5GNR,Central Texas,137,Austin,SCHZ,1379403,NORTH_TAYLOR,2030,25.54,107,419,100,292,291,977.35,1.62,34.37,0.01,0.09,0.36,0.86,8.17,9.91,514.47,0.34,8.28,79.54,0.4,1.95,0.88,NaN,0,0.07,0,NaN,0,0,9,0,0,9,0,3023.64,2986.49,1431.58,1593.02,2.46,0,0,0,NaN,77.74,NaN,15.5,0.06,0.06,0,0,0,0.07,1,1493,954.17,0
10/07/2025,04,5GNR,Central Texas,137,Austin,SCHZ,1379403,NORTH_TAYLOR,3030,1.72,44,2561,100,2154,2138,11571.35,1.89,125.51,0.55,1.43,3.45,0.47,7.7,13.7,7889.44,0.74,320.93,594.76,1.81,2.46,0.43,NaN,0,0,0,NaN,0,NaN,0,0,NaN,0,0,7908.33,1026.32,1008.33,833.33,NaN,0,0,0,NaN,0,NaN,0,0,0,0,0,0,0,0,654,11378.16,0
10/07/2025,04,5GNR,Central Texas,137,Austin,SCHZ,1379403,NORWOOD_PARK,2710,1.71,3,175,100,121,120,934.12,1.14,29.32,0,0.08,0.24,0.83,7.28,10.33,297.39,0.83,10.46,64.37,0.54,0.67,0.28,100,0,0.07,0,NaN,0,0,6,0,0,6,0,3577.11,2276.07,1195.54,5010.75,0,0,0,0,NaN,0,NaN,0,0.04,0.02,0,0,0,1.82,24,1316,573.47,0
10/07/2025,04,5GNR,Central Texas,137,Austin,SCHZ,1379403,NORWOOD_PARK,3710,1.19,106,8925,100,5537,5501,48822.6,8.02,174.57,1.32,2.33,4.83,2.05,7.87,15.47,41375.99,0.65,3746.73,5580.71,10.87,4.61,0.46,100,0,0.41,0,NaN,0,0,10,0,0,10,0,7428.46,694.76,692.12,2511.49,NaN,0,0,0,NaN,0,NaN,5.58,0.15,0.17,0,0,0,0.06,2,3241,48872.41,0
10/07/2025,04,5GNR,Central Texas,137,Austin,SCHZ,1379403,OLD_MANOR_RD_STX,2744,0.8,4,500,100,441,439,1222.9,1.78,52.64,0.01,0.01,0.01,2.33,8.12,14.52,820.64,0.45,50.96,229.28,1.4,3.54,0,NaN,0,0.1,0,NaN,0,0,8,0,0,8,0,3265.9,2412.65,1373.84,1533.83,27.94,0,0,0,NaN,1817.54,NaN,120.49,0.88,1.71,0,0,0,0.8,7,879,1314.8,0
10/07/2025,04,5GNR,Central Texas,137,Austin,SCHZ,1379403,OLD_MANOR_RD_STX,3744,1.19,48,4046,100,2291,2271,40718.56,5.97,173.2,1.29,1.74,2.94,1.07,7.81,13.78,36126.75,0.87,1762.78,2702.54,6.03,2.63,0.37,NaN,0,0.18,0,NaN,0,0,6,0,0,6,0,8147.65,1100,1076.67,5230.22,NaN,0,0,0,NaN,0,NaN,0,0.03,0.03,0,0,0,0,0,1168,40442.97,0
10/07/2025,04,5GNR,Central Texas,137,Austin,SCHZ,1379403,PAIGE,2181,3.11,7,225,100,215,213,1284.27,2.13,62.23,0.01,0.01,0.02,0.45,7.69,8.73,2424.22,0.93,961.99,1282.5,5.09,11.84,1.11,NaN,0,0,NaN,NaN,NaN,NaN,0,0,NaN,0,0,NaN,NaN,NaN,NaN,NaN,0,NaN,0,NaN,NaN,NaN,NaN,0,0,0,0,0,0,0,306,2485.09,0
10/07/2025,04,5GNR,Central Texas,137,Austin,SCHZ,1379403,PAIGE,3181,1.27,11,867,100,690,686,12729.21,1.27,207.45,0.14,0.12,0.09,0.27,7.56,12.05,6350.71,0.58,218.45,392.73,0.87,1.7,0.56,NaN,0,0,NaN,NaN,NaN,NaN,0,0,NaN,0,0,NaN,NaN,NaN,NaN,NaN,0,NaN,0,NaN,NaN,NaN,NaN,0,0,0,0,0,0,0,148,11320.16,0
10/07/2025,04,5GNR,Central Texas,137,Austin,SCHZ,1379403,PALM_VALLEY,2087,22.27,53,238,100,149,146,297.84,0.7,48.67,0.02,0.03,0.05,0,7.06,6.76,119.34,2.01,1.23,37.91,0.31,0.6,0.12,NaN,0,0.39,0,NaN,0,0,3,0,0,3,0,3000,2000,1000,0,NaN,0,0,0,NaN,0,NaN,0,0,0,0,0,0,0.4,7,1743,294.96,0
10/07/2025,04,5GNR,Central Texas,137,Austin,SCHZ,1379403,PALM_VALLEY,3087,0,0,640,100,380,380,7448.88,2.67,54.32,0.01,0.02,0.08,0.39,7.16,11.34,7168.71,0,393.28,524.8,1.01,3.29,0,NaN,0,0,NaN,NaN,NaN,0,5,0,0,5,0,8864.09,882.9,849.5,4743.42,NaN,0,0,0,NaN,0,NaN,0,0.04,0.04,0,0,0,0,0,502,7322.43,0
10/07/2025,04,5GNR,Central Texas,137,Austin,SCHZ,1379403,PARK_BEND,2203,0.61,1,163,100,140,139,887.37,1.45,30.18,0,0.01,0.04,0.77,8.59,10.22,353.69,0.71,14.62,83.04,0.37,1.9,0.06,NaN,0,0.46,0,NaN,0,0,5,0,0,5,0,3072.58,2230.77,1093.75,1192.31,0,0,0,0,NaN,0,NaN,0,0.01,0.01,0,0,0,0,0,1839,934.83,0
10/07/2025,04,5GNR,Central Texas,137,Austin,SCHZ,1379403,PARK_BEND,3203,0.74,28,3795,100,3301,3289,29389.9,5.66,142.51,0.24,0.27,0.34,0.55,7.56,12.13,26120.96,0.36,984.85,2037.15,4.63,4.08,0.04,100,0,0,NaN,NaN,NaN,0,7,0,0,7,0,7250,916.67,916.67,277.78,NaN,0,0,0,NaN,0,NaN,0,0,0,0,0,0,0.05,1,2157,29658.61,0
10/07/2025,04,5GNR,Central Texas,137,Austin,SCHZ,1379403,PARMER_LANE,2023,0.34,1,293,100,230,230,1141.4,1.87,41.92,0,0.01,0.03,0.37,8.05,11,725.23,0,26.56,97.21,0.36,3.36,0.15,NaN,0,0.07,NaN,NaN,NaN,0,1,0,0,1,0,3000,2000,1000,0,NaN,0,0,0,NaN,0,NaN,0,0,0,0,0,0,0.14,2,1474,4697.43,0
10/07/2025,04,5GNR,Central Texas,137,Austin,SCHZ,1379403,PARMER_LANE,3023,0.99,45,4546,100,3945,3930,34742.59,5.26,202.61,1.03,1.67,3.11,0.73,7.79,14.41,28764.79,0.38,4007.67,5707.68,16.08,6.44,0.18,NaN,0,0.08,0,NaN,0,0,13,0,0,13,0,7251.07,637.48,706.83,4851.46,33.34,0,0,0,NaN,3.7,NaN,7.57,7.8,4.15,0,0,0,0.08,2,2616,31547.45,0
10/07/2025,04,5GNR,Central Texas,137,Austin,SCHZ,1379403,PFENNIG,2370,0.47,1,215,100,151,150,496.11,0.76,39,0,0.01,0.04,0.59,8.32,9.95,236.14,0.66,13.98,63.38,0.28,1.71,0.1,NaN,0,0.44,0,NaN,0,0,5,0,0,5,0,3077.28,2190.48,1104.22,2270.98,4.62,0,0,0,NaN,145.88,NaN,76.19,0.21,0.13,0,0,0,0,0,1235,462.95,0
10/07/2025,04,5GNR,Central Texas,137,Austin,SCHZ,1379403,PFENNIG,3370,0.65,18,2771,100,1507,1501,13921.37,2.66,115.39,0.72,1.4,3.07,1.06,7.89,13.43,12557.99,0.4,548.61,993.93,2.2,2.2,0.55,NaN,0,0.24,NaN,NaN,NaN,0,4,0,0,4,0,7801.71,644.47,734.69,2354.38,42.37,0,0,0,NaN,86.88,NaN,202.7,2.69,2.44,0,0,0,0,0,1262,13736.23,0
10/07/2025,04,5GNR,Central Texas,137,Austin,SCHZ,1379403,PFLUGERVILLE,2127,0.55,3,549,100,273,271,5850.19,6.11,68.19,0.01,0.03,0.05,0.51,8.31,10.75,5336.96,0.73,69.49,337.85,1.24,3.1,0.11,NaN,0,0.08,0,NaN,0,0,3,0,0,3,0,3240.37,2191.82,1271.7,3366.64,8.83,0,0,0,NaN,1181.78,NaN,82.83,1.66,0.88,0,0,0,0.05,2,3866,6750.42,0
10/07/2025,04,5GNR,Central Texas,137,Austin,SCHZ,1379403,PFLUGERVILLE,3127,1.31,59,4497,100,2988,2969,56287.95,8.59,139.53,1.15,2.61,6.35,1.08,7.55,14.34,53086.62,0.64,5280.96,6741.06,14.99,8.07,0.68,NaN,0,0.07,NaN,NaN,NaN,100,1,1,100,1,1,8359.68,711.31,745.1,1621.63,38.74,0,0,0,NaN,401.05,NaN,28.25,8.95,6.1,0,0,0,0.07,1,1393,55102.83,0
10/07/2025,04,5GNR,Central Texas,137,Austin,SCHZ,1379403,PFLUGERVILLE_HS,2709,1.06,1,94,100,84,83,284.49,0.42,25.81,0,0,0.01,0.58,7.81,10.49,233.72,1.19,9.98,46.45,0.19,1.09,0,NaN,0,0.14,NaN,NaN,NaN,0,7,0,0,7,0,3379.46,2575.97,1365.26,1693.82,12.37,0,0,0,NaN,155.56,NaN,83.8,0.19,0.04,0,0,0,0,0,646,252.83,0
10/07/2025,04,5GNR,Central Texas,137,Austin,SCHZ,1379403,PFLUGERVILLE_HS,3709,0.51,14,2724,100,1815,1807,27766.98,4.64,118.08,1.11,1.37,2.17,0.48,7.66,13.81,23300.47,0.44,787.46,1289.29,2.91,2.18,0.3,NaN,0,0.09,0,NaN,0,0,4,0,0,4,0,7659.7,622.01,635.49,5223.32,16.38,0,0,0,NaN,269.47,NaN,14.39,0.98,0.61,0,0,0,0,0,1196,27691.21,0
10/07/2025,04,5GNR,Central Texas,137,Austin,SCHZ,1379403,PINEY_CREEK,2318,0,0,57,100,8,8,6471.41,5,72.86,0,0,0.01,0.61,8.17,12.57,1791.41,0,84.78,282.62,0.88,3.67,0,NaN,0,0.11,0,NaN,0,0,2,0,0,2,0,3000,1727.27,937.5,400,NaN,0,0,0,NaN,0,NaN,0,0,0,0,0,0,0,0,2859,6311.25,0
10/07/2025,04,5GNR,Central Texas,137,Austin,SCHZ,1379403,PRIEM,2332,0,0,135,100,112,112,519.41,0.81,38.7,0,0.01,0.03,0.24,8.64,9.87,149.58,0,0.55,49.24,0.25,1.07,0.17,NaN,0,0.05,NaN,NaN,NaN,0,4,0,0,4,0,3017.86,2234.04,1094.83,1487.8,2.73,0,0,0,NaN,0,NaN,0,0.01,0.01,0,0,0,0,0,1963,558.16,0
10/07/2025,04,5GNR,Central Texas,137,Austin,SCHZ,1379403,PRIEM,3332,0.65,24,3691,100,2963,2952,43740.96,5.21,214.79,1.18,1.95,4.15,0.63,7.7,15.17,39760.25,0.37,1381.66,2060.27,3.9,3.66,0.35,NaN,0,0.4,NaN,NaN,NaN,0,16,0,0,16,0,7665.32,711.89,731.05,1327.98,50.52,0,0,0,NaN,6.73,NaN,1.79,4.92,0.22,0,0,0,0,0,2111,43158.62,0
10/07/2025,04,5GNR,Central Texas,137,Austin,SCHZ,1379403,RICES_CROSSING_STX,2857,1.36,4,294,100,269,264,182.98,0.34,31.4,0,0.01,0.03,1.21,8.63,15.95,77.58,1.86,20,38.96,0.1,2.36,0.88,NaN,0,0,0,NaN,0,NaN,0,0,NaN,0,0,NaN,NaN,NaN,NaN,NaN,0,NaN,0,NaN,NaN,NaN,NaN,0,0,0,0,0,0,0,351,163.65,0
10/07/2025,04,5GNR,Central Texas,137,Austin,SCHZ,1379403,RICES_CROSSING_STX,3857,0.39,4,1029,66.67,674,672,7757.33,1.86,165.8,0.48,1.26,3.23,0.52,7.78,13.74,6839.72,0.3,173.62,433.57,1.58,2.73,0,NaN,0,0,0,NaN,0,0,3,0,0,3,0,7858.62,593.75,586.21,1964.29,NaN,0,0,0,NaN,0,NaN,0,0.03,0.03,0,0,0,0,0,617,7665.58,0
10/07/2025,04,5GNR,Central Texas,137,Austin,SCHZ,1379403,ROCKDALE,2455,2.29,39,1702,100,1076,1071,4092.9,15.12,21.18,5.75,3.93,1.46,6.92,9.43,13.88,7088.47,0.46,249.11,635.44,4.54,1.79,0,NaN,0,0.1,0,NaN,0,0,15,0,0,15,0,3000,2346.15,1179.35,1022.73,0,0,0,0,NaN,0,NaN,0,0.01,0.01,0,0,0,0,0,3166,7327.07,0
10/07/2025,04,5GNR,Central Texas,137,Austin,SCHZ,1379403,ROCKDALE,3455,2.42,170,7039,100,5540,5511,71944.59,9.79,136.9,1.87,2.75,5.15,0.71,7.6,13.93,65128.99,0.52,2942.11,4739.36,10.33,5.51,0,NaN,0,0.37,0,NaN,0,NaN,0,0,NaN,0,0,6250,1000,1000,0,NaN,0,0,0,NaN,6000,NaN,NaN,0,0,0,0,0,0,0,1341,67854.62,0
10/07/2025,04,5GNR,Central Texas,137,Austin,SCHZ,1379403,ROCKDALE_WEST,2072,1.06,5,470,100,304,301,1656.08,5.16,15.81,1.27,0.96,0.24,1.18,8.38,12.27,1011.6,0.99,87.03,226.77,1.22,5.41,0.05,NaN,0,0.22,0,NaN,0,0,4,0,0,4,0,3114.58,2020,1008.47,1620,0,0,0,0,NaN,0,NaN,0,0.01,0,0,0,0,0,0,2216,2178.39,0
10/07/2025,04,5GNR,Central Texas,137,Austin,SCHZ,1379403,ROCKDALE_WEST,3072,3.86,148,3835,100,3377,3343,57104.03,8.88,103.35,0.31,1.27,3.85,0.38,7.53,13.09,37719.33,1.01,2566.7,4270.49,9.92,5.14,0.04,NaN,0,0.12,NaN,NaN,NaN,0,9,0,0,9,0,6738.27,619.42,625,1517.83,65.54,0,0,0,NaN,0,NaN,0,0.01,0.01,0,0,0,0,0,2616,54892.72,0
10/07/2025,04,5GNR,Central Texas,137,Austin,SCHZ,1379403,ROGGE_LANE,2098,1.04,4,386,100,291,290,835.36,1.17,50.51,0,0.01,0.03,0.99,7.96,9.48,155.78,0.34,6.3,92.85,0.45,1.49,0.41,NaN,0,0.15,NaN,NaN,NaN,NaN,0,0,NaN,0,0,NaN,NaN,NaN,NaN,NaN,0,NaN,0,NaN,NaN,NaN,NaN,0,0,0,0,0,0.16,4,2517,1074.6,0
10/07/2025,04,5GNR,Central Texas,137,Austin,SCHZ,1379403,ROGGE_LANE,3098,0.98,25,2562,100,2051,2039,17697.32,3.04,154.03,0.58,1.61,4.12,0.84,7.66,11.48,16688.56,0.59,688.77,955.63,2.69,2.85,0.29,NaN,0,0.08,NaN,NaN,NaN,0,2,0,0,2,0,7020.41,658.54,632.65,1480.77,NaN,0,0,0,NaN,0,NaN,0,0.01,0.01,0,0,0,0,0,1304,17285.39,0
10/07/2025,04,5GNR,Central Texas,137,Austin,SCHZ,1379403,ROUND_ROCK_EAST,2218,0,0,137,100,126,126,677.7,1.12,72.83,0,0.01,0.05,1.33,8.25,10.14,435.13,0,14.92,61.41,0.25,2.34,0,NaN,0,0.06,NaN,NaN,NaN,NaN,0,0,NaN,0,0,NaN,NaN,NaN,NaN,NaN,0,NaN,0,NaN,0,NaN,NaN,0,0,0,0,0,0.14,2,1461,758.46,0
10/07/2025,04,5GNR,Central Texas,137,Austin,SCHZ,1379403,ROUND_ROCK_EAST,3218,0.88,37,4198,100,3133,3112,43353.79,8.13,113.86,0,0.03,0.1,0.61,7.64,13.03,40662.46,0.67,2856.21,3760.34,9.72,4.31,0.19,NaN,0,0.37,0,NaN,0,NaN,0,0,NaN,0,0,NaN,NaN,NaN,NaN,NaN,0,NaN,0,NaN,0,NaN,0,0,0,0,0,0,0.12,3,2517,42715.91,0
10/07/2025,04,5GNR,Central Texas,137,Austin,SCHZ,1379403,ROWE_LANE,2750,0.4,1,253,100,215,214,628.55,0.78,44.27,0,0,0.01,0.35,7.89,11.93,222.51,0.47,309.3,442.75,1.05,17.34,0.1,NaN,0,0.09,NaN,NaN,NaN,0,6,0,0,6,0,3017.24,2698.28,1326.73,1140.47,0.46,0,0,0,NaN,26.4,NaN,0,0.06,0.04,0,0,0,0,0,1088,611.6,0
10/07/2025,04,5GNR,Central Texas,137,Austin,SCHZ,1379403,ROWE_LANE,3750,4.37,116,2657,100,2140,2124,53466.49,7.54,201.22,1.33,1.58,2.34,2.29,7.56,13.77,45658.88,0.75,4223.13,5826.06,12.22,7.69,0.19,NaN,0,0.28,0,NaN,0,NaN,0,0,NaN,0,0,NaN,NaN,NaN,NaN,NaN,0,NaN,0,NaN,NaN,NaN,NaN,0,0,0,0,0,0,0,1430,53668.64,0
10/07/2025,04,5GNR,Central Texas,137,Austin,SCHZ,1379403,RUNDBERG,2311,2.49,12,482,100,405,399,2679.1,2.69,44.96,0.01,0.02,0.03,1.24,7.93,10.87,1490.13,1.48,116.28,274.16,1.35,5.17,0.12,NaN,0,0,0,NaN,0,0,15,0,0,15,0,3167.19,2266.93,1076.63,2780.16,36.28,0,0,0,NaN,575.43,NaN,74.47,0.52,0.07,0,0,0,1.05,30,2846,2365.34,0
10/07/2025,04,5GNR,Central Texas,137,Austin,SCHZ,1379403,RUNDBERG,3311,0.98,51,5217,100,3458,3441,32456.58,5.96,156.98,0.68,1.33,3.48,1.66,8.14,15.94,28584.81,0.49,620.65,1077.78,2.37,2.29,0.27,100,0,0.21,0,NaN,0,0,4,0,0,4,0,6704.62,746.85,750.8,1678.9,5.46,0,0,0,NaN,285,NaN,0,0.09,0.18,0,0,0,0,0,1464,32285.4,0
10/07/2025,04,5GNR,Central Texas,137,Austin,SCHZ,1379403,RUTLAND,3078,0.81,50,6196,100,5595,5569,29486.09,3.98,152.56,0.72,1.24,2.55,1.27,8.02,15.66,25694.06,0.46,3274.3,4446.28,8.42,10.22,0,NaN,0,0,0,NaN,0,0,5,0,0,5,0,6906.98,687.5,680.23,1054.35,NaN,0,0,0,NaN,0,NaN,0,0.01,0.02,0,0,0,0,0,2245,29054.72,0
10/07/2025,04,5GNR,Central Texas,137,Austin,SCHZ,1379403,SAMSUNG_TAYLOR_COW,2894,0,0,106,100,47,47,333.09,0.51,31.99,0,0.01,0.12,0.84,8.02,9.81,172.14,0,4.89,29.77,0.14,1.13,0,NaN,0,0.16,NaN,NaN,NaN,0,1,0,0,1,0,3000,4000,2000,0,NaN,0,0,0,NaN,0,NaN,0,0,0,0,0,0,0,0,462,324.98,0
10/07/2025,04,5GNR,Central Texas,137,Austin,SCHZ,1379403,SAMSUNG_TAYLOR_COW,3894,0.81,15,1859,100,1000,994,22696.95,4.11,176.59,0.31,1.03,2.71,0.59,8.02,14.78,15607.24,0.6,598.38,1287.61,2.67,4.1,0.32,NaN,0,0.22,0,NaN,0,0,22,0,0,22,0,7129.85,654.68,823.06,1696.16,118.39,0,0,0,NaN,489.04,NaN,17.58,4.92,2.34,0,0,0,0.05,1,1844,22492.85,0
10/07/2025,04,5GNR,Central Texas,137,Austin,SCHZ,1379403,SAUNDERS,3010,0.8,34,4272,100,3817,3807,25348.42,3.54,183.81,0.76,1.27,2.52,0.87,7.93,17.17,22968.42,0.26,8038.97,9512.98,11.15,24.77,0.08,100,0,0.13,0,NaN,0,0,4,0,0,4,0,7513.06,695.95,862.52,2652.02,169.23,0,0,0,NaN,438.94,NaN,5.38,36.83,0.67,0,0,0,0,0,2383,25006.45,0
10/07/2025,04,5GNR,Central Texas,137,Austin,SCHZ,1379403,SAYERSVILLE,2258,7.41,2,27,100,32,32,39.88,0.07,74.82,0,0.01,0.07,0.2,7.62,10.29,33.68,0,15.42,28.48,0.1,6.09,0,NaN,0,0.29,NaN,NaN,NaN,0,1,0,0,1,0,3000,15166.67,7583.33,0,NaN,0,0,0,NaN,0,NaN,0,0,0,0,0,0,1,2,201,37.86,0
10/07/2025,04,5GNR,Central Texas,137,Austin,SCHZ,1379403,SAYERSVILLE,3258,1.98,14,707,100,576,569,10235.9,1.3,119.2,0.23,0.22,0.15,0.31,7.34,12.63,9965.37,1.22,91.44,145.9,0.21,0.72,1.2,NaN,0,0,0,NaN,0,NaN,0,0,NaN,0,0,NaN,NaN,NaN,NaN,NaN,0,NaN,0,NaN,NaN,NaN,NaN,0,0,0,0,0,0,0,293,10090.95,0
10/07/2025,04,5GNR,Central Texas,137,Austin,SCHZ,1379403,SHARP,2765,0.59,1,170,100,165,164,14.35,0.05,16.03,0.01,0.01,0,5.62,8.78,11.69,9.23,0.61,0.07,3.37,0.02,3.58,2.67,NaN,0,0,NaN,NaN,NaN,NaN,0,0,NaN,0,0,NaN,NaN,NaN,NaN,NaN,0,NaN,0,NaN,NaN,NaN,NaN,0,0,0,0,0,0,0,128,13.34,0
10/07/2025,04,5GNR,Central Texas,137,Austin,SCHZ,1379403,SHARP,3765,6.5,135,2076,100,1575,1567,21570.65,3.91,164.68,0.58,1.48,3.98,0.31,7.54,14.01,19749.91,0.51,560.17,759.91,1.41,3.09,0.72,NaN,0,0,NaN,NaN,NaN,NaN,0,0,NaN,0,0,NaN,NaN,NaN,NaN,NaN,0,NaN,0,NaN,NaN,NaN,NaN,0,0,0,0,0,0.27,1,365,22056.8,0
10/07/2025,04,5GNR,Central Texas,137,Austin,SCHZ,1379403,SHOALMONT,2844,0,0,82,100,36,36,87.76,0.19,24.18,0,0.01,0.09,1.08,8.24,11.85,38.95,0,2.97,27.88,0.1,4.49,0,NaN,0,0.34,0,NaN,0,NaN,0,0,NaN,0,0,NaN,NaN,NaN,NaN,NaN,0,NaN,0,NaN,NaN,NaN,NaN,0,0,0,0,0,0.52,4,773,80.3,0
10/07/2025,04,5GNR,Central Texas,137,Austin,SCHZ,1379403,SHOALMONT,3844,0.65,13,2008,100,1792,1786,12770.91,2.3,141.51,0.05,0.07,0.13,0.33,7.58,12.33,12129.11,0.33,1293.21,1720.9,2.98,11.38,0.34,NaN,0,0,NaN,NaN,NaN,NaN,0,0,NaN,0,0,NaN,NaN,NaN,NaN,NaN,0,NaN,0,NaN,NaN,NaN,NaN,0,0,0,0,0,0,0,501,12592.09,0
10/07/2025,04,5GNR,Central Texas,137,Austin,SCHZ,1379403,SUNDANCE_FRONTERA,2944,0,0,64,100,58,58,84.32,0.19,7.9,0,0,0.01,0.44,7.84,9.38,4.05,0,145.93,179.41,1.3,5.22,0,NaN,0,0.31,NaN,NaN,NaN,0,8,0,0,8,0,3280.46,2566.84,1456.88,1583.89,30.14,0,0,0,NaN,3142.51,NaN,4.13,1.25,0.3,0,0,0,0,0,914,58.1,0
10/07/2025,04,5GNR,Central Texas,137,Austin,SCHZ,1379403,SUNDANCE_FRONTERA,3944,0.35,4,1129,100,855,853,9295.62,1.37,175.21,0.2,0.76,2.64,0.29,8.07,15.73,6401.38,0.23,649.12,994.28,1.88,9.62,0.06,NaN,0,0.13,NaN,NaN,NaN,0,11,0,0,11,0,6925.74,639.66,667.08,1506.33,27.31,0,0,0,NaN,216.42,NaN,0,0.21,0.03,0,0,0,0,0,1603,9260.23,0
10/07/2025,04,5GNR,Central Texas,137,Austin,SCHZ,1379403,TAYLOR,2216,2.41,7,290,100,266,264,212.56,0.37,50.75,0,0.01,0.05,0.44,8.41,10.47,161.28,0.75,6.4,22.28,0.14,0.71,0.75,NaN,0,0.31,NaN,NaN,NaN,NaN,0,0,NaN,0,0,NaN,NaN,NaN,NaN,NaN,0,NaN,0,NaN,NaN,NaN,NaN,0,0,0,0,0,0.63,4,631,208.31,0
10/07/2025,04,5GNR,Central Texas,137,Austin,SCHZ,1379403,TAYLOR,3216,3.12,99,3170,100,1579,1570,22992.47,4.34,165.66,0.61,1.33,3.06,1.1,7.83,14.06,21933.02,0.57,1110.27,1711.85,3.67,3.89,0.89,NaN,0,0.15,0,NaN,0,0,3,0,0,3,0,7031.25,1352.94,1406.25,0,NaN,0,0,0,NaN,0,NaN,0,0,0,0,0,0,0.07,1,1361,23438.31,0
10/07/2025,04,5GNR,Central Texas,137,Austin,SCHZ,1379403,TAYLOR_DOWNTOWN,3274,1.48,98,6639,100,5811,5783,47554.7,6.59,135.55,1.63,1.97,3.08,0.49,7.7,15.9,37123.81,0.48,1516.14,2213.27,3.87,5.61,0.28,NaN,0,0.06,0,NaN,0,0,6,0,0,6,0,7099.85,719.02,773.99,1668.6,118.54,0,0,0,NaN,0,NaN,23.21,0.41,0.19,0,0,0,0,0,1719,47750.9,0
10/07/2025,04,5GNR,Central Texas,137,Austin,SCHZ,1379403,TAYLOR_WEST2ND_STX,2874,0.87,4,458,100,362,360,1769.69,2.54,49.33,0.01,0.01,0.02,0.57,8.3,9.38,1041.74,0.55,10.14,54.38,0.26,0.86,0.41,NaN,0,0.08,NaN,NaN,NaN,0,3,0,0,3,0,3052.38,2337.5,1197.37,1910.89,2.59,0,0,0,NaN,0,NaN,67.96,0.04,0.01,0,0,0,0,0,1187,1742.35,0
10/07/2025,04,5GNR,Central Texas,137,Austin,SCHZ,1379403,TAYLOR_WEST2ND_STX,3874,4.89,149,3048,100,1997,1983,20113.08,4.71,73.73,1.05,1.55,2.61,0.73,7.52,14.09,15131.23,0.7,1600.14,2308.84,4.61,2.59,0.59,NaN,0,0.13,0,NaN,0,0,5,0,0,5,0,7566.07,684.21,698.21,1268.6,24.58,0,0,0,NaN,0,NaN,50.21,0.18,0.13,0,0,0,0.13,3,2395,20054.61,0
10/07/2025,04,5GNR,Central Texas,137,Austin,SCHZ,1379403,THORNDALE,2466,1.14,10,876,100,700,693,3648.74,6.67,22.35,0.51,0.37,0.14,1,7.74,12.85,1151.29,1,560.19,1142.2,4.34,9.99,0.21,NaN,0,0.05,0,NaN,0,0,2,0,0,2,0,3000,2000,1000,0,NaN,0,0,0,NaN,0,NaN,0,0,0,0,0,0,0,0,1977,3603.85,0
10/07/2025,04,5GNR,Central Texas,137,Austin,SCHZ,1379403,THRALL,2273,9.68,36,372,100,336,333,283.42,0.48,83.82,0,0.13,0.7,0.7,8.3,11.09,2327.53,0.89,10.55,42.25,0.16,2.22,0.31,NaN,0,0,NaN,NaN,NaN,NaN,0,0,NaN,0,0,NaN,NaN,NaN,NaN,NaN,0,NaN,0,NaN,NaN,NaN,NaN,0,0,0,0,0,0,0,727,2405.2,0
10/07/2025,04,5GNR,Central Texas,137,Austin,SCHZ,1379403,THRALL,3273,13.44,325,2419,100,1901,1885,25279.44,3.11,203.72,0.62,1.36,2.72,0.89,7.49,15.32,22211.41,0.84,2330.7,3137.85,4.98,10.65,0.27,NaN,0,0.15,0,NaN,0,0,3,0,0,3,0,6739.73,689.66,678.08,7697.37,NaN,0,0,0,NaN,0,NaN,0,0.01,0.01,0,0,0,0,0,707,22896.61,0
10/07/2025,04,5GNR,Central Texas,137,Austin,SCHZ,1379403,TRUGREEN,2836,0,0,39,100,37,37,177.12,0.36,32.9,0.03,0.04,0.07,0.2,8.06,9.99,132.19,0,0.32,11.19,0.08,1.09,0,NaN,0,0.18,NaN,NaN,NaN,NaN,0,0,NaN,0,0,NaN,NaN,NaN,NaN,NaN,0,NaN,0,NaN,NaN,NaN,NaN,0,0,0,0,0,0,0,503,152.28,0
10/07/2025,04,5GNR,Central Texas,137,Austin,SCHZ,1379403,TRUGREEN,3836,0.41,7,1711,100,1180,1178,8767.23,1.06,155.79,0.32,0.74,1.91,0.82,7.9,15.55,6803.57,0.17,1788.55,2387.62,4.31,19.76,0.25,100,0,0.09,NaN,NaN,NaN,0,10,0,0,10,0,7817.4,1337.15,1155.64,1137.53,87.38,0,0,0,NaN,0,NaN,0,0.56,0.06,0,0,0,0.09,1,1171,8664.02,0
10/07/2025,04,5GNR,Central Texas,137,Austin,SCHZ,1379403,TU_ROUND_ROCK,2211,8.38,32,382,100,340,337,305,0.61,43.48,0,0.01,0.04,1.51,10.08,6.65,40.24,0.88,0.95,195.42,1.28,2.98,0.69,NaN,0,0,0,NaN,0,NaN,0,0,NaN,0,0,NaN,NaN,NaN,NaN,NaN,0,NaN,0,NaN,NaN,NaN,NaN,0,0,0,0,0,0,0,655,226.85,0
10/07/2025,04,5GNR,Central Texas,137,Austin,SCHZ,1379403,TU_ROUND_ROCK,3211,1.05,48,4587,100,4227,4208,76569.05,9.75,142.82,0.9,2.15,5.7,0.38,7.57,14.44,49445.22,0.45,11064.11,16035.16,27.62,10.48,0.14,NaN,0,0.03,0,NaN,0,0,1,0,0,1,0,6916.67,1166.67,1166.67,0,NaN,0,0,0,NaN,0,NaN,0,0,0,0,0,0,0.06,2,3472,76672.11,0
10/07/2025,04,5GNR,Central Texas,137,Austin,SCHZ,1379403,US79W_THORNDALE,2955,8.93,151,1691,100,1480,1467,1330.29,1.97,42.2,0.01,0.01,0,0.87,8.47,11.63,1123.27,0.88,25.94,44.22,0.16,1.99,NaN,NaN,NaN,NaN,NaN,NaN,NaN,NaN,0,0,NaN,0,0,NaN,NaN,NaN,NaN,NaN,0,NaN,0,NaN,NaN,NaN,NaN,0,0,0,0,0,NaN,0,0,1123.27,0
10/07/2025,04,5GNR,Central Texas,137,Austin,SCHZ,1379403,US79W_THORNDALE,3955,5.03,218,4332,100,3764,3748,38015.31,5.16,160.05,0.95,2.05,4.48,0.53,7.61,15.49,31708.72,0.43,2251.44,3553.9,6.96,4.9,0.8,NaN,0,0.12,NaN,NaN,NaN,0,6,0,0,6,0,7749.08,654.76,677.35,1269.39,78.39,0,0,0,NaN,0,NaN,30.23,1.89,0.2,0,0,0,0,0,855,37838.52,0
10/07/2025,04,5GNR,Central Texas,137,Austin,SCHZ,1379403,WEBBERVILLE,2234,1.69,6,356,100,305,300,1118.2,1.6,16.08,0,0.01,0.02,0.84,7.75,15.47,522.12,1.64,1242.2,1641.57,2.81,19.41,0.17,NaN,0,0,0,NaN,0,0,2,0,0,2,0,3500,4600,2000,1615.38,0,0,0,0,NaN,0,NaN,0,0,0,0,0,0,0,0,1448,1204.92,0
10/07/2025,04,5GNR,Central Texas,137,Austin,SCHZ,1379403,WEBBERVILLE,3234,1.68,90,5342,100,4099,4085,39918.74,6.21,159.03,0.93,1.98,4.56,0.96,7.71,13.62,34297.98,0.34,3009.81,5161.83,9.9,6.91,1.37,NaN,0,0.24,0,NaN,0,0,11,0,0,11,0,7190.68,2398.65,2781.51,2661.76,NaN,0,0,0,NaN,0,NaN,0,0.02,0.02,0,0,0,0,0,1706,39763.35,0
10/07/2025,04,5GNR,Central Texas,137,Austin,SCHZ,1379403,WILBARGER_CREEK_AUSTX,2858,0,0,58,100,2,2,24.69,0.08,34.12,0,0,0.01,0.35,8.76,7.83,13.72,0,0.17,2.27,0.02,1.06,0,NaN,0,0,NaN,NaN,NaN,NaN,0,0,NaN,0,0,NaN,NaN,NaN,NaN,NaN,0,NaN,0,NaN,NaN,NaN,NaN,0,0,0,0,0,0,0,43,17.45,0
10/07/2025,04,5GNR,Central Texas,137,Austin,SCHZ,1379403,WILBARGER_CREEK_AUSTX,3858,0.43,4,934,100,886,883,6748.62,0.87,120.97,0.18,0.73,2.91,0.39,7.09,13.28,3066.83,0.34,100.01,200.28,0.36,1.5,0,NaN,0,0,NaN,NaN,NaN,NaN,0,0,NaN,0,0,NaN,NaN,NaN,NaN,NaN,0,NaN,0,NaN,NaN,NaN,NaN,0,0,0,0,0,0,0,32,6654.87,0
10/07/2025,04,5GNR,Central Texas,137,Austin,SCHZ,1379403,WILKE_LANE,2291,0.97,3,309,100,213,212,704.79,2.46,19.26,0.56,0.46,0.18,0.26,8.83,11.22,571.18,0.47,5.98,69.21,0.48,1.16,0.18,NaN,0,0.06,NaN,NaN,NaN,NaN,0,0,NaN,0,0,NaN,NaN,NaN,NaN,NaN,0,NaN,0,NaN,NaN,NaN,NaN,0,0,0,0,0,0.1,3,2972,730.96,0
10/07/2025,04,5GNR,Central Texas,137,Austin,SCHZ,1379403,WILKE_LANE,3291,0.77,35,4544,100,3431,3411,57676.05,8.23,217.47,1.12,2.03,4.42,0.5,7.58,13.65,52864.68,0.58,3219.28,4640.27,9.84,5.46,0.14,NaN,0,0.19,0,NaN,0,0,7,0,0,7,0,7525.06,656.37,672.27,2031.05,36.75,0,0,0,NaN,1.64,NaN,0,0.85,0.18,0,0,0,0,0,2642,57552.74,0
10/07/2025,04,5GNR,Central Texas,137,Austin,SCHZ,1379403,WINDERMERE,2822,0,0,58,100,45,45,1935.22,2.1,22.39,0,0.01,0.04,0.34,7.89,10.37,19.77,0,1.39,49.66,0.19,1.87,0,NaN,0,0,NaN,NaN,NaN,NaN,0,0,NaN,0,0,NaN,NaN,NaN,NaN,NaN,0,NaN,0,NaN,NaN,NaN,NaN,0,0,0,0,0,0,0,1009,4047.2,0
10/07/2025,04,5GNR,Central Texas,137,Austin,SCHZ,1379403,WINDERMERE,3822,0.56,17,3041,100,2354,2344,28775.61,4.6,221.72,0.67,1.36,3.26,0.68,7.61,15.47,22842.43,0.42,1678.73,2335.55,3.81,8.65,0.31,NaN,0,0.27,NaN,NaN,NaN,0,2,0,0,2,0,8069.89,716.22,736.56,1797.62,NaN,0,0,0,NaN,0,NaN,0,0.02,0.01,0,0,0,0,0,1528,26414.94,0
10/07/2025,04,5GNR,Central Texas,137,Austin,SCHZ,1379403,YAGER,2335,3.58,11,307,100,209,207,1561.65,2.26,33.18,0.01,0.01,0.01,1.03,8.14,9.59,186.48,0.96,1.71,86.29,0.48,1.17,0.29,NaN,0,0.31,NaN,NaN,NaN,0,2,0,0,2,0,3000,3416.67,1708.33,2666.67,NaN,0,0,0,NaN,0,NaN,0,0,0,0,0,0,1.16,27,2330,1062.47,0
10/07/2025,04,5GNR,Central Texas,137,Austin,SCHZ,1379403,YAGER,3335,2.2,159,7221,100,5749,5719,64180.09,10.65,110.78,1.5,2.75,6.03,0.7,7.68,15.91,58694.41,0.52,4516.64,6583.39,11.38,5.79,0.23,NaN,0,0.21,0,NaN,0,0,6,0,0,6,0,9270.72,1959.46,10228.31,29654.55,NaN,0,0,0,NaN,1739.13,NaN,2595.24,0.12,0.03,0,0,0,0.03,1,3725,64321.74,0
10/07/2025,04,5GNR,Central Texas,137,Austin,SCHZ,1379403,_ELGIN_WEST,3830,1.3,9,691,100,318,317,53500.09,16.33,172.37,0.37,1.55,5.88,0.16,7.32,14.24,52195.62,0.31,1308.42,1656.72,9.39,4.74,0,NaN,0,0,NaN,NaN,NaN,NaN,0,0,NaN,0,0,NaN,NaN,NaN,NaN,NaN,0,NaN,0,NaN,NaN,NaN,NaN,0,0,0,0,0,0.24,1,416,52232.11,0
10/07/2025,04,5GNR,Central Texas,137,Austin,SCHZ,1379404,ACRES,2727,0.9,2,223,100,162,162,2464.39,3.48,56.43,0.16,0.15,0.12,0.21,8.44,12.77,3046.06,0,169.99,259.24,1.2,4.59,0.34,NaN,0,0.78,NaN,NaN,NaN,NaN,0,0,NaN,0,0,NaN,NaN,NaN,NaN,NaN,0,NaN,0,NaN,NaN,NaN,NaN,0,0,0,0,0,0,0,968,3237.68,0
10/07/2025,04,5GNR,Central Texas,137,Austin,SCHZ,1379404,ACRES,3727,0.41,8,1935,100,1543,1543,9293.23,1.52,182.51,0.26,0.22,0.12,0.32,7.62,13.76,4880.75,0,662.31,927.78,1.58,7.53,0.35,NaN,0,0.19,NaN,NaN,NaN,NaN,0,0,NaN,0,0,NaN,NaN,NaN,NaN,NaN,0,NaN,0,NaN,NaN,NaN,NaN,0,0,0,0,0,0,0,537,8419.25,0
10/07/2025,04,5GNR,Central Texas,137,Austin,SCHZ,1379404,ARROWHEAD_TRAILS,2094,0,0,175,100,165,165,444.23,0.62,49.47,0,0.01,0.03,0.32,8.45,10.08,107.33,0,1.24,50.81,0.2,1.41,0.15,NaN,0,0,NaN,NaN,NaN,0,3,0,0,3,0,3034.78,2000,988.1,1681.48,2.34,0,0,0,NaN,47.62,NaN,0,0.03,0.02,0,0,0,0,0,1445,447.76,0
10/07/2025,04,5GNR,Central Texas,137,Austin,SCHZ,1379404,ARROWHEAD_TRAILS,3094,1.19,7,586,100,536,533,13328.01,1.59,199.66,0.26,0.54,1.43,0.28,7.45,13.8,13784.19,0.56,1092.56,1873.9,4.13,15.11,0.17,NaN,0,0,NaN,NaN,NaN,NaN,0,0,NaN,0,0,NaN,NaN,NaN,NaN,NaN,0,NaN,0,NaN,NaN,NaN,NaN,0,0,0,0,0,0,0,554,14044.6,0
10/07/2025,04,5GNR,Central Texas,137,Austin,SCHZ,1379404,BELTON_LAKE,2404,0.98,2,205,100,202,202,1093.6,2.3,21.15,0.23,0.21,0.14,2.04,7.75,14.21,885.82,0,77.89,128.68,0.6,8.4,0,NaN,0,0,NaN,NaN,NaN,NaN,0,0,NaN,0,0,NaN,NaN,NaN,NaN,NaN,0,NaN,0,NaN,NaN,NaN,NaN,0,0,0,0,0,0,0,394,1034.25,0
10/07/2025,04,5GNR,Central Texas,137,Austin,SCHZ,1379404,BELTON_LAKE,3404,0.81,11,1359,100,1097,1095,35515.21,4.69,130.72,1.26,1.01,0.27,0.47,7.41,13.89,30817.48,0.18,1615.73,2316.04,4.87,2.69,0,NaN,0,0.13,0,NaN,0,NaN,0,0,NaN,0,0,NaN,NaN,NaN,NaN,NaN,0,NaN,0,NaN,NaN,NaN,NaN,0,0,0,0,0,0,0,804,35129.48,0
10/07/2025,04,5GNR,Central Texas,137,Austin,SCHZ,1379404,BONNETT,2221,0,0,191,100,145,145,882.93,1.28,41.46,0,0.02,0.07,0.51,8.14,11.4,471.36,0,36.54,99.94,0.43,1.54,0,NaN,0,0.21,NaN,NaN,NaN,0,11,0,0,11,0,3026.88,2068.7,1023.08,1433.33,0,0,0,0,NaN,17697.13,NaN,73.86,19.04,0.2,0,0,0,0.06,1,1812,1021.63,0
10/07/2025,04,5GNR,Central Texas,137,Austin,SCHZ,1379404,BONNETT,3221,2.58,94,3650,100,2798,2798,32245.17,4.44,144.38,1.13,2.4,5.81,1.11,7.67,15.39,24951.42,0,2134.17,2799.43,6.96,7.86,0.25,NaN,0,0.09,NaN,NaN,NaN,0,1,0,0,1,0,8230.77,952.38,1038.46,1380,NaN,0,0,0,NaN,1215.69,NaN,0,0.01,0.01,0,0,0,0,0,2335,32163.77,0
10/07/2025,04,5GNR,Central Texas,137,Austin,SCHZ,1379404,BRUCEVILLE,2410,0.64,13,2027,100,1639,1638,4314.05,10.94,18.26,2.41,1.77,0.73,1.22,8.24,14.08,2825.08,0.06,434.92,793.5,3.57,4.45,0.13,NaN,0,0.04,0,NaN,0,0,1,0,0,1,0,3000,2000,1000,0,NaN,0,0,0,NaN,0,NaN,0,0,0,0,0,0,0,0,2381,4224.33,0
10/07/2025,04,5GNR,Central Texas,137,Austin,SCHZ,1379404,BRUSHY_CREEK,2212,0,0,60,34.29,57,57,248.27,1.02,56.55,0,0.02,0.08,1.12,8.18,10.46,143.36,0,0.52,18.98,0.24,1.82,0.31,NaN,0,0,NaN,NaN,NaN,0,38,0,0,38,0,3000,1973.33,986.67,702.7,NaN,0,0,0,NaN,0,NaN,0,0,0,0,0,0,0.15,1,689,248.07,0
10/07/2025,04,5GNR,Central Texas,137,Austin,SCHZ,1379404,BRUSHY_CREEK,3212,0.73,17,2320,100,2217,2217,11358.48,2.14,158.48,0.34,0.79,1.96,0.83,7.87,15.71,10901.86,0,1555.91,1913.84,4.62,6.66,0.71,NaN,0,0.31,NaN,NaN,NaN,0,2,0,0,2,0,6817.9,805.19,805.56,518.29,NaN,0,0,0,NaN,0,NaN,0,0.01,0.01,0,0,0,0,0,1296,11205.19,0
10/07/2025,04,5GNR,Central Texas,137,Austin,SCHZ,1379404,CHAPARRAL,2025,0,0,153,100,58,58,1157.54,1.17,195.23,0,0,0,0.21,7.93,9.68,2483.86,0,2.41,40.99,0.17,1.45,0,NaN,0,0.09,NaN,NaN,NaN,NaN,0,0,NaN,0,0,NaN,NaN,NaN,NaN,NaN,0,NaN,0,NaN,NaN,NaN,NaN,0,0,0,0,0,0.47,5,1063,2644.14,0
10/07/2025,04,5GNR,Central Texas,137,Austin,SCHZ,1379404,CHAPARRAL,3025,1.04,39,3752,100,2956,2955,24405.31,3.95,141.32,1.34,1.65,2.28,0.26,7.62,11.55,17284.53,0.03,1385.92,1823.3,5.87,2.26,0.43,NaN,0,0.16,NaN,NaN,NaN,0,2,0,0,2,0,8949.39,921.35,945.23,387.08,678.77,0,0,0,NaN,2.52,NaN,100.53,7.49,0.16,0,0,0,0.31,4,1294,22887.78,0
10/07/2025,04,5GNR,Central Texas,137,Austin,SCHZ,1379404,CHARLES_PLACE,2226,0.07,1,1421,100,354,354,5639.89,6.67,35.05,0.01,0.05,0.07,0.42,7.48,4.98,649.36,0,47.9,307.74,2.79,0.56,1.19,NaN,0,0.46,0,NaN,0,NaN,0,0,NaN,0,0,NaN,NaN,NaN,NaN,NaN,0,NaN,0,NaN,NaN,NaN,NaN,0,0,0,0,0,3.44,80,2325,10358.5,0
10/07/2025,04,5GNR,Central Texas,137,Austin,SCHZ,1379404,CHARLES_PLACE,3226,0.3,12,4021,100,2741,2740,31486.17,5.56,184.03,0.62,1.26,3.13,0.18,7.5,12.76,21863.47,0.04,695.45,1066.14,2.97,1.97,0.65,NaN,0,0.12,NaN,NaN,NaN,NaN,0,0,NaN,0,0,20200,875,875,4300,NaN,0,0,0,NaN,0,NaN,0,0,0,0,0,0,0,0,858,26412.88,0
10/07/2025,04,5GNR,Central Texas,137,Austin,SCHZ,1379404,COBBS_CAVERN_REPL,2062,0,0,184,100,168,168,454.57,0.54,61.9,0,0,0,0.73,8.2,10.48,104.55,0,1.1,13.81,0.09,0.54,0.92,NaN,0,0.2,NaN,NaN,NaN,NaN,0,0,NaN,0,0,NaN,NaN,NaN,NaN,NaN,0,NaN,0,NaN,NaN,NaN,NaN,0,0,0,0,0,0,0,483,165.43,0
10/07/2025,04,5GNR,Central Texas,137,Austin,SCHZ,1379404,COBBS_CAVERN_REPL,3062,2.82,64,2269,100,1489,1489,7867.53,1.63,106.26,0.38,1.03,2.47,0.41,7.72,14.57,7459.54,0,554.65,886.44,1.92,2.65,0.96,NaN,0,0,NaN,NaN,NaN,0,5,0,0,5,0,6815.24,669.4,686.59,1997.47,5.46,0,0,0,NaN,4459.15,NaN,0,0.1,0.1,0,0,0,0,0,664,8039.33,0
10/07/2025,04,5GNR,Central Texas,137,Austin,SCHZ,1379404,CONNELL,2414,0.89,6,671,100,555,554,3928.68,8.28,29.6,0.3,0.27,0.11,0.37,7.63,14.29,3743.59,0.18,127.84,216.44,1.1,6.58,0.46,NaN,0,0.09,NaN,NaN,NaN,NaN,0,0,NaN,0,0,NaN,NaN,NaN,NaN,NaN,0,NaN,0,NaN,NaN,NaN,NaN,0,0,0,0,0,0,0,1151,3959.44,0
10/07/2025,04,5GNR,Central Texas,137,Austin,SCHZ,1379404,CONNELL,3414,0.36,11,3042,100,2221,2221,29270.48,3.59,157.94,0.16,0.24,0.48,0.64,7.81,16.76,14144.56,0,4657.47,6034.02,7.12,18.26,0,NaN,0,0.04,0,NaN,0,0,3,0,0,3,0,7859.97,684.21,776.41,2009.09,165.3,0,0,0,NaN,200.85,NaN,1033.9,4.29,0.49,0,0,0,0.04,1,2703,28815.88,0
10/07/2025,04,5GNR,Central Texas,137,Austin,SCHZ,1379404,CORYELL_CREEK,2415,7.5,3,40,99.56,23,23,58.02,0.13,59.27,0.03,0.03,0.04,3,7.88,11.1,55.97,0,5.69,13.59,0.08,1.81,2,NaN,0,2.38,NaN,NaN,NaN,NaN,0,0,NaN,0,0,NaN,NaN,NaN,NaN,NaN,0,NaN,0,NaN,NaN,NaN,NaN,0,0,0,0,0,0,0,297,68.39,0
10/07/2025,04,5GNR,Central Texas,137,Austin,SCHZ,1379404,CORYELL_CREEK,3415,7.43,11,148,100,119,119,1074.42,0.2,69.83,0.05,0.06,0.15,0.52,7.84,14.88,971.05,0,24.28,40.27,0.07,0.67,0,NaN,0,0,NaN,NaN,NaN,0,2,0,0,2,0,5718.75,593.75,593.75,222.22,NaN,0,0,0,NaN,0,NaN,0,0,0,0,0,0,0,0,244,1028.57,0
10/07/2025,04,5GNR,Central Texas,137,Austin,SCHZ,1379404,CROSSCREEK_TRAIL,2019,0,0,93,100,71,71,736.43,1.03,49.1,0,0,0.01,0.55,9.12,10.63,239.37,0,9.56,74.59,0.3,2.16,0,NaN,0,0.14,NaN,NaN,NaN,0,1,0,0,1,0,3125,2000,1000,0,NaN,0,0,0,NaN,0,NaN,0,0,0,0,0,0,0,0,2150,761.71,0
10/07/2025,04,5GNR,Central Texas,137,Austin,SCHZ,1379404,CROSSCREEK_TRAIL,3019,0.41,7,1695,100,1269,1269,15240.38,2.36,188.14,0.4,0.89,1.94,0.38,7.57,13.19,13857.41,0,1360.41,1810.28,4.5,3.42,0.22,NaN,0,0,NaN,NaN,NaN,0,1,0,0,1,0,7187.5,625,625,200,NaN,0,0,0,NaN,0,NaN,0,0,0,0,0,0,0,0,809,14962.1,0
10/07/2025,04,5GNR,Central Texas,137,Austin,SCHZ,1379404,EBERHARDT,2417,1.69,6,354,100,204,204,582.92,3.43,10.08,1.88,1.54,0.65,6.44,8.32,9.61,471.38,0,32.6,87.59,0.74,1.22,0.4,NaN,0,0.46,NaN,NaN,NaN,NaN,0,0,NaN,0,0,NaN,2000,1000,0,NaN,0,0,0,NaN,NaN,NaN,NaN,0,0,0,0,0,0.35,2,577,685.43,0
10/07/2025,04,5GNR,Central Texas,137,Austin,SCHZ,1379404,EBERHARDT,3417,1.6,67,4187,100,2723,2721,36874.78,6.49,147.82,1.13,1.16,1.25,0.84,7.74,13.35,32578.79,0.07,920.38,1512.04,3.31,1.64,0.98,NaN,0,0.21,0,NaN,0,NaN,0,0,NaN,0,0,5000,1500,1500,0,NaN,0,0,0,NaN,NaN,NaN,NaN,0,0,0,0,0,0.61,9,1470,36310.73,0
10/07/2025,04,5GNR,Central Texas,137,Austin,SCHZ,1379404,ESCALERA_RANCH,2732,3.76,5,133,100,118,118,391.93,0.76,40.55,0,0.03,0.1,0.35,7.72,9.85,399.32,0,9.43,35.02,0.2,0.87,0.71,NaN,0,0.78,0,NaN,0,0,5,0,0,5,0,3463.54,2706.29,1388.02,2135.87,1.37,0,0,0,NaN,0,NaN,0,0.03,0.02,0,0,0,1.15,9,783,499.28,0
10/07/2025,04,5GNR,Central Texas,137,Austin,SCHZ,1379404,ESCALERA_RANCH,3732,1.53,26,1695,100,1260,1259,12782.86,2.17,147.17,0.43,0.98,2.42,0.84,7.39,10.67,12568.18,0.08,502.56,679.84,2.36,2.5,1.03,NaN,0,0.16,NaN,NaN,NaN,NaN,0,0,NaN,0,0,NaN,NaN,NaN,NaN,NaN,0,NaN,0,NaN,NaN,NaN,NaN,0,0,0,0,0,0,0,638,12915.44,0
10/07/2025,04,5GNR,Central Texas,137,Austin,SCHZ,1379404,FLORENCE,2845,0.85,1,118,100,94,94,719.37,1.1,53.95,0,0,0.01,0.16,7.86,11.13,83.14,0,3.75,32.68,0.11,2.01,0.65,NaN,0,0,NaN,NaN,NaN,NaN,0,0,NaN,0,0,NaN,2000,1000,0,NaN,0,0,0,NaN,NaN,NaN,NaN,0,0,0,0,0,0,0,348,3871.69,0
10/07/2025,04,5GNR,Central Texas,137,Austin,SCHZ,1379404,FLORENCE,3845,7.13,174,2442,100,2013,2013,16427.14,2.59,127.89,0.32,0.6,1.45,0.32,7.91,14.29,12562.45,0,578.06,721.82,2.35,2.33,0.44,NaN,0,0,NaN,NaN,NaN,0,4,0,0,4,0,6729.73,670.89,677.61,1908.31,NaN,0,0,0,NaN,0,NaN,11.53,0.04,0.04,0,0,0,0,0,637,13024.77,0
10/07/2025,04,5GNR,Central Texas,137,Austin,SCHZ,1379404,FORT_GATES,2420,15.14,38,251,100,163,163,343.88,1.07,27.18,0.24,0.2,0.1,0.59,7.78,12.12,174.77,0,30.26,93.48,0.43,3.3,0.2,NaN,0,0,NaN,NaN,NaN,0,1,0,0,1,0,5500,2250,1125,1600,NaN,0,0,0,NaN,0,NaN,0,0,0,0,0,0,0.1,1,1034,329.6,0
10/07/2025,04,5GNR,Central Texas,137,Austin,SCHZ,1379404,FORT_GATES,3420,0.3,3,997,100,834,834,10479.15,1.3,146.45,0.42,0.4,0.34,1.88,7.74,15.74,9976.62,0,792.43,1175.62,1.19,7.53,0,NaN,0,0,NaN,NaN,NaN,0,10,0,0,10,0,6727.4,1754.39,1739.73,2275.86,49.15,0,0,0,NaN,0,NaN,0,0.24,0.04,0,0,0,0,0,650,10388.51,0
10/07/2025,04,5GNR,Central Texas,137,Austin,SCHZ,1379404,FORT_GATES_DT,2553,0,0,6,100,2,2,22.04,0.63,0,0.02,0.06,0.61,87.41,3.73,11.72,0.56,0,0.04,4.61,0.06,2.2,0,NaN,0,0,NaN,NaN,NaN,NaN,0,0,NaN,0,0,NaN,NaN,NaN,NaN,NaN,0,NaN,0,NaN,NaN,NaN,NaN,0,0,0,0,0,0,0,185,7.27,0
10/07/2025,04,5GNR,Central Texas,137,Austin,SCHZ,1379404,FORT_GATES_DT,3553,0,0,153,100,99,99,7768.1,0.95,146.61,0.22,0.24,0.28,1.82,7.9,15.62,4214.78,0,187.07,1058.67,1.55,8.02,0.04,NaN,0,0,0,NaN,0,0,21,0,0,21,0,6227.84,1290.92,1309.41,2017.55,1.68,0.02,0,0.01,NaN,0,NaN,3.49,23.67,141.17,0,0,0,0,0,2539,7544.5,0
10/07/2025,04,5GNR,Central Texas,137,Austin,SCHZ,1379404,GATESVILLE,2422,6.87,40,582,100,308,308,7654.19,18.87,32.68,1.31,1.22,0.97,3.42,7.88,12.06,1065.55,0,83.81,420.41,1.91,5.48,0.21,NaN,0,0.23,0,NaN,0,0,9,0,0,9,0,3218.18,1367.57,745.65,7159,16.38,0,0,0,NaN,331.91,NaN,12.2,0.06,0.04,0,0,0,0,0,2907,7902.53,0
10/07/2025,04,5GNR,Central Texas,137,Austin,SCHZ,1379404,GATESVILLE,3422,2.38,55,2314,100,1550,1550,29650.66,4.38,118.51,0.16,0.24,0.5,0.7,7.38,12.98,27039.29,0,807.9,1202.21,2.72,1.72,0.41,NaN,0,0.06,NaN,NaN,NaN,0,5,0,0,5,0,8249.97,658.94,751.88,2083.33,107.29,0,0,0.01,NaN,18.79,NaN,7.98,79.37,2.28,0,0,0,0,0,1642,29368.31,0
10/07/2025,04,5GNR,Central Texas,137,Austin,SCHZ,1379404,GATESVILLE_EAST,2372,7.09,27,381,100,194,194,781.75,2.54,30.92,1.39,1.19,0.7,6.32,8.03,10.91,784.14,0,36.85,98.56,0.53,1.73,0,NaN,0,0.16,0,NaN,0,0,1,0,0,1,0,3000,1600,833.33,1562.5,NaN,0,0,0,NaN,2666.67,NaN,0,0,0,0,0,0,0,0,1251,1063.77,0
10/07/2025,04,5GNR,Central Texas,137,Austin,SCHZ,1379404,GATESVILLE_EAST,3372,0.52,3,576,100,473,473,11836.02,2.21,184.79,0.3,0.25,0.09,0.3,7.47,13.58,9597.07,0,172.51,892.83,1.45,3.18,0,NaN,0,0.42,NaN,NaN,NaN,0,5,0,0,5,0,8037.15,695.18,889.83,1323.71,200.38,0,0,0,NaN,214.06,NaN,47.04,6.03,0.28,0,0,0,0,0,729,11362.43,0
10/07/2025,04,5GNR,Central Texas,137,Austin,SCHZ,1379404,GEORGETOWN,2028,0,0,281,100,262,262,429.62,0.69,42.79,0,0.01,0.02,0.38,8.49,9.9,20.81,0,0.64,65.5,0.32,1.4,0.1,NaN,0,0.42,NaN,NaN,NaN,NaN,0,0,NaN,0,0,NaN,NaN,NaN,NaN,NaN,0,NaN,0,NaN,NaN,NaN,NaN,0,0,0,0,0,0.04,1,2262,391.43,0
10/07/2025,04,5GNR,Central Texas,137,Austin,SCHZ,1379404,GEORGETOWN,3028,1.79,91,5071,100,3629,3629,69460.78,10.62,120.29,1.57,2.75,5.57,0.93,7.56,12.79,55306.6,0,3132.57,4709.22,11.4,3.59,0.26,NaN,0,0.1,0,NaN,0,0,17,0,0,17,0,7095.72,653.95,662.16,12531.03,23.83,0,0,0,NaN,0,NaN,1966.02,0.18,0.09,0,0,0,0.06,2,3255,69018.61,0
10/07/2025,04,5GNR,Central Texas,137,Austin,SCHZ,1379404,GEORGETOWN_DT,2864,0,0,42,100,45,45,3124.08,2.85,67.83,0,0,0.01,0.25,7.6,10.76,3039.79,0,36.82,63.03,0.2,1.59,0,NaN,0,0,NaN,NaN,NaN,NaN,0,0,NaN,0,0,NaN,NaN,NaN,NaN,NaN,0,NaN,0,NaN,NaN,NaN,NaN,0,0,0,0,0,0,0,582,3117.29,0
10/07/2025,04,5GNR,Central Texas,137,Austin,SCHZ,1379404,GEORGETOWN_DT,3864,1.66,31,1873,100,1103,1103,17638.7,3.45,128.27,0.48,1.01,2.62,0.41,7.52,14.28,14188.78,0,686.72,972.12,1.89,3.24,1.63,NaN,0,0.07,0,NaN,0,0,9,0,0,9,0,7790.21,685.16,698.27,1206.62,33.79,0,0,0,NaN,0,NaN,33.62,3.24,0.14,0,0,0,0,0,1386,17748.38,0
10/07/2025,04,5GNR,Central Texas,137,Austin,SCHZ,1379404,GEORGETOWN_HINTZ_STX,2382,0,0,186,100,152,152,2042.82,2.73,48.64,0.02,0.02,0.01,0.72,7.58,11.44,1647.27,0,22.37,77.68,0.26,2.42,0,NaN,0,0.09,NaN,NaN,NaN,0,6,0,0,6,0,4206.16,2333.33,1235.85,2233.58,16.16,0,0,0,NaN,0,NaN,138.69,0.12,0.03,0,0,0,0.18,2,1141,5589.71,0
10/07/2025,04,5GNR,Central Texas,137,Austin,SCHZ,1379404,GEORGETOWN_HINTZ_STX,3382,0.58,22,3815,100,3160,3158,41358.34,11.29,58.12,1.55,2.47,4.81,1.02,7.74,13.09,29307.45,0.06,1734.34,2905.78,6.94,4.75,0.47,NaN,0,0.08,0,NaN,0,0,2,0,0,2,0,11114.29,814.81,771.43,1838.71,NaN,0,0,0,NaN,0,NaN,0,0.01,0,0,0,0,0,0,2478,38120.73,0
10/07/2025,04,5GNR,Central Texas,137,Austin,SCHZ,1379404,GEORGETOWN_MUNI,2255,1.59,1,63,100,43,43,135.92,0.25,67.3,0,0,0.05,2.26,9.37,9.93,49.85,0,0.48,12.11,0.07,1.09,3.42,NaN,0,0.17,NaN,NaN,NaN,0,4,0,0,4,0,3035.71,2600,1187.5,3000,NaN,0,0,0,NaN,0,NaN,0,0,0,0,0,0,0,0,551,84.49,0
10/07/2025,04,5GNR,Central Texas,137,Austin,SCHZ,1379404,GEORGETOWN_MUNI,3255,2.38,136,5706,100,4239,4239,48627.79,7.4,144.45,0.91,2.01,4.84,1.13,7.93,13.94,39906.9,0,1917.51,2907.65,6.19,2.49,0.61,NaN,0,0.49,0,NaN,0,0,16,0,0,16,0,7940.64,684.75,684.1,3163.03,7.02,0,0,0,NaN,0,NaN,13.68,0.08,0.07,0,0,0,0,0,2347,48351.09,0
10/07/2025,04,5GNR,Central Texas,137,Austin,SCHZ,1379404,GEORGETOWN_VILLAGE,2112,0,0,438,100,330,330,2097.12,1.91,72.17,0,0,0.04,0.47,7.51,10.04,2066.33,0,3.34,15.68,0.07,1.18,0.5,NaN,0,1.08,NaN,NaN,NaN,NaN,0,0,NaN,0,0,NaN,NaN,NaN,NaN,NaN,0,NaN,0,NaN,NaN,NaN,NaN,0,0,0,0,0,0,0,401,2071.89,0
10/07/2025,04,5GNR,Central Texas,137,Austin,SCHZ,1379404,GEORGETOWN_VILLAGE,3112,0.16,2,1242,100,1195,1195,4221.49,0.56,198.11,0.32,1.14,3.66,0.18,7.65,14.74,3704.8,0,326.55,514.72,0.82,9.23,0,NaN,0,0,NaN,NaN,NaN,NaN,0,0,NaN,0,0,NaN,NaN,NaN,NaN,NaN,0,NaN,0,NaN,NaN,NaN,NaN,0,0,0,0,0,0,0,183,4195.94,0
10/07/2025,04,5GNR,Central Texas,137,Austin,SCHZ,1379404,GRANGER,2031,0,0,608,100,448,448,5389.64,5.38,49.29,0.01,0.01,0.02,0.24,8.02,10.6,1111.93,0,84.3,201.75,0.85,1.87,0.33,NaN,0,0,NaN,NaN,NaN,0,9,0,0,9,0,3045.45,2611.11,1230.77,1112.9,0,0,0,0,NaN,0,NaN,0,0.01,0.01,0,0,0,0.23,5,2210,7023.86,0
10/07/2025,04,5GNR,Central Texas,137,Austin,SCHZ,1379404,GRANGER,3031,1.66,29,1743,100,1354,1352,15440.25,2.69,159.89,0.43,1.15,3.01,0.33,7.75,15.6,11267.23,0.15,553.42,859.9,1.41,7.17,0,NaN,0,0,NaN,NaN,NaN,0,2,0,0,2,0,6792.31,545.45,584.62,3067.8,0,0,0,0,NaN,0,NaN,0,0.01,0.01,0,0,0,0,0,469,13705.78,0
10/07/2025,04,5GNR,Central Texas,137,Austin,SCHZ,1379404,GREAT_OAKS,2321,0.49,1,205,100,168,168,7708.88,6.18,53.74,0,0.01,0.03,0.52,7.54,10.51,602.28,0,17.68,108.83,0.44,1.06,0,NaN,0,0.07,NaN,NaN,NaN,0,7,0,0,7,0,3476.46,2448.28,1570.08,2366.87,63.95,0,0,0,NaN,8157.85,NaN,141.09,5.64,0.48,0,0,0,0,0,1402,8454.12,0
10/07/2025,04,5GNR,Central Texas,137,Austin,SCHZ,1379404,GREAT_OAKS,3321,0.88,12,1370,100,1213,1213,29998.15,4.21,196.34,0.81,2.01,4.56,0.48,7.55,14.66,24817.96,0,3338.66,4961.49,8.94,8.63,0,NaN,0,0.2,NaN,NaN,NaN,0,4,0,0,4,0,7514.44,721.59,835.13,1686.05,16.38,0,0,0,NaN,434.94,NaN,16.06,0.08,0.04,0,0,0,0,0,2044,28879.63,0
10/07/2025,04,5GNR,Central Texas,137,Austin,SCHZ,1379404,GREENHILL,2808,0,0,538,100,382,382,4434.36,4.15,70.29,0.01,0.01,0.02,0.73,7.99,13.29,3455.11,0,29.21,133.1,0.48,1.8,0,NaN,0,0.12,0,NaN,0,NaN,0,0,NaN,0,0,NaN,NaN,NaN,NaN,NaN,0,NaN,0,NaN,NaN,NaN,NaN,0,0,0,0,0,0.04,1,2440,4852.29,0
10/07/2025,04,5GNR,Central Texas,137,Austin,SCHZ,1379404,GREENHILL,3808,1.1,18,1641,66.67,1055,1055,19485.12,5.04,133.39,1.1,1.9,4.25,0.6,7.62,15.35,16255.6,0,1465.9,2751.55,7.05,10.38,0.45,NaN,0,0.08,NaN,NaN,NaN,0,1,0,0,1,0,8568.18,8566.67,11409.09,1222.22,NaN,0,0,0,NaN,0,NaN,0,0,0,0,0,0,0.08,1,1255,18739.03,0
10/07/2025,04,5GNR,Central Texas,137,Austin,SCHZ,1379404,GREENS_CROSSING,2063,5.71,2,35,100,27,27,129.31,0.23,18.21,0,0,0.02,0.36,8.69,9.25,6.63,0,0.1,13.11,0.08,0.96,0.2,NaN,0,0,0,NaN,0,NaN,0,0,NaN,0,0,NaN,NaN,NaN,NaN,NaN,0,NaN,0,NaN,NaN,NaN,NaN,0,0,0,0,0,0.52,3,581,101.61,0
10/07/2025,04,5GNR,Central Texas,137,Austin,SCHZ,1379404,GREENS_CROSSING,3063,2.13,38,1785,100,1569,1569,28007.37,5.29,81.22,0.81,1.4,3.07,0.35,7.6,13.03,18480.52,0,1559.65,2276.69,7.09,5.28,0.25,NaN,0,0,NaN,NaN,NaN,NaN,0,0,NaN,0,0,NaN,NaN,NaN,NaN,NaN,0,NaN,0,NaN,NaN,NaN,NaN,0,0,0,0,0,0,0,1572,28427.5,0
10/07/2025,04,5GNR,Central Texas,137,Austin,SCHZ,1379404,HOCKEY_ARENA,2059,6.9,8,116,100,105,105,169.44,0.4,25.77,0,0,0.01,0.59,7.99,9.22,105.64,0,0.78,17.96,0.09,1.04,0.34,NaN,0,0.52,NaN,NaN,NaN,0,2,0,0,2,0,3074.39,1986.11,987.97,5121.67,9.39,0,0,0,NaN,193.77,NaN,260.54,0.15,0.1,0,0,0,0.28,2,726,150.35,0
10/07/2025,04,5GNR,Central Texas,137,Austin,SCHZ,1379404,HOCKEY_ARENA,3059,1.38,15,1086,100,893,893,7388.31,2.36,94.63,0.03,0.14,0.47,0.68,7.46,13.04,6880.24,0,449.6,614.33,1.16,1.59,1.32,NaN,0,0,NaN,NaN,NaN,0,1,0,0,1,0,7205.85,798.49,1111.98,1772.73,177.28,0,0,0,NaN,4.91,NaN,9.84,11.18,0.23,0,0,0,0,0,392,7306.66,0
10/07/2025,04,5GNR,Central Texas,137,Austin,SCHZ,1379404,HOLLAND,2429,24.24,278,1147,100,1093,1093,2553.93,4.68,35.36,0.19,0.21,0.25,0.32,8.3,12.71,2175.58,0,70.1,218.78,1.25,3,1.75,NaN,0,0.15,NaN,NaN,NaN,NaN,0,0,NaN,0,0,NaN,NaN,NaN,NaN,NaN,0,NaN,0,NaN,NaN,NaN,NaN,0,0,0,0,0,0,0,2280,2505.99,0
10/07/2025,04,5GNR,Central Texas,137,Austin,SCHZ,1379404,I35N_TEMPLE,2628,5.39,28,519,100,288,286,2658.62,8.01,15.81,2.13,1.77,1.19,6.14,7.93,10.18,688.45,0.69,44.11,224.48,1.68,1.38,0.24,NaN,0,0.05,0,NaN,0,0,11,0,0,11,0,3218.51,1070.87,678.93,1465.84,32.36,0,0,0,NaN,3183.77,NaN,54.44,0.21,0.07,0,0,0,0,0,1768,3108.84,0
10/07/2025,04,5GNR,Central Texas,137,Austin,SCHZ,1379404,I35N_TEMPLE,3628,1.58,93,5895,100,3921,3919,55927.93,10.43,118.61,1.71,1.75,1.87,1.04,7.49,13.76,48144.72,0.05,4937.9,6812.29,10.86,5.04,1.93,NaN,0,0.07,0,NaN,0,NaN,0,0,NaN,0,0,7212.33,557.14,561.64,546.67,NaN,0,0,0,NaN,0,NaN,53.33,0.01,0.01,0,0,0,0.07,2,3005,55934.62,0
10/07/2025,04,5GNR,Central Texas,137,Austin,SCHZ,1379404,INDIGO_RIDGE,2619,0,0,165,100,150,150,352.43,0.46,28.27,0,0.01,0.01,0.35,7.66,9.19,66.26,0,2.71,227.8,0.61,1.6,0.05,NaN,0,2.87,0,NaN,0,0,5,0,0,5,0,3035.71,2121.21,1046.51,2058.82,0,0,0,0,NaN,0,NaN,0,0.01,0.01,0,0,0,0.05,1,1941,332.99,0
10/07/2025,04,5GNR,Central Texas,137,Austin,SCHZ,1379404,INDIGO_RIDGE,3547,5.26,56,1065,100,927,885,3694.43,0.78,108.28,0.14,0.28,0.7,1.19,7.56,12.29,3430.46,4.53,453.76,678.45,2.17,4.84,2.21,NaN,0,0.22,0,NaN,0,33.33,3,1,33.33,3,1,9181.82,833.33,822.73,4802.08,8.19,0,0,0,NaN,0,NaN,0,0.05,0.03,0,0,0,22.63,208,919,3623.5,0
10/07/2025,04,5GNR,Central Texas,137,Austin,SCHZ,1379404,INDIGO_RIDGE,3619,0.63,5,791,100,433,433,4905.46,1.41,131.33,0.03,0.15,0.49,0.38,7.51,11.3,4223.7,0,446.08,586.37,2.02,2.07,3.03,NaN,0,0,NaN,NaN,NaN,NaN,0,0,NaN,0,0,NaN,NaN,NaN,NaN,NaN,0,NaN,0,NaN,NaN,NaN,NaN,0,0,0,0,0,0,0,111,4859.88,0
10/07/2025,04,5GNR,Central Texas,137,Austin,SCHZ,1379404,IRA_YOUNG,2371,0,0,281,100,175,175,6306.09,18.35,9.49,0.48,0.44,0.26,8.22,7.38,12.38,25.73,0,1.62,100.7,0.45,3.1,0,NaN,0,0.42,NaN,NaN,NaN,NaN,0,0,NaN,0,0,NaN,NaN,NaN,NaN,NaN,0,NaN,0,NaN,NaN,NaN,NaN,0,0,0,0,0,0.19,2,1080,6237.61,0
10/07/2025,04,5GNR,Central Texas,137,Austin,SCHZ,1379404,IRA_YOUNG,3371,1.27,51,4021,100,2463,2463,35977.48,5.01,187.14,1.15,1.26,1.56,1.06,7.75,13,26993.52,0,2332.11,3379.84,8.57,5.5,0.21,NaN,0,0.12,0,NaN,0,0,2,0,0,2,0,7792.76,1214.29,2078.95,1360,94.21,0,0,0,NaN,0,NaN,0,0.13,0.03,0,0,0,0,0,1761,36325.63,0
10/07/2025,04,5GNR,Central Texas,137,Austin,SCHZ,1379404,IVY_LEAGUE,3239,0.62,21,3360,100,2254,2254,23437.61,5.27,111.82,0.01,0.12,0.41,14.23,7.6,14.25,20840.02,0,888.13,1476.83,3.06,1.76,0.18,NaN,0,0.2,NaN,NaN,NaN,0,4,0,0,4,0,7250,685.71,686.81,2165.05,147.46,0,0,0,NaN,0,NaN,0,0.19,0.07,0,0,0,0,0,2040,23123.77,0
10/07/2025,04,5GNR,Central Texas,137,Austin,SCHZ,1379404,JACKSON_PARK,2430,1.25,4,320,100,278,278,1301.98,2.8,43.28,0.18,0.16,0.1,0.4,8.36,11.95,916.18,0,49.03,132.57,0.64,2.4,0,NaN,0,0.06,0,NaN,0,NaN,0,0,NaN,0,0,NaN,NaN,NaN,NaN,NaN,0,NaN,0,NaN,NaN,NaN,NaN,0,0,0,0,0,0,0,1602,1401.52,0
10/07/2025,04,5GNR,Central Texas,137,Austin,SCHZ,1379404,JACKSON_PARK,3430,2.08,69,3317,100,2722,2722,47012.85,5.57,160.19,0.81,0.67,0.31,0.43,7.59,17.43,35573.66,0,5674.8,6468.23,6.05,13.7,0.35,NaN,0,0.06,NaN,NaN,NaN,0,4,0,0,4,0,6935.37,659.4,682.23,1655.43,163.84,0,0,0,NaN,0,NaN,29.3,0.31,0.12,0,0,0,0,0,1648,46572.53,0
10/07/2025,04,5GNR,Central Texas,137,Austin,SCHZ,1379404,JARRELL,2222,3.2,12,375,100,343,343,776.57,1.35,27.66,0.01,0.02,0.06,0.66,8.61,9.37,108.21,0,2.33,84.1,0.5,1.25,0.25,NaN,0,0.17,0,NaN,0,0,1,0,0,1,0,3000,2100,1050,200,NaN,0,0,0,NaN,0,NaN,0,0,0,0,0,0,0.09,2,2219,1062.42,0
10/07/2025,04,5GNR,Central Texas,137,Austin,SCHZ,1379404,JARRELL,3222,3.02,123,4073,100,2676,2675,79764.98,10.2,112.67,1.22,2.49,5.17,0.74,7.63,13.12,75871.56,0.04,1549.99,2904.22,8.06,2.04,1.61,NaN,0,0.31,0,NaN,0,0,3,0,0,3,0,8446.15,946.43,924.24,10169.81,NaN,0,0,0,NaN,0,NaN,0,0,0,0,0,0,0.06,1,1690,78754.5,0
10/07/2025,04,5GNR,Central Texas,137,Austin,SCHZ,1379404,JONAH,2029,1.1,3,273,100,226,226,389.95,0.52,37.46,0,0.01,0.02,0.29,7.56,15.26,249.88,0,328.09,415.93,0.83,19.66,1.23,NaN,0,0,NaN,NaN,NaN,NaN,0,0,NaN,0,0,NaN,NaN,NaN,NaN,NaN,0,NaN,0,NaN,NaN,NaN,NaN,0,0,0,0,0,0.6,3,502,303.12,0
10/07/2025,04,5GNR,Central Texas,137,Austin,SCHZ,1379404,JONAH,3029,3.85,158,4107,100,3482,3481,37968.32,5.77,178.08,1.5,2.13,3.66,0.7,7.63,12.99,33332.5,0.03,2901.92,3521.5,8.51,5.31,0.94,NaN,0,0.36,NaN,NaN,NaN,NaN,0,0,NaN,0,0,NaN,NaN,NaN,NaN,NaN,0,NaN,0,NaN,NaN,NaN,NaN,0,0,0,0,0,0.09,1,1149,38164.43,0
10/07/2025,04,5GNR,Central Texas,137,Austin,SCHZ,1379404,KTW_BELTON,2476,1.81,7,386,100,283,283,553.91,1.26,36.6,0.08,0.08,0.1,5.86,8.01,7.73,751.76,0,37.04,76.13,1.39,1.11,3.27,NaN,0,1.53,0,NaN,0,NaN,0,0,NaN,0,0,NaN,NaN,NaN,NaN,NaN,0,NaN,0,NaN,NaN,NaN,NaN,0,0,0,0,0,2.03,10,492,767.78,0
10/07/2025,04,5GNR,Central Texas,137,Austin,SCHZ,1379404,KTW_BELTON,3476,1,31,3087,100,2301,2301,18002.1,3.27,139,0.65,0.67,0.71,0.41,7.88,14.83,16514.76,0,850.32,1341.67,3.55,1.7,0.63,NaN,0,0.22,0,NaN,0,NaN,0,0,NaN,0,0,14000,60000,60000,0,NaN,0,0,0,NaN,NaN,NaN,NaN,0,0,0,0,0,0,0,929,17665.93,0
10/07/2025,04,5GNR,Central Texas,137,Austin,SCHZ,1379404,KTW_BELTON_DOWNTOWN,2477,0.82,4,488,100,323,323,1566.38,3.92,30.45,0.29,0.26,0.07,5.23,8.57,12.98,1740.63,0,57.83,113.61,0.58,5.43,1.75,NaN,0,0,NaN,NaN,NaN,NaN,0,0,NaN,0,0,NaN,NaN,NaN,NaN,NaN,0,NaN,0,NaN,NaN,NaN,NaN,0,0,0,0,0,0,0,131,1864.27,0
10/07/2025,04,5GNR,Central Texas,137,Austin,SCHZ,1379404,KTW_BELTON_DOWNTOWN,3477,0.4,15,3755,100,2871,2871,39460.65,6.1,135.25,1.17,1.05,0.73,0.84,7.8,13.59,34531.45,0,1501.31,2322.72,4.71,2.63,0,NaN,0,0.3,0,NaN,0,NaN,0,0,NaN,0,0,NaN,NaN,NaN,NaN,NaN,0,NaN,0,NaN,0,NaN,0,0,0,0,0,0,0,0,1383,39305.47,0
10/07/2025,04,5GNR,Central Texas,137,Austin,SCHZ,1379404,KTW_BELTON_NORTH,2478,0.57,8,1395,100,1094,1094,2663.79,6.68,28.65,1.38,1.07,0.52,2.57,7.89,18.24,2661.62,0,943.81,1985.37,4.67,17.65,0.13,NaN,0,0.18,NaN,NaN,NaN,0,119,0,0,119,0,3058.44,2014.56,1009.08,17890.16,0.51,0,0,0,NaN,0,NaN,0,0.09,0.09,0,0,0,0,0,1617,3105.81,0
10/07/2025,04,5GNR,Central Texas,137,Austin,SCHZ,1379404,KTW_BELTON_NORTH,3478,0.45,13,2902,100,2167,2167,16862.44,2.31,199.64,0.92,0.66,0.16,0.21,7.83,14.29,14939.04,0,2893.94,3364.98,6.44,7.87,0.17,NaN,0,0.17,0,NaN,0,0,63,0,0,63,0,7392.95,974.75,1308.78,7458.92,393.06,0,0,0,NaN,2898.85,NaN,22.64,7.94,0.23,0,0,0,0,0,1777,16107.7,0
10/07/2025,04,5GNR,Central Texas,137,Austin,SCHZ,1379404,KTW_EVANT,2489,81.58,279,342,100,321,321,265.81,0.48,41.32,0.03,0.14,0.49,3.97,8.55,10.72,232.48,0,22.27,44.25,0.32,0.8,0.54,NaN,0,0,NaN,NaN,NaN,NaN,0,0,NaN,0,0,NaN,NaN,NaN,NaN,NaN,0,NaN,0,NaN,NaN,NaN,NaN,0,0,0,0,0,0,0,375,349.79,0
10/07/2025,04,5GNR,Central Texas,137,Austin,SCHZ,1379404,KTW_EVANT,3489,38.06,239,628,100,474,474,6340.62,0.65,248.37,0.08,0.15,0.84,0.38,7.63,12.61,5705.26,0,43.93,74.23,0.12,1.33,0,NaN,0,0,NaN,NaN,NaN,NaN,0,0,NaN,0,0,NaN,NaN,NaN,NaN,NaN,0,NaN,0,NaN,NaN,NaN,NaN,0,0,0,0,0,0,0,75,6159.46,0
10/07/2025,04,5GNR,Central Texas,137,Austin,SCHZ,1379404,KTW_GATESVILLE,2490,0,0,69,100,42,42,14.31,0.11,7.98,0.09,0.09,0.06,34.94,8.22,11.06,17.58,0,0.78,5.04,0.04,1.44,0.83,NaN,0,0,NaN,NaN,NaN,0,1,0,0,1,0,3000,1000,500,0,NaN,0,0,0,NaN,0,NaN,0,0,0,0,0,0,0,0,227,26.13,0
10/07/2025,04,5GNR,Central Texas,137,Austin,SCHZ,1379404,KTW_GATESVILLE,3490,2.09,21,1003,100,808,808,4342.65,1.06,122.29,0.17,0.2,0.28,0.52,7.39,12.09,4203.12,0,374.85,474.5,0.84,2.68,1.59,NaN,0,1.67,NaN,NaN,NaN,NaN,0,0,NaN,0,0,NaN,NaN,NaN,NaN,NaN,0,NaN,0,NaN,NaN,NaN,NaN,0,0,0,0,0,0,0,62,4304.46,0
10/07/2025,04,5GNR,Central Texas,137,Austin,SCHZ,1379404,KTW_MOFFATT_NORTH,2878,11.21,62,553,100,487,487,2722.33,6.39,51.45,0.23,0.21,0.16,0.99,7.4,11.83,6373.99,0,315.1,553.22,2.17,7.88,1.51,NaN,0,0.13,NaN,NaN,NaN,NaN,0,0,NaN,0,0,NaN,NaN,NaN,NaN,NaN,0,NaN,0,NaN,NaN,NaN,NaN,0,0,0,0,0,0,0,686,6655.78,0
10/07/2025,04,5GNR,Central Texas,137,Austin,SCHZ,1379404,KTW_MOFFATT_NORTH,3878,12.2,65,533,100,409,409,52353.4,6.24,200.05,0.67,0.63,0.33,0.34,7.36,12.59,47589.21,0,1133.52,1429.19,2.03,5.54,1.69,NaN,0,0,NaN,NaN,NaN,NaN,0,0,NaN,0,0,NaN,NaN,NaN,NaN,NaN,0,NaN,0,NaN,NaN,NaN,NaN,0,0,0,0,0,0,0,41,47597.61,0
10/07/2025,04,5GNR,Central Texas,137,Austin,SCHZ,1379404,KTW_MORGANS_PT,3526,0.63,10,1588,100,1293,1292,24910.78,2.91,223.08,0.45,0.47,0.54,0.56,7.63,14.55,23847.75,0.08,659.02,882.8,1.63,4.06,0,NaN,0,0.63,NaN,NaN,NaN,0,4,0,0,4,0,7689.66,729.17,689.66,2233.33,NaN,0,0,0,NaN,0,NaN,0,0.01,0.01,0,0,0,0,0,1122,24675.97,0
10/07/2025,04,5GNR,Central Texas,137,Austin,SCHZ,1379404,KTW_PRAIRIE_DELL,2530,6.94,70,1009,100,662,662,2810.92,10.1,31.18,1.93,1.69,1.18,1.91,7.9,10.82,5176.35,0,33.03,112.77,1.72,0.78,5.34,NaN,0,1.73,0,NaN,0,NaN,0,0,NaN,0,0,3000,3000,1500,0,NaN,0,0,0,NaN,NaN,NaN,NaN,0,0,0,0,0,0.22,6,2667,5249.8,0
10/07/2025,04,5GNR,Central Texas,137,Austin,SCHZ,1379404,KTW_PRAIRIE_DELL,3530,2.43,99,4067,100,2604,2603,37333.28,6.94,152.49,1.05,1.68,3.29,1.03,7.83,12.65,32575.82,0.04,2466.36,3201.23,11.53,2.4,1.07,NaN,0,0.97,0,NaN,0,0,4,0,0,4,0,8039.93,738.74,717.01,1326.85,NaN,0,0,0,NaN,0,NaN,26.32,0.09,0.04,0,0,0,0,0,2383,35446.07,0
10/07/2025,04,5GNR,Central Texas,137,Austin,SCHZ,1379404,KTW_SALADO,2536,1.09,6,551,100,491,491,1299.41,2.67,38.89,0.29,0.25,0.15,3.63,8.89,11.62,1238.5,0,50.51,117.68,0.85,2.7,2.24,NaN,0,0.04,NaN,NaN,NaN,NaN,0,0,NaN,0,0,NaN,NaN,NaN,NaN,NaN,0,NaN,0,NaN,NaN,NaN,NaN,0,0,0,0,0,0.19,4,2072,1383.49,0
10/07/2025,04,5GNR,Central Texas,137,Austin,SCHZ,1379404,KTW_SALADO,3536,2.42,75,3105,100,2027,2027,102803.69,10.97,374.59,0.94,1.08,1.5,1.14,7.81,13.11,97040.25,0,1307.51,3188.89,7.1,4.14,1.2,NaN,0,0.19,0,NaN,0,0,8,0,0,8,0,6843.59,652.87,641.03,1514.45,0,0,0,0,NaN,0,NaN,0,0.02,0.02,0,0,0,0.09,2,2204,102532.38,0
10/07/2025,04,5GNR,Central Texas,137,Austin,SCHZ,1379404,KTW_TEMPLE_SOUTH,2539,0.92,5,546,100,431,431,3638.43,8.57,24.88,1.92,1.34,0.48,4.29,7.78,11.77,3025.99,0,1006.22,1818.82,7.92,6.64,0.85,NaN,0,0,0,NaN,0,NaN,0,0,NaN,0,0,NaN,NaN,NaN,NaN,NaN,0,NaN,0,NaN,NaN,NaN,NaN,0,0,0,0,0,0,0,1601,4012.87,0
10/07/2025,04,5GNR,Central Texas,137,Austin,SCHZ,1379404,KTW_TEMPLE_SOUTH,3539,0.99,70,7040,100,5488,5488,87751.49,12.43,155.16,0.16,0.37,1.01,0.78,7.67,13.89,77330.75,0,3561.76,6061.16,11.25,3.66,0.53,NaN,0,0.18,0,NaN,0,0,5,0,0,5,0,7480.88,752.44,874.76,3925.66,20.48,0,0,0,NaN,17.21,NaN,320.57,0.27,0.15,0,0,0,0.09,4,4628,87181.49,0
10/07/2025,04,5GNR,Central Texas,137,Austin,SCHZ,1379404,KTW_TROY,2540,0,0,307,100,252,252,1029.86,3.01,23.28,0.72,0.53,0.18,4.2,7.95,12.2,722.82,0,41.36,106.22,0.76,1.05,0.07,NaN,0,0.76,NaN,NaN,NaN,NaN,0,0,NaN,0,0,NaN,NaN,NaN,NaN,NaN,0,NaN,0,NaN,NaN,NaN,NaN,0,0,0,0,0,0,0,1510,1007.99,0
10/07/2025,04,5GNR,Central Texas,137,Austin,SCHZ,1379404,KTW_TROY,3540,6.06,333,5499,100,3563,3563,50666.71,8.42,100.76,1.08,1.92,4.12,0.87,7.61,14.12,40616.37,0,2452.51,4545.05,10.02,2.05,1.6,NaN,0,0.16,NaN,NaN,NaN,0,11,0,0,11,0,7841.76,650.05,679.58,1419.48,67.36,0,0,0,NaN,0,NaN,4.46,0.8,0.48,0,0,0,0.15,4,2653,50322.27,0
10/07/2025,04,5GNR,Central Texas,137,Austin,SCHZ,1379404,LEANDER,2215,0.56,2,359,100,314,314,1034.76,1.46,35.37,0,0.01,0.02,0.5,8.23,9.87,498.69,0,1.48,94.78,0.42,2.07,0.08,NaN,0,0.13,0,NaN,0,0,3,0,0,3,0,3058.14,1986.3,995.35,1509.43,28.18,0,0,0,NaN,1432.56,NaN,122.64,0.21,0.02,0,0,0,0.14,4,2797,971,0
10/07/2025,04,5GNR,Central Texas,137,Austin,SCHZ,1379404,LEANDER,3215,0.42,14,3314,100,2993,2993,57734.41,9.76,212.43,0,0.04,0.12,0.44,7.7,12.13,48504.36,0,3883.58,5020.74,14.83,3.06,0,NaN,0,0.38,NaN,NaN,NaN,0,6,0,0,6,0,8324.4,674.42,673.53,2206.45,NaN,0,0,0,NaN,0,NaN,0,0.06,0.02,0,0,0,0.05,1,1894,57897.31,0
10/07/2025,04,5GNR,Central Texas,137,Austin,SCHZ,1379404,LEANDER_PERKY_STX,2825,0,0,132,100,77,77,332.26,0.47,85.91,0,0.01,0.05,0.33,8.93,10.75,186.51,0,2.29,24.32,0.11,1.77,0.94,NaN,0,0,NaN,NaN,NaN,NaN,0,0,NaN,0,0,NaN,NaN,NaN,NaN,NaN,0,NaN,0,NaN,NaN,NaN,NaN,0,0,0,0,0,0.39,3,776,346.1,0
10/07/2025,04,5GNR,Central Texas,137,Austin,SCHZ,1379404,LEANDER_PERKY_STX,2903,0,0,6,100,8,8,2200.26,7.41,58.25,0,0,0.08,0.23,7.27,8.21,2184.92,0,0.01,2.07,0.04,0.4,0,NaN,0,0,NaN,NaN,NaN,NaN,0,0,NaN,0,0,NaN,NaN,NaN,NaN,NaN,0,NaN,0,NaN,NaN,NaN,NaN,0,0,0,0,0,0,0,120,2186.47,0
10/07/2025,04,5GNR,Central Texas,137,Austin,SCHZ,1379404,LEANDER_PERKY_STX,3825,2.77,64,2309,100,2056,2056,18263.08,3.2,172.86,0.65,1.08,2.4,0.27,7.9,14.15,14073.79,0,1088.76,1425.91,3.12,4.05,0.7,NaN,0,0.08,NaN,NaN,NaN,NaN,0,0,NaN,0,0,7000,2500,2500,0,NaN,0,0,0,NaN,NaN,NaN,NaN,0,0,0,0,0,0,0,1256,18290.95,0
10/07/2025,04,5GNR,Central Texas,137,Austin,SCHZ,1379404,LEANDER_PERKY_STX,3903,0.13,1,748,100,658,658,3391.97,1.77,87.13,0.36,0.4,0.49,0.15,7.5,13.57,2284.28,0,646,1414.79,6.28,8.9,0,NaN,0,0,NaN,NaN,NaN,0,1,0,0,1,0,6250,750,750,0,NaN,0,0,0,NaN,0,NaN,0,0,0,0,0,0,0,0,268,3325.16,0
10/07/2025,04,5GNR,Central Texas,137,Austin,SCHZ,1379404,LIBERTY_HILL_CTX,2104,0.11,2,1804,100,1765,1765,1683.62,2.82,30.49,0,0.01,0.02,0.31,7.83,10.51,1239.13,0,74.94,178.56,0.68,2.26,0.17,NaN,0,0.05,NaN,NaN,NaN,0,1,0,0,1,0,3023.81,1935.48,965.12,1795.45,2.73,0,0,0,NaN,0,NaN,0,0.01,0.01,0,0,0,0.05,1,1845,1664.53,0
10/07/2025,04,5GNR,Central Texas,137,Austin,SCHZ,1379404,LIBERTY_HILL_CTX,3104,1.13,21,1861,100,1628,1628,28377.89,4.44,133.04,0.97,1.63,3.11,1.27,7.48,13.4,26155.77,0,2215.68,2989.59,6.31,6.67,0.17,NaN,0,0.09,0,NaN,0,0,3,0,0,3,0,8665.64,921.74,2169.4,5683.1,NaN,0,0,0,NaN,3128.21,NaN,29.63,0.04,0.02,0,0,0,0,0,1106,28287.31,0
10/07/2025,04,5GNR,Central Texas,137,Austin,SCHZ,1379404,LOOP_363,2435,1.64,18,1097,100,701,699,723.66,2.58,32.31,0.75,0.58,0.21,30.03,8.09,10.9,817.01,0.29,152.07,283.69,1.59,6.5,2.19,NaN,0,0.03,NaN,NaN,NaN,NaN,0,0,NaN,0,0,3000,2000,1000,0,NaN,0,0,0,NaN,NaN,NaN,NaN,0,0,0,0,0,0.04,1,2380,852.36,0
10/07/2025,04,5GNR,Central Texas,137,Austin,SCHZ,1379404,LOOP_363,3435,4.19,203,4841,100,3853,3852,42560.22,6.02,118.56,0.2,0.34,0.74,0.7,7.68,13.38,37275.12,0.03,2451.62,3758.49,8.61,4.26,0.88,NaN,0,0.21,0,NaN,0,0,1,0,0,1,0,7146.26,827.27,782.31,1891.3,27.31,0,0,0,NaN,0,NaN,0,0.13,0.03,0,0,0,0.04,1,2551,41778.34,0
10/07/2025,04,5GNR,Central Texas,137,Austin,SCHZ,1379404,LOTT,2436,1.99,6,302,100,284,284,12907.41,13.42,35.62,0.22,0.21,0.19,0.23,7.75,16.36,1713.86,0,73.74,323.09,1.14,4.55,0.09,NaN,0,0.04,NaN,NaN,NaN,NaN,0,0,NaN,0,0,NaN,NaN,NaN,NaN,NaN,0,NaN,0,NaN,NaN,NaN,NaN,0,0,0,0,0,0,0,2285,12796.91,0
10/07/2025,04,5GNR,Central Texas,137,Austin,SCHZ,1379404,MARLIN_NORTH,2438,8.01,77,961,100,781,781,5221.41,10.01,28.1,1.09,0.93,0.65,0.61,7.94,12.88,1771.47,0,165.49,522.33,2.29,6.26,0.06,NaN,0,0.09,0,NaN,0,0,1,0,0,1,0,3033.61,1345.68,689.08,1460.18,NaN,0,0,0,NaN,369.75,NaN,309.73,0.03,0.04,0,0,0,0,0,3185,9050.67,0
10/07/2025,04,5GNR,Central Texas,137,Austin,SCHZ,1379404,MARLIN_NORTH,3438,35.48,1547,4360,100,2572,2572,56479.43,8.29,142.63,1.52,1.37,0.84,0.33,7.53,13.17,49388.38,0,1858.16,3010.1,5.59,2.85,0.05,NaN,0,0.1,NaN,NaN,NaN,0,7,0,0,7,0,7067.74,670.86,661.29,960.53,NaN,0,0,0,NaN,0,NaN,0,0.03,0.03,0,0,0,0.05,1,1972,52207.51,0
10/07/2025,04,5GNR,Central Texas,137,Austin,SCHZ,1379404,MARLIN_SOUTH,2439,0.8,4,497,100,297,297,1475.15,4.09,23.56,1.46,1.18,0.43,6.26,8.45,11.11,1539.66,0,35.6,97.63,0.6,1.46,0.3,NaN,0,0.09,NaN,NaN,NaN,NaN,0,0,NaN,0,0,NaN,NaN,NaN,NaN,NaN,0,NaN,0,NaN,NaN,NaN,NaN,0,0,0,0,0,0,0,1002,1594.07,0
10/07/2025,04,5GNR,Central Texas,137,Austin,SCHZ,1379404,MARLIN_SOUTH,3439,0.24,8,3328,100,2674,2674,48077.82,7.97,128.53,1.1,1.11,1.13,0.21,7.58,11.97,46303.49,0,1071.34,2029.38,4.24,2.35,0.39,NaN,0,0.66,NaN,NaN,NaN,NaN,0,0,NaN,0,0,NaN,NaN,NaN,NaN,NaN,0,NaN,0,NaN,NaN,NaN,NaN,0,0,0,0,0,0,0,647,47824.18,0
10/07/2025,04,5GNR,Central Texas,137,Austin,SCHZ,1379404,MOODY_NTX,2444,16.14,61,378,100,362,361,1199.4,2.12,43.69,0.12,0.1,0.08,0.58,7.66,13.29,945.26,0.28,40.52,127.58,0.59,3.15,0.53,NaN,0,0,0,NaN,0,NaN,0,0,NaN,0,0,NaN,NaN,NaN,NaN,NaN,0,NaN,0,NaN,NaN,NaN,NaN,0,0,0,0,0,0,0,1548,4887.07,0
10/07/2025,04,5GNR,Central Texas,137,Austin,SCHZ,1379404,MOODY_NTX,3444,6.96,76,1092,100,950,950,13047.27,1.83,157.63,0.28,0.24,0.13,0.33,7.86,14.04,7921.38,0,773.64,984.95,1.65,3.4,0.3,NaN,0,0.34,0,NaN,0,NaN,0,0,NaN,0,0,NaN,NaN,NaN,NaN,NaN,0,NaN,0,NaN,NaN,NaN,NaN,0,0,0,0,0,0.17,1,605,9098.92,0
10/07/2025,04,5GNR,Central Texas,137,Austin,SCHZ,1379404,MORGANS_POINT,3445,0.99,40,4037,100,3446,3446,27656.56,4.29,168.2,0.91,0.82,0.61,0.42,7.54,12.22,26105.58,0,2194.44,3377.14,6.12,4.58,0.11,NaN,0,0.11,NaN,NaN,NaN,0,7,0,0,7,0,8421.72,689.84,680.98,2345.26,29.49,0,0,0,NaN,0,NaN,100.84,0.44,0.09,0,0,0,0,0,2672,28342.62,0
10/07/2025,04,5GNR,Central Texas,137,Austin,SCHZ,1379404,MUELLER,2720,0.95,8,845,100,472,472,2027.37,5.75,20.1,2.32,1.93,1.38,0,8.13,11.13,1426.18,0,78.22,252.88,1.72,1.22,0.56,NaN,0,0.14,0,NaN,0,0,15,0,0,15,0,3593.65,2688.64,3552.71,3243.36,14.17,0,0,0.07,NaN,45360.99,NaN,318.55,16.27,0.57,0,0,0,0,0,2085,2084.86,0
10/07/2025,04,5GNR,Central Texas,137,Austin,SCHZ,1379404,MUELLER,3720,0.36,3,837,100,413,413,10829.36,2.6,104.06,0,0.04,0.23,1.16,7.77,10.79,10557.46,0,107.98,152.65,0.3,2.15,0.26,NaN,0,0,NaN,NaN,NaN,NaN,0,0,NaN,0,0,7000,1000,1000,0,NaN,0,0,0,NaN,NaN,NaN,NaN,0,0,0,0,0,0,0,362,10649.35,0
10/07/2025,04,5GNR,Central Texas,137,Austin,SCHZ,1379404,OLD_SETTLERS,2289,0,0,116,100,74,74,439.5,0.52,60.24,0,0.02,0.08,1.37,7.54,9.26,204.67,0,1.8,30.26,0.31,0.97,0.56,NaN,0,0,0,NaN,0,0,1,0,0,1,0,3135.14,3083.33,1592.11,1588.24,0,0,0,0,NaN,0,NaN,0,0.01,0.01,0,0,0,0.12,1,834,466.77,0
10/07/2025,04,5GNR,Central Texas,137,Austin,SCHZ,1379404,OLD_SETTLERS,3289,0.67,20,2975,100,1649,1649,21018.15,3.62,135.85,0.58,1.55,3.87,0.92,7.83,15.58,13916.03,0,1477.27,2268.2,5.36,4.78,0.27,NaN,0,0.29,0,NaN,0,0,3,0,0,3,0,9400,842.11,802.33,6095.24,NaN,0,0,0,NaN,85.71,NaN,0,0.01,0,0,0,0,0,0,2120,20674.04,0
10/07/2025,04,5GNR,Central Texas,137,Austin,SCHZ,1379404,PARKSIDE_XNG_STX,2763,0,0,326,100,241,241,832.72,1.17,43.18,0,0.02,0.06,0.82,8.12,9.43,405.08,0,8.66,49.07,0.27,0.76,0,NaN,0,0,0,NaN,0,0,3,0,0,3,0,3057.69,2974.68,1339.87,2794.12,4.1,0,0,0,NaN,20,NaN,232.56,0.06,0.06,0,0,0,0.07,1,1357,760.68,0
10/07/2025,04,5GNR,Central Texas,137,Austin,SCHZ,1379404,PARKSIDE_XNG_STX,3763,0.16,5,3119,100,2344,2344,31796.11,4.73,148.8,0.64,1.35,3.09,0.83,7.62,14.71,22961.87,0,2034.95,3442.14,6.52,9.24,0.04,NaN,0,0.09,0,NaN,0,0,5,0,0,5,0,8262.86,687.02,732.95,2350.57,40.96,0,0,0,NaN,683.91,NaN,0,0.04,0.02,0,0,0,0,0,2273,31422.79,0
10/07/2025,04,5GNR,Central Texas,137,Austin,SCHZ,1379404,PILOT_KNOB_WILLIAMSON,2747,6.51,44,676,100,487,487,608.26,0.77,31.66,0,0,0.01,0.34,9.12,12.68,505.9,0,62.89,135.76,0.39,2.47,0.28,NaN,0,0.39,NaN,NaN,NaN,NaN,0,0,NaN,0,0,NaN,NaN,NaN,NaN,NaN,0,NaN,0,NaN,NaN,NaN,NaN,0,0,0,0,0,0,0,729,655.76,0
10/07/2025,04,5GNR,Central Texas,137,Austin,SCHZ,1379404,PILOT_KNOB_WILLIAMSON,3747,27.77,446,1606,100,917,917,10811.12,2.92,85.79,0.7,1.36,2.9,1.22,7.55,10.7,11175.76,0,1062.07,1269.49,4.74,4.38,0,NaN,0,0,0,NaN,0,NaN,0,0,NaN,0,0,NaN,NaN,NaN,NaN,NaN,0,NaN,0,NaN,NaN,NaN,NaN,0,0,0,0,0,0,0,347,11497.15,0
10/07/2025,04,5GNR,Central Texas,137,Austin,SCHZ,1379404,RABBIT_HILL,2220,1.08,6,557,100,370,368,1367.35,2.05,53.32,0.01,0.04,0.11,0.59,8.07,9.74,699.31,0.54,4.11,97.54,0.48,1.17,0.12,NaN,0,0.07,0,NaN,0,0,2,0,0,2,0,3000,2000,1000,0,NaN,0,0,0,NaN,0,NaN,0,0,0,0,0,0,0,0,2860,1762.66,0
10/07/2025,04,5GNR,Central Texas,137,Austin,SCHZ,1379404,RABBIT_HILL,3220,0.68,29,4262,100,2657,2657,42360.53,5.79,213.49,0.85,1.33,2.53,0.74,7.64,13.9,36796.23,0,2531.02,3235.45,7.15,5.69,0.11,NaN,0,0.24,NaN,NaN,NaN,0,3,0,0,3,0,7723.48,735,697.76,2333.33,10.92,0,0,0,NaN,0,NaN,0,0.03,0.03,0,0,0,0,0,1690,41484.36,0
10/07/2025,04,5GNR,Central Texas,137,Austin,SCHZ,1379404,RAWHIDE_AUSTX,2246,2,2,100,100,73,72,136.62,0.22,21.91,0,0,0.03,0.23,8.21,10.57,12.87,1.37,0.39,27.6,0.11,2.09,0.19,NaN,0,1.24,NaN,NaN,NaN,NaN,0,0,NaN,0,0,NaN,NaN,NaN,NaN,NaN,0,NaN,0,NaN,NaN,NaN,NaN,0,0,0,0,0,0,0,547,145.63,0
10/07/2025,04,5GNR,Central Texas,137,Austin,SCHZ,1379404,RAWHIDE_AUSTX,3246,1.2,14,1170,100,979,979,11238.65,1.55,166.26,0.36,0.96,2.6,1.67,7.68,14.74,9493.35,0,542.14,739.16,1.85,4.1,0.22,NaN,0,0,NaN,NaN,NaN,NaN,0,0,NaN,0,0,NaN,NaN,NaN,NaN,NaN,0,NaN,0,NaN,NaN,NaN,NaN,0,0,0,0,0,0,0,436,11201.96,0
10/07/2025,04,5GNR,Central Texas,137,Austin,SCHZ,1379404,REAGAN,2452,0,0,1372,100,1339,1339,2792.61,4.98,23.09,0.45,0.37,0.13,3.28,7.47,16.4,182.94,0,54.59,173.92,0.91,4.55,1.67,NaN,0,0.28,NaN,NaN,NaN,NaN,0,0,NaN,0,0,NaN,NaN,NaN,NaN,NaN,0,NaN,0,NaN,NaN,NaN,NaN,0,0,0,0,0,0,0,353,2752.33,0
10/07/2025,04,5GNR,Central Texas,137,Austin,SCHZ,1379404,ROCKMORE,2093,9.12,31,340,100,256,256,5974.69,6.6,53.75,0.01,0.01,0.01,0.68,7.83,5.82,1803.1,0,5.35,379.86,2.53,0.88,0.14,NaN,0,0.04,NaN,NaN,NaN,0,4,0,0,4,0,3164.35,2143.94,1081.02,1460.4,3.48,0,0,0,NaN,0,NaN,0,0.05,0.05,0,0,0,0.72,18,2508,7123.33,0
10/07/2025,04,5GNR,Central Texas,137,Austin,SCHZ,1379404,ROCKMORE,3093,0.65,29,4478,100,3224,3224,41071.7,7.18,162.65,0,0.04,0.16,0.71,7.78,14.95,35712.09,0,1791.64,2447.64,5.01,4.38,0,NaN,0,0.1,0,NaN,0,0,5,0,0,5,0,7372.71,660.54,748.99,1668.28,135.17,0,0,0,NaN,0,NaN,0,0.25,0.08,0,0,0,0,0,2145,39546.82,0
10/07/2025,04,5GNR,Central Texas,137,Austin,SCHZ,1379404,ROUND_ROCK_HS,2699,0,0,7,100,6,6,15.76,0.04,NaN,0,0,0.04,2.45,7.76,9.07,0.01,0,0.02,4.27,0.02,0.99,0,NaN,0,0,NaN,NaN,NaN,NaN,0,0,NaN,0,0,NaN,NaN,NaN,NaN,NaN,0,NaN,0,NaN,NaN,NaN,NaN,0,0,0,0,0,0,0,271,4.74,0
10/07/2025,04,5GNR,Central Texas,137,Austin,SCHZ,1379404,ROUND_ROCK_HS,3699,2.98,24,806,100,563,563,7616.48,1.86,104.53,0.01,0.03,0.09,0.9,7.39,12.29,2908.65,0,80.43,267.45,0.54,1.71,0,NaN,0,0.56,NaN,NaN,NaN,NaN,0,0,NaN,0,0,NaN,NaN,NaN,NaN,NaN,0,NaN,0,NaN,NaN,NaN,NaN,0,0,0,0,0,0,0,371,7476.57,0
10/07/2025,04,5GNR,Central Texas,137,Austin,SCHZ,1379404,ROUND_ROCK_INDUSTRIAL,2219,0,0,84,100,74,74,319.81,0.54,37.32,0,0,0.02,1.26,8.84,10.76,112.76,0,2.61,27.34,0.11,1.88,0.16,NaN,0,0,0,NaN,0,0,1,0,0,1,0,3000,2000,1000,1000,NaN,0,0,0,NaN,0,NaN,0,0,0,0,0,0,0,0,721,244.18,0
10/07/2025,04,5GNR,Central Texas,137,Austin,SCHZ,1379404,ROUND_ROCK_INDUSTRIAL,3219,2.01,63,3129,100,2480,2480,20124.42,3.5,162.51,0.53,1.61,4.1,1.54,8.08,17.45,16233.59,0,3933.24,6637.05,11.04,7.16,0.04,NaN,0,0.13,0,NaN,0,0,4,0,0,4,0,7460.35,1104.34,885.23,1520.31,20.02,0,0,0,NaN,6.72,NaN,10.39,0.66,0.48,0,0,0,0,0,2294,20168.19,0
10/07/2025,04,5GNR,Central Texas,137,Austin,SCHZ,1379404,RR_OUTLET_MALL,2751,0.3,1,330,100,300,300,4167.09,4.98,36.44,0.01,0.01,0.03,0.15,7.71,9.47,2334.54,0,4.92,54.6,0.26,0.96,0.54,NaN,0,0,NaN,NaN,NaN,NaN,0,0,NaN,0,0,NaN,5000,2500,0,NaN,0,0,0,NaN,0,NaN,0,0,0,0,0,0,0.11,1,904,2626.01,0
10/07/2025,04,5GNR,Central Texas,137,Austin,SCHZ,1379404,RR_OUTLET_MALL,3751,0.5,19,3785,100,2157,2156,27900.68,5.24,180.88,0.82,1.87,4.44,0.63,7.74,14.1,20627.44,0.05,1346.05,2530.1,5.96,5.23,0.8,NaN,0,0.24,0,NaN,0,0,5,0,0,5,0,7339.47,883.3,1114.81,1289.39,NaN,0,0,0,NaN,0,NaN,21.34,0.98,0.36,0,0,0,0.05,1,2169,29369.63,0
10/07/2025,04,5GNR,Central Texas,137,Austin,SCHZ,1379404,SALADO_CREEK,2576,0.5,1,202,100,130,130,528.16,1.29,18.66,0.25,0.2,0.05,14.29,7.91,11.57,128.84,0,10.1,85.16,0.48,3.11,0.35,NaN,0,0,NaN,NaN,NaN,0,2,0,0,2,0,3009.8,1086.96,539.22,883.72,NaN,0,0,0,NaN,0,NaN,0,0.01,0,0,0,0,0,0,1926,597.45,0
10/07/2025,04,5GNR,Central Texas,137,Austin,SCHZ,1379404,SALADO_CREEK,3576,0.51,9,1765,100,979,979,21532.45,3.1,306.65,0.38,0.38,0.41,0.99,8.01,14.91,17735.01,0,440.46,822.04,1.41,3.44,0.41,NaN,0,0.21,NaN,NaN,NaN,0,4,0,0,4,0,7049.68,659.14,726.29,1488.56,57.34,0,0,0,NaN,4.8,NaN,84.55,0.61,0.18,0,0,0,0,0,1503,21161.28,0
10/07/2025,04,5GNR,Central Texas,137,Austin,SCHZ,1379404,SAM_BASS,2299,0,0,12,100,9,9,74.06,0.14,24.85,0,0,0.03,0.27,8.07,9.62,7.16,0,1.21,12.06,0.06,1.2,0,NaN,0,0,NaN,NaN,NaN,NaN,0,0,NaN,0,0,NaN,NaN,NaN,NaN,NaN,0,NaN,0,NaN,NaN,NaN,NaN,0,0,0,0,0,0,0,507,67.6,0
10/07/2025,04,5GNR,Central Texas,137,Austin,SCHZ,1379404,SAM_BASS,3299,0.44,8,1832,100,1328,1328,15576.75,2.55,207.78,0.63,2.13,5.2,0.51,7.6,11.72,14808.98,0,684.71,1020.64,2.49,4.95,0.11,NaN,0,0,NaN,NaN,NaN,NaN,0,0,NaN,0,0,NaN,NaN,NaN,NaN,NaN,0,NaN,0,NaN,NaN,NaN,NaN,0,0,0,0,0,0.12,1,819,15582.16,0
10/07/2025,04,5GNR,Central Texas,137,Austin,SCHZ,1379404,SAWYER_PARK_STX,2188,3.74,21,561,100,545,545,805.46,0.88,66.22,0,0,0.01,0.49,8.43,10.27,671.24,0,16.46,63.75,0.28,1.88,0.07,NaN,0,0.11,0,NaN,0,0,2,0,0,2,0,3012.82,2000,1000,1553.19,0,0,0,0,NaN,0,NaN,0,0.01,0.01,0,0,0,0.42,7,1655,789.47,0
10/07/2025,04,5GNR,Central Texas,137,Austin,SCHZ,1379404,SAWYER_PARK_STX,3188,3.66,100,2730,100,2120,2120,28985.62,4.17,196.66,1.3,1.99,3.55,0.39,7.63,9.2,28628.28,0,3317.62,4235.83,17.68,3.65,0.6,NaN,0,0.2,0,NaN,0,0,3,0,0,3,0,6470.87,656.63,653.85,2805.56,0,0,0,0,NaN,0,NaN,0,0.02,0.02,0,0,0,0.1,1,1025,28788.63,0
10/07/2025,04,5GNR,Central Texas,137,Austin,SCHZ,1379404,SERENADA,2225,0,0,317,100,247,247,645.08,1.47,29.02,0.01,0.03,0.07,0.64,7.76,5.04,119.51,0,1.35,43.95,0.56,0.24,0.13,NaN,0,0,NaN,NaN,NaN,NaN,0,0,NaN,0,0,3333.33,2500,1300,6166.67,NaN,0,0,0,NaN,39428.57,NaN,0,0,0.01,0,0,0,0.69,6,874,636.01,0
10/07/2025,04,5GNR,Central Texas,137,Austin,SCHZ,1379404,SERENADA,3225,0.37,11,2944,100,2549,2549,30391.65,10.49,49.56,1.87,2.18,3.03,1.62,7.57,13.08,29584.97,0,2638.83,3380.77,9.17,3.76,0.35,NaN,0,0,NaN,NaN,NaN,0,3,0,0,3,0,9822.22,794.64,1027.78,17738.46,32.77,0,0,0,NaN,6863.64,NaN,0,0.03,0.01,0,0,0,0,0,1084,30711.93,0
10/07/2025,04,5GNR,Central Texas,137,Austin,SCHZ,1379404,SEWARD_JUNCTION,2066,0.36,3,828,100,801,800,1966.62,2.54,43.26,0.01,0.02,0.05,0.31,8.33,11.57,844.2,0.12,107.95,300.66,1.09,2.26,0.02,NaN,0,0.21,0,NaN,0,0,5,0,0,5,0,4125,3477.61,2089.71,847.24,0,0,0,0,NaN,13823.21,NaN,73.45,1.69,0.16,0,0,0,0.06,3,4687,2608.89,0
10/07/2025,04,5GNR,Central Texas,137,Austin,SCHZ,1379404,SEWARD_JUNCTION,3066,0.88,42,4800,100,4155,4155,65038.08,8.88,188.13,1.3,2.03,4.06,0.52,7.64,13.57,47435.56,0,1600.18,3237.43,7.83,5.63,0.55,NaN,0,0.12,0,NaN,0,0,1,0,0,1,0,7733.82,1102.7,2826.45,2139.53,111.96,0,0,0,NaN,224.07,NaN,79.21,0.67,0.06,0,0,0,0.18,3,1693,63897.22,0
10/07/2025,04,5GNR,Central Texas,137,Austin,SCHZ,1379404,ST,2563,0.22,3,1345,100,1062,1062,4428.29,7.3,24.41,2.25,2.09,1.89,1.7,8.32,16.69,3507.71,0,2956.08,3351.47,9.19,16.18,0,NaN,0,0.08,NaN,NaN,NaN,0,16,0,0,16,0,3622.17,2753.74,3734.23,2169.58,30.89,0,0,0.21,NaN,387386.3,NaN,68.3,150.71,3.48,0,0,0,0,0,2398,4351.84,0
10/07/2025,04,5GNR,Central Texas,137,Austin,SCHZ,1379404,SUNSHINE,2086,0.41,1,245,100,218,218,956.89,1.5,30.6,0.01,0.01,0.01,0.55,7.71,10.91,164.69,0,1.64,56.01,0.19,1.72,0.12,NaN,0,0,NaN,NaN,NaN,0,11,0,0,11,0,4261.31,1581.82,1536.04,512.99,42.36,0,0,0,NaN,17056.56,NaN,37.97,0.52,0.01,0,0,0,0,0,823,937.55,0
10/07/2025,04,5GNR,Central Texas,137,Austin,SCHZ,1379404,SUNSHINE,3086,1.09,21,1921,100,1605,1605,32680.16,7.73,122.66,0.24,0.32,0.6,0.46,7.22,10.84,26067.82,0,395.84,1073.05,2.28,3.01,0,NaN,0,0.35,NaN,NaN,NaN,0,3,0,0,3,0,6428.57,2200,2200,0,NaN,0,0,0,NaN,0,NaN,0,0,0,0,0,0,0,0,884,32974.55,0
10/07/2025,04,5GNR,Central Texas,137,Austin,SCHZ,1379404,SUN_CITY_NORTH,2243,0.13,3,2381,100,2121,2121,3691.15,3.9,57.95,0.02,0.03,0.05,0.32,7.71,12.87,3569.15,0,494.17,725.92,2.08,6.35,0.12,NaN,0,0.04,NaN,NaN,NaN,0,4,0,0,4,0,3058.44,2741.67,1487.26,3534.72,0,0,0,0,NaN,0,NaN,34.72,0.03,0.02,0,0,0,0.19,5,2627,4035.13,0
10/07/2025,04,5GNR,Central Texas,137,Austin,SCHZ,1379404,SUN_CITY_NORTH,3243,0.91,22,2416,90.93,1863,1863,19140.45,3.24,167.24,0.64,1.29,2.82,0.56,7.62,13.45,14533.45,0,684.53,931.35,3.76,1.39,2.74,NaN,0,0.4,NaN,NaN,NaN,NaN,0,0,NaN,0,0,5000,1500,1500,0,NaN,0,0,0,NaN,NaN,NaN,NaN,0,0,0,0,0,0,0,266,18482.53,0
10/07/2025,04,5GNR,Central Texas,137,Austin,SCHZ,1379404,TARRANT_PARK,2464,0.77,2,260,100,185,185,1969.51,5.01,44.93,0.25,0.17,0.07,0.77,8.09,10.95,2132.56,0,54.62,211.2,1.23,1.4,0,NaN,0,0.52,0,NaN,0,0,7,0,0,7,0,10963.29,1038.17,518.97,1820.14,NaN,0,0,0,NaN,0,NaN,15.15,0.03,0.03,0,0,0,0,0,1564,2622.62,0
10/07/2025,04,5GNR,Central Texas,137,Austin,SCHZ,1379404,TARRANT_PARK,3464,4.21,191,4534,100,3637,3637,109751.67,12.17,149.84,1,0.89,0.5,0.65,7.46,13.12,94062.77,0,2069.22,3522.46,5.58,5.02,0.08,NaN,0,0.18,0,NaN,0,0,2,0,0,2,0,6750,597.83,620.69,1500,NaN,0,0,0,NaN,0,NaN,0,0.01,0.01,0,0,0,0,0,2319,108128.66,0
10/07/2025,04,5GNR,Central Texas,137,Austin,SCHZ,1379404,TEMPLE,2465,0.5,4,808,100,393,392,1099.11,2.39,23.84,0.31,0.25,0.07,4.12,8.55,12.46,593.56,0.25,28.12,85.69,0.45,2.61,0,NaN,0,0,0,NaN,0,NaN,0,0,NaN,0,0,NaN,NaN,NaN,NaN,NaN,0,NaN,0,NaN,NaN,NaN,NaN,0,0,0,0,0,0,0,1092,1177.33,0
10/07/2025,04,5GNR,Central Texas,137,Austin,SCHZ,1379404,TEMPLE,3465,3.14,252,8033,100,4526,4520,84277.59,11.19,127.96,1.14,1.21,1.42,1.25,7.53,16.07,81951.76,0.13,4171.43,6059.87,9.13,4.87,0.43,NaN,0,0.08,0,NaN,0,0,3,0,0,3,0,8301.75,664.52,665.61,1491.73,33.06,0,0,0,NaN,0,NaN,57.67,9.91,0.35,0,0,0,0.04,1,2690,87781.09,0
10/07/2025,04,5GNR,Central Texas,137,Austin,SCHZ,1379404,TERRAVISTA,2290,0.36,1,275,100,217,217,3511.19,3.69,23.75,0.01,0.03,0.1,0.6,7.76,10.48,60.78,0,2.9,97.06,0.42,1.2,0,NaN,0,0.03,NaN,NaN,NaN,0,4,0,0,4,0,3000,2500,1250,0,NaN,0,0,0,NaN,0,NaN,0,0,0,0,0,0,0,0,2811,4599.5,0
10/07/2025,04,5GNR,Central Texas,137,Austin,SCHZ,1379404,TERRAVISTA,3290,0.51,29,5643,100,4653,4650,56921.78,10.44,159.07,1.52,2.16,3.7,0.25,7.62,13.36,41770.87,0.06,1985.79,3723.47,7.85,3.56,0.14,NaN,0,0.26,0,NaN,0,0,8,0,0,8,0,6798.7,979.53,995.71,2152.63,32.77,0,0,0,NaN,0,NaN,0,0.07,0.02,0,0,0,0.03,1,3842,55335.82,0
10/07/2025,04,5GNR,Central Texas,137,Austin,SCHZ,1379404,TX130_UNIVERSITY,2301,0.31,3,971,100,485,485,2413.17,3.44,36.17,0.08,0.09,0.1,0.72,8.05,10.66,590.05,0,20.21,184.98,0.82,1.43,0.65,NaN,0,0.16,NaN,NaN,NaN,0,4,0,0,4,0,3140.1,2184.78,1941.18,1712.96,49.15,0,0,0,NaN,410.38,NaN,223.3,0.18,0.02,0,0,0,0.03,1,3689,4992.3,0
10/07/2025,04,5GNR,Central Texas,137,Austin,SCHZ,1379404,TX130_UNIVERSITY,3301,1.7,125,7360,100,5737,5724,111654.57,14.29,235.73,1.51,2.48,5.42,0.64,7.64,13.48,99448.28,0.23,3196.68,4597.95,10.57,3.69,0.32,NaN,0,0.23,0,NaN,0,0,16,0,0,16,0,7883.9,991.41,1223.04,1592.45,90.86,0,0,0,NaN,2.24,NaN,107.45,0.96,0.38,0,0,0,0.03,1,3581,108289.46,0
10/07/2025,04,5GNR,Central Texas,137,Austin,SCHZ,1379404,VERNICE_ARMOUR - D,2778,0.82,4,486,100,336,336,1757.12,4.43,23.61,0.72,0.63,0.43,1.9,7.87,12.04,1424.74,0,335.6,531.83,2.35,6.73,0.09,NaN,0,0.14,NaN,NaN,NaN,0,3,0,0,3,0,3005.05,1985.07,995,2059.41,1.02,0,0,0,NaN,0,NaN,0,0.02,0.02,0,0,0,0,0,3335,2410.03,0
10/07/2025,04,5GNR,Central Texas,137,Austin,SCHZ,1379404,VERNICE_ARMOUR - D,3778,2.88,127,4406,100,3228,3228,57784.75,7.96,233.45,1.2,1.04,0.63,0.46,7.43,12.65,49484.45,0,2855.77,3752.15,8.6,2.94,0.18,NaN,0,0.05,0,NaN,0,NaN,0,0,NaN,0,0,NaN,NaN,NaN,NaN,NaN,0,NaN,0,NaN,NaN,NaN,NaN,0,0,0,0,0,0,0,1991,56818.32,0
10/07/2025,04,5GNR,Central Texas,137,Austin,SCHZ,1379404,WEIR_STX,3859,0,0,434,100,344,344,3009.53,0.32,204.46,0.02,0.05,0.22,0.18,8,17.77,2764.95,0,256.39,336.33,0.65,7.52,0,NaN,0,0.66,NaN,NaN,NaN,NaN,0,0,NaN,0,0,NaN,NaN,NaN,NaN,NaN,0,NaN,0,NaN,NaN,NaN,NaN,0,0,0,0,0,0,0,315,2970.09,0
10/07/2025,04,5GNR,Central Texas,137,Austin,SCHZ,1379404,WEST_TIPPIT_AUSTX,2839,16.45,25,152,100,101,101,1137.62,1.32,171.49,0,0.01,0.06,1.23,7.43,9.29,2627.87,0,2.65,21.07,0.12,0.84,0.45,NaN,0,0.1,NaN,NaN,NaN,0,4,0,0,4,0,3031.82,2345.24,1250,1083.33,0.24,0,0,0,NaN,0,NaN,0,0.01,0.01,0,0,0,3,30,1000,2828.51,0
10/07/2025,04,5GNR,Central Texas,137,Austin,SCHZ,1379404,WEST_TIPPT_AUSTX,3839,1.53,49,3206,100,2163,2158,17341.97,3.63,128.5,0.63,1.68,4.2,1.06,7.59,13.83,13961.95,0.23,1834.17,2453.83,4.29,4.77,0.49,NaN,0,0.21,NaN,NaN,NaN,0,3,0,0,3,0,6823.86,769.74,738.89,2887.64,NaN,0,0,0,NaN,0,NaN,0,0.01,0.01,0,0,0,0,0,1012,15369.52,0
10/07/2025,04,5GNR,Central Texas,137,Austin,SCHZ,1379404,WINDING_RIVER,2040,1.15,2,174,100,154,153,2581.62,3.11,40.72,0.01,0.02,0.03,0.33,7.77,11.45,1936.74,0.65,154.75,413.67,1.6,3.36,0,NaN,0,0.03,0,NaN,0,0,1,0,0,1,0,4473.25,2368.42,1771.01,2473.52,61.79,0,0,0,NaN,12964.06,NaN,4.85,3.59,0.24,0,0,0,0.08,3,3730,2805.36,0
10/07/2025,04,5GNR,Central Texas,137,Austin,SCHZ,1379404,WINDING_RIVER,3040,0.93,26,2798,100,2176,2176,25449.26,4.45,137.19,0.87,1.38,2.61,0.38,7.51,14.71,23469.72,0,4045.95,5105.61,10.64,8.45,0.2,NaN,0,0.11,NaN,NaN,NaN,0,7,0,0,7,0,8030.66,713.85,944.77,1838.09,313.21,0,0,0.01,NaN,1237.6,NaN,405.07,67.75,3.11,0,0,0,0,0,919,24935.92,0
10/07/2025,04,5GNR,Central Texas,137,Austin,SCHZ,1379404,XGAMES_PARK,2224,0.35,2,565,100,466,466,4741.34,5.74,46.63,0.01,0.01,0.02,0.29,7.85,10.02,4666.55,0,104.99,734,3.6,5.28,0.04,NaN,0,0.25,0,NaN,0,0,12,0,0,12,0,3024.59,1991.67,993.67,1924.34,0.77,0,0,0,NaN,44.78,NaN,0,0.05,0.04,0,0,0,0.24,11,4672,5366.57,0
10/07/2025,04,5GNR,Central Texas,137,Austin,SCHZ,1379404,XGAMES_PARK,3224,0.37,20,5455,100,5117,5115,59690.82,9.09,129.75,0.04,0.09,0.22,0.28,7.57,12.34,49326.47,0.04,2723.72,4931.95,13.78,5.3,0.15,NaN,0,0.16,0,NaN,0,NaN,0,0,NaN,0,0,7394.74,2000,2950,0,NaN,0,0,0,NaN,NaN,NaN,NaN,0,0,0,0,0,0.03,1,3217,58127.34,0
10/07/2025,04,5GNR,Central Texas,137,Austin,SCHZ,1379405,137515_4G5G_LT_LLANO_DT,2515,0.46,6,1302,100,1091,1091,3187.28,6.37,30.8,0.42,0.27,0.18,1.1,7.91,8.5,1763.06,0,1215.11,1559.82,18.55,1.84,1.03,NaN,0,0,0,NaN,0,0,3,0,0,3,0,3141.03,1485.29,730.77,738.46,0,0,0,0,NaN,0,NaN,0,0.01,0.01,0,0,0,0,0,3011,3095.16,0
10/07/2025,04,5GNR,Central Texas,137,Austin,SCHZ,1379405,137578_4G5G_LT_COPPERAS_SOUTH,2578,4.29,206,4805,100,3121,3121,7952.75,17.01,19.03,4.11,2.92,1.39,1.95,7.68,14.26,3445.67,0,1348.21,2369.84,10.1,8.14,0.02,NaN,0,0.05,0,NaN,0,0,4,0,0,4,0,3815.1,1488.37,1000,1858.59,12.44,0,0,0,NaN,188.48,NaN,30,0.07,0.04,0,0,0,0,0,4301,7832.94,0
10/07/2025,04,5GNR,Central Texas,137,Austin,SCHZ,1379405,137737_4G5G_LT_DERNE,2737,8.91,35,393,100,400,400,9246.69,20.41,16.45,2.06,1.74,1.18,0.11,7.41,9.25,2297.43,0,309.94,649.9,4.47,2.78,0.06,NaN,0,0,0,NaN,0,0,6,0,0,6,0,3642.56,1679.79,1976.84,676.22,35.38,0,0,0.01,NaN,14196.63,NaN,91.68,3.32,0.08,0,0,0,0,0,1619,9144.12,0
10/07/2025,04,5GNR,Central Texas,137,Austin,SCHZ,1379405,137792_4G5G_LT_TWR_HILL,2792,0.16,2,1244,100,720,720,8945.78,17.21,22.07,5.24,3.94,2.69,1.56,7.87,17.19,4813.88,0,829.03,2026.13,7.67,8.83,1.02,NaN,0,0.11,0,NaN,0,0,22,0,0,22,0,3211.7,1091.74,555.37,2670.43,25.49,0.08,0,1.22,NaN,38.82,NaN,5.71,992.49,86.3,0,0,0,0,0,4659,8719.01,0
10/07/2025,04,5GNR,Central Texas,137,Austin,SCHZ,1379405,BERTRAM,2406,2.68,32,1194,100,1000,977,3902.89,6.59,26.96,0.98,0.83,0.6,2.04,8.07,13.84,3612.27,2.3,300.75,520.23,2.86,3.63,0.3,NaN,0,0.13,0,NaN,0,0,4,0,0,4,0,3750,3111.11,1500,400,0,0,0,0,NaN,0,NaN,0,0,0,0,0,0,0,0,2965,3831.43,0
10/07/2025,04,5GNR,Central Texas,137,Austin,SCHZ,1379405,BLUFFTON,2119,7.64,73,956,100,842,842,3621.58,7.25,19.63,2.06,1.59,0.97,0.37,7.72,11.56,3149.76,0,180.34,784.74,5.78,2.85,4.76,NaN,0,0,NaN,NaN,NaN,NaN,0,0,NaN,0,0,NaN,NaN,NaN,NaN,NaN,0,NaN,0,NaN,NaN,NaN,NaN,0,0,0,0,0,0,0,1558,3547.7,0
10/07/2025,04,5GNR,Central Texas,137,Austin,SCHZ,1379405,BURNET_DT_WEST,2554,2.45,8,326,100,271,271,1624.82,3.08,39.28,0.53,0.39,0.3,0.86,8.04,8.2,590.53,0,665.39,1059.95,11.32,3.08,0.08,NaN,0,0.25,NaN,NaN,NaN,NaN,0,0,NaN,0,0,NaN,NaN,NaN,NaN,NaN,0,NaN,0,NaN,NaN,NaN,NaN,0,0,0,0,0,0.18,5,2710,4431.21,0
10/07/2025,04,5GNR,Central Texas,137,Austin,SCHZ,1379405,BURNET_DT_WEST,3554,1.93,60,3102,100,2701,2701,21775.6,3.25,120.08,0.21,0.21,0.21,0.42,7.59,12.13,17896.32,0,1808.03,2687.84,4.53,3.28,0.05,NaN,0,0,0,NaN,0,NaN,0,0,NaN,0,0,NaN,NaN,NaN,NaN,NaN,0,NaN,0,NaN,NaN,NaN,NaN,0,0,0,0,0,0,0,1766,18838.93,0
10/07/2025,04,5GNR,Central Texas,137,Austin,SCHZ,1379405,CANYONLANDS,2117,15.65,46,294,100,250,250,277.67,0.94,36.16,0.12,0.11,0.09,0.69,8.64,10.72,556.46,0,6.93,26.65,0.17,1.49,2.31,NaN,0,0.12,NaN,NaN,NaN,NaN,0,0,NaN,0,0,NaN,NaN,NaN,NaN,NaN,0,NaN,0,NaN,NaN,NaN,NaN,0,0,0,0,0,0,0,773,607.46,0
10/07/2025,04,5GNR,Central Texas,137,Austin,SCHZ,1379405,CANYONLANDS,3117,26.67,140,525,100,404,404,4216.66,0.61,59.9,0.03,0.08,0.38,0.66,7.4,11.43,1429.54,0,110.98,154.26,0.22,2.65,0.7,NaN,0,1.22,NaN,NaN,NaN,NaN,0,0,NaN,0,0,NaN,NaN,NaN,NaN,NaN,0,NaN,0,NaN,NaN,NaN,NaN,0,0,0,0,0,0,0,94,3795.01,0
10/07/2025,04,5GNR,Central Texas,137,Austin,SCHZ,1379405,CHEROKEE_WCW,2769,0,0,5,100,5,5,15.27,0.04,34.56,0,0,0,2.08,7.43,10.13,26.83,0,0,0.2,0,0.92,0,NaN,0,0,NaN,NaN,NaN,NaN,0,0,NaN,0,0,NaN,NaN,NaN,NaN,NaN,0,NaN,0,NaN,NaN,NaN,NaN,0,0,0,0,0,0,0,10,26.87,0
10/07/2025,04,5GNR,Central Texas,137,Austin,SCHZ,1379405,CHEROKEE_WCW,3769,0,0,8,100,8,8,40.08,0.01,104.58,0,0,0.02,0.52,8.41,14.68,29.08,0,0.35,0.7,0,0.33,0,NaN,0,0,NaN,NaN,NaN,NaN,0,0,NaN,0,0,NaN,NaN,NaN,NaN,NaN,0,NaN,0,NaN,NaN,NaN,NaN,0,0,0,0,0,0,0,3,29.22,0
10/07/2025,04,5GNR,Central Texas,137,Austin,SCHZ,1379405,DARNALL_HOSPITAL,2394,1.53,8,522,100,290,290,3744.26,11.78,12.16,3.24,2.36,1.39,6.27,8.02,11.04,1039.95,0,714.86,1515.41,8.82,6.59,0.14,NaN,0,0.26,0,NaN,0,0,27,0,0,27,0,3417.67,2451.64,2142.36,1714.67,26.39,0,0,0.01,NaN,50205.59,NaN,431.74,3.69,0.48,0,0,0,0.03,1,3028,5954.9,0
10/07/2025,04,5GNR,Central Texas,137,Austin,SCHZ,1379405,DARNALL_HOSPITAL,3394,0.48,10,2080,100,1348,1347,11782.41,2.83,164.11,0.44,0.37,0.24,0.91,8.28,13.81,6230.45,0.07,1633.58,2379.19,5.45,4.63,0,NaN,0,0.45,NaN,NaN,NaN,0,18,0,0,18,0,7478.91,703.31,825.53,2014.43,80.05,0,0,0,NaN,0,NaN,0,0.45,0.18,0,0,0,0,0,2742,9370.74,0
10/07/2025,04,5GNR,Central Texas,137,Austin,SCHZ,1379405,DEER_FLAT,2329,7.26,169,2329,100,1935,1935,2285.28,7.21,20.34,1.93,1.28,0.44,0.84,7.91,12.51,2252.4,0,754.9,1294.26,4.57,11.2,0,NaN,0,0.07,NaN,NaN,NaN,0,4,0,0,4,0,3433.93,1112.39,1383.58,1363.89,17.66,0,0,0,NaN,9126.63,NaN,24.56,0.85,0.16,0,0,0,0,0,2875,2558.61,0
10/07/2025,04,5GNR,Central Texas,137,Austin,SCHZ,1379405,DEER_FLAT,3329,6.2,255,4114,100,3308,3308,51742.95,7.32,159.91,1.06,1.03,0.93,0.95,7.53,14.88,50251.02,0,3246.32,5184.4,7.39,7.84,0.05,NaN,0,0.15,NaN,NaN,NaN,0,1,0,0,1,0,7113.77,637.21,816.19,735.99,72.26,0,0,0,NaN,1937.53,NaN,36.09,4.07,3.06,0,0,0,0,0,4018,51889.92,0
10/07/2025,04,5GNR,Central Texas,137,Austin,SCHZ,1379405,DPW_FACILITY,2811,1.5,11,734,100,410,410,829.56,2.18,16,0.47,0.38,0.13,0,7.67,10.56,305.37,0,53.72,121.55,0.76,2.83,0.18,NaN,0,0,NaN,NaN,NaN,NaN,0,0,NaN,0,0,NaN,2000,1000,0,NaN,0,0,0,NaN,NaN,NaN,NaN,0,0,0,0,0,0,0,1223,828.83,0
10/07/2025,04,5GNR,Central Texas,137,Austin,SCHZ,1379405,DPW_FACILITY,3811,1.31,4,306,100,208,208,6312.06,1.81,119.24,0,0.01,0.06,0,7.11,10.94,6137.99,0,129.78,186.87,0.37,2.4,0,NaN,0,0.14,NaN,NaN,NaN,NaN,0,0,NaN,0,0,NaN,NaN,NaN,NaN,NaN,0,NaN,0,NaN,NaN,NaN,NaN,0,0,0,0,0,0,0,743,6225.36,0
10/07/2025,04,5GNR,Central Texas,137,Austin,SCHZ,1379405,ELM_TRIMMER,2327,1.8,3,167,100,91,91,292.78,0.94,13.29,0.26,0.21,0.08,14.41,8.03,13.33,41.99,0,7.33,82.18,0.43,3.91,0,NaN,0,0.31,0,NaN,0,0,7,0,0,7,0,3623.05,1135.96,578.03,1044.03,32.77,0,0,0,NaN,459.3,NaN,9.43,0.13,0.09,0,0,0,0,0,1981,347.53,0
10/07/2025,04,5GNR,Central Texas,137,Austin,SCHZ,1379405,ELM_TRIMMER,3327,1.41,56,3964,100,2391,2390,49292.31,6.28,173.69,1.36,1.15,0.71,0.81,7.7,12.61,41713.17,0.04,3778.05,5751.31,12.51,4.12,1.51,NaN,0,0.2,0,NaN,0,0,11,0,0,11,0,8055.66,1372.91,1191.67,1361.19,57.34,0,0,0,NaN,0,NaN,151.44,0.29,0.08,0,0,0,0.06,2,3152,49258.47,0
10/07/2025,04,5GNR,Central Texas,137,Austin,SCHZ,1379405,FIREFLY,2850,2.6,2,77,100,62,62,1062.25,2.62,33.95,0.04,0.04,0.03,0.26,7.56,12.3,994.89,0,36.44,65.43,0.39,4.95,0.47,NaN,0,0,NaN,NaN,NaN,NaN,0,0,NaN,0,0,NaN,NaN,NaN,NaN,NaN,0,NaN,0,NaN,NaN,NaN,NaN,0,0,0,0,0,0,0,222,1048.61,0
10/07/2025,04,5GNR,Central Texas,137,Austin,SCHZ,1379405,FIREFLY,3850,7.29,86,1179,100,825,824,11355.41,1.39,185.56,0.18,0.46,1.51,0.44,7.82,15.28,9554.76,0.12,265.92,374.08,0.76,4.24,0.65,NaN,0,0,NaN,NaN,NaN,NaN,0,0,NaN,0,0,7158.9,1345.93,7061.44,3652.58,NaN,0,0,0,NaN,1021.28,NaN,18.69,0.04,0.05,0,0,0,0,0,125,11194.53,0
10/07/2025,04,5GNR,Central Texas,137,Austin,SCHZ,1379405,FM116_CACTUS,2734,0,0,161,100,134,134,163.44,0.59,9.27,0.2,0.11,0.01,2.06,9.78,4.82,5.87,0,0.34,341.7,4.7,3.12,0,NaN,0,0,NaN,NaN,NaN,NaN,0,0,NaN,0,0,NaN,2166.67,1083.33,0,NaN,0,0,0,NaN,NaN,NaN,NaN,0,0,0,0,0,0,0,425,12.02,0
10/07/2025,04,5GNR,Central Texas,137,Austin,SCHZ,1379405,FM116_CACTUS,3734,1.74,33,1894,100,1420,1420,20171.38,2.39,134.09,0.86,0.79,0.58,0.83,7.69,13.79,17599.61,0,924.02,1254.61,1.9,2.42,0.36,NaN,0,0.1,0,NaN,0,0,1,0,0,1,0,8021.74,1318.18,1282.61,310.34,NaN,0,0,0,NaN,0,NaN,0,0,0,0,0,0,0,0,1034,20329.3,0
10/07/2025,04,5GNR,Central Texas,137,Austin,SCHZ,1379405,FORD_ST,2355,2.8,4,143,100,109,108,131.35,0.57,13.19,0.11,0.1,0.04,0.13,7.43,6.11,117.81,0.92,0.52,12.41,0.17,0.46,1.92,NaN,0,0,NaN,NaN,NaN,NaN,0,0,NaN,0,0,NaN,NaN,NaN,NaN,NaN,0,NaN,0,NaN,NaN,NaN,NaN,0,0,0,0,0,0,0,119,153.56,0
10/07/2025,04,5GNR,Central Texas,137,Austin,SCHZ,1379405,FORD_ST,3355,1.15,12,1043,100,851,851,4392.58,0.53,221.27,0.2,0.19,0.17,0.2,7.89,13.33,3485.69,0,94.96,204.79,0.27,1.7,0,NaN,0,0.24,NaN,NaN,NaN,NaN,0,0,NaN,0,0,NaN,NaN,NaN,NaN,NaN,0,NaN,0,NaN,NaN,NaN,NaN,0,0,0,0,0,0,0,427,4718.55,0
10/07/2025,04,5GNR,Central Texas,137,Austin,SCHZ,1379405,FREEDOM_HILL,2723,0.96,3,314,100,224,224,857.2,1.45,19.94,0.13,0.14,0.18,0.74,8.06,12.19,153.15,0,9.5,78.5,0.39,2.81,0.09,NaN,0,0.73,NaN,NaN,NaN,NaN,0,0,NaN,0,0,NaN,NaN,NaN,NaN,NaN,0,NaN,0,NaN,NaN,NaN,NaN,0,0,0,0,0,0,0,1336,865.54,0
10/07/2025,04,5GNR,Central Texas,137,Austin,SCHZ,1379405,FREEDOM_HILL,3723,5.24,77,1469,100,1134,1134,7009.7,2.17,92.68,0.28,0.48,1.01,0.6,7.71,9.38,6912.75,0,296.94,436.17,2.52,3.07,0.67,NaN,0,0,NaN,NaN,NaN,NaN,0,0,NaN,0,0,NaN,NaN,NaN,NaN,NaN,0,NaN,0,NaN,NaN,NaN,NaN,0,0,0,0,0,0,0,98,7237.01,0
10/07/2025,04,5GNR,Central Texas,137,Austin,SCHZ,1379405,GOLDTHWAITE_WCW,2706,17.81,13,73,100,43,43,14.52,0.07,15.98,0.04,0.04,0.01,37.75,10.5,11.93,2.92,0,0.95,7.54,0.05,2.83,0,NaN,0,0,NaN,NaN,NaN,NaN,0,0,NaN,0,0,NaN,NaN,NaN,NaN,NaN,0,NaN,0,NaN,NaN,NaN,NaN,0,0,0,0,0,0,0,174,10.09,0
10/07/2025,04,5GNR,Central Texas,137,Austin,SCHZ,1379405,GOLDTHWAITE_WCW,3706,3.42,15,438,100,322,322,2424.18,0.35,111.82,0.08,0.07,0.06,0.25,8,12.15,2071.08,0,141.64,263.06,0.49,0.96,0.43,NaN,0,0,0,NaN,0,NaN,0,0,NaN,0,0,NaN,NaN,NaN,NaN,NaN,0,NaN,0,NaN,NaN,NaN,NaN,0,0,0,0,0,0,0,345,2373.9,0
10/07/2025,04,5GNR,Central Texas,137,Austin,SCHZ,1379405,GRANITE_SHOALS,2423,1.24,6,482,100,395,392,600.51,2,28.66,0.41,0.33,0.07,4.87,8.94,13.22,416.47,0.76,23.02,76.58,0.52,2.85,0.18,NaN,0,0.06,NaN,NaN,NaN,0,1,0,0,1,0,3011.11,3397.85,1637.61,3673.08,NaN,0,0,0,NaN,800,NaN,0,0,0,0,0,0,0,0,1280,555.75,0
10/07/2025,04,5GNR,Central Texas,137,Austin,SCHZ,1379405,GRANITE_SHOALS,3423,9.27,304,3278,100,2566,2566,48278.36,5.83,131.64,0,0.02,0.05,1.09,7.21,12.75,46913.03,0,867.08,1529.66,2.25,2.02,0.93,NaN,0,0.22,NaN,NaN,NaN,NaN,0,0,NaN,0,0,7802.08,1871.09,1788.19,3520.23,NaN,0,0,0,NaN,0,NaN,0,0,0,0,0,0,0,0,1437,47646.97,0
10/07/2025,04,5GNR,Central Texas,137,Austin,SCHZ,1379405,GRANITE_TRAIL,2354,44.28,391,883,100,519,519,3948.13,5.92,46.48,0.12,0.12,0.12,3.05,8.04,12.74,501.98,0,4.31,69.8,0.35,2.72,0,NaN,0,0.1,0,NaN,0,0,3,0,0,3,0,3603.31,2222.22,1422.76,448.28,0,0,0,0,NaN,0,NaN,466.67,0,0,0,0,0,0,0,2047,4531.57,0
10/07/2025,04,5GNR,Central Texas,137,Austin,SCHZ,1379405,GRANITE_TRAIL,3354,1.17,24,2052,100,1616,1615,10162.42,2.68,129.7,0.72,1.3,2.79,0.44,7.92,14.53,7471.64,0.06,189.24,794.75,1.3,5.65,0,NaN,0,0,NaN,NaN,NaN,0,3,0,0,3,0,7727.34,874.01,1351.29,2651.07,280.62,0,0,0,NaN,1250.92,NaN,54.52,13.14,0.58,0,0,0,0,0,1489,9410.24,0
10/07/2025,04,5GNR,Central Texas,137,Austin,SCHZ,1379405,HARKER_HEIGHTS,2426,0.17,1,594,100,440,440,1720.34,4.29,33.29,0.95,0.72,0.47,4.76,7.82,11.53,1784.35,0,464.5,881.67,3.75,6.98,0.15,NaN,0,0.31,0,NaN,0,0,5,0,0,5,0,3010.42,1394.74,823.53,2060.61,0,0,0,0,NaN,1720,NaN,0,0.01,0,0,0,0,0.08,3,3530,6070.56,0
10/07/2025,04,5GNR,Central Texas,137,Austin,SCHZ,1379405,HARKER_HEIGHTS,3426,0.43,18,4182,100,2987,2985,22706.28,3.61,128.24,0.84,0.75,0.51,0.78,7.69,15.16,15492.38,0.07,1210.29,2628.48,3.77,5.42,0.1,NaN,0,0.07,0,NaN,0,0,6,0,0,6,0,8776,654.87,667.32,534.19,NaN,0,0,0,NaN,0,NaN,0,0.03,0.02,0,0,0,0,0,2798,18091.64,0
10/07/2025,04,5GNR,Central Texas,137,Austin,SCHZ,1379405,HICKORY_CREEK,2116,2.94,6,204,100,193,193,2665.77,5.9,24.67,0.37,0.3,0.1,0.2,7.66,17.18,2259.63,0,516.98,737.73,2.16,21.16,0.39,NaN,0,0,NaN,NaN,NaN,NaN,0,0,NaN,0,0,NaN,NaN,NaN,NaN,NaN,0,NaN,0,NaN,NaN,NaN,NaN,0,0,0,0,0,0,0,518,2612.37,0
10/07/2025,04,5GNR,Central Texas,137,Austin,SCHZ,1379405,IVY_GAP,2739,0.62,6,969,100,399,399,3377.71,7.6,26.04,1.02,0.88,0.29,2.26,8.2,14.28,3193.08,0,156.85,245.55,0.92,10.44,0,NaN,0,0,NaN,NaN,NaN,0,1,0,0,1,0,3055.56,2256.41,1113.64,1150,NaN,0,0,0,NaN,5100,NaN,0,0,0,0,0,0,0,0,419,3329.67,0
10/07/2025,04,5GNR,Central Texas,137,Austin,SCHZ,1379405,IVY_GAP,3739,0.17,5,2981,100,1928,1928,18298.73,2.37,123.96,0.67,0.55,0.22,0.64,7.88,15.23,13472.97,0,1036.83,1561.59,2.02,3.99,0,NaN,0,0.41,NaN,NaN,NaN,0,3,0,0,3,0,7725.76,864.92,886.25,1315.96,259.86,0,0,0,NaN,681.34,NaN,0,5.34,0.06,0,0,0,0,0,771,18049.03,0
10/07/2025,04,5GNR,Central Texas,137,Austin,SCHZ,1379405,JASPER,2559,2.22,8,360,100,224,224,1513.55,7.68,29.01,2.98,2.51,0.61,2.92,8.47,10.29,1407.72,0,4.13,79.54,0.52,1.78,0,NaN,0,0.34,NaN,NaN,NaN,0,1,0,0,1,0,3000,2000,1000,3130.43,0,0,0,0,NaN,0,NaN,44.44,0.01,0.01,0,0,0,0,0,1922,2868.35,0
10/07/2025,04,5GNR,Central Texas,137,Austin,SCHZ,1379405,JASPER,3559,0.81,25,3095,100,2150,2150,45171.28,6.57,199.28,1.05,1.04,1.02,0.93,7.84,14.01,38978.99,0,3326,4994.06,10.42,7.52,0.29,NaN,0,0.25,0,NaN,0,0,7,0,0,7,0,7473.14,936.27,989.67,899.58,0,0,0,0,NaN,0,NaN,0,0.03,0.03,0,0,0,0.09,3,3273,43232.93,0
10/07/2025,04,5GNR,Central Texas,137,Austin,SCHZ,1379405,KINGSLAND,2374,9.71,61,628,100,464,464,4301.14,7.59,39.03,0.83,0.78,0.7,0.79,7.69,12.33,2575.81,0,289.68,519.35,2.87,3.58,0.77,NaN,0,0,NaN,NaN,NaN,NaN,0,0,NaN,0,0,NaN,NaN,NaN,NaN,NaN,0,NaN,0,NaN,NaN,NaN,NaN,0,0,0,0,0,0,0,1795,10818.18,0
10/07/2025,04,5GNR,Central Texas,137,Austin,SCHZ,1379405,KINGSLAND,3374,0.65,12,1842,100,1552,1552,34006.19,3.02,94.97,2.58,2.09,0.28,0.48,7.54,15.14,22157.48,0,593.45,1580.45,2.03,3.83,0,NaN,0,0.07,0,NaN,0,0,6,0,0,6,0,8249.07,682.24,735.43,1219.14,208.02,0,0,0,NaN,980.11,NaN,20.15,2.73,0.17,0,0,0,0.06,1,1577,27259.64,0
10/07/2025,04,5GNR,Central Texas,137,Austin,SCHZ,1379405,KINGSLAND_DT,2854,36.26,483,1332,100,933,933,817.31,1.72,30.23,0.51,0.38,0.1,0.2,8.17,17.13,638.38,0,363.87,478.92,1.61,15.73,0.09,NaN,0,0.09,NaN,NaN,NaN,0,5,0,0,5,0,3448.41,2012.35,1059.52,1279.66,3.03,0,0,0,NaN,0,NaN,84.75,0.04,0.02,0,0,0,0,0,1118,782.41,0
10/07/2025,04,5GNR,Central Texas,137,Austin,SCHZ,1379405,KINGSLAND_DT,3854,3.2,183,5714,100,5073,5073,89311.03,9.03,161.5,3.17,2.36,0.23,0.26,7.4,15.25,76202.1,0,4182.57,6054.77,6.34,2.96,0,NaN,0,0,NaN,NaN,NaN,0,1,0,0,1,0,9242.86,785.71,828.57,1354.84,NaN,0,0,0,NaN,0,NaN,0,0.01,0.01,0,0,0,0,0,3343,89989.89,0
10/07/2025,04,5GNR,Central Texas,137,Austin,SCHZ,1379405,KTW_ADAMSVILLE_NORTH,2842,22.22,6,27,100,21,21,34.68,0.06,53.14,0.01,0.01,0,9.88,9.47,12.43,36.42,0,0.24,0.95,0.01,0.67,0,NaN,0,0,NaN,NaN,NaN,NaN,0,0,NaN,0,0,NaN,NaN,NaN,NaN,NaN,0,NaN,0,NaN,NaN,NaN,NaN,0,0,0,0,0,0,0,43,36.7,0
10/07/2025,04,5GNR,Central Texas,137,Austin,SCHZ,1379405,KTW_ADAMSVILLE_NORTH,3842,4.55,2,44,100,20,20,428.31,0.08,196.23,0.01,0.02,0.29,2.18,8.48,16.03,417.72,0,29.46,40.61,0.05,10.05,21.43,NaN,0,0,NaN,NaN,NaN,NaN,0,0,NaN,0,0,NaN,NaN,NaN,NaN,NaN,0,NaN,0,NaN,NaN,NaN,NaN,0,0,0,0,0,0,0,8,418.75,0
10/07/2025,04,5GNR,Central Texas,137,Austin,SCHZ,1379405,KTW_ADAMSVILLE_SOUTH_REPL,2473,1.2,6,501,100,37,37,275.41,0.81,25.35,0.07,0.07,0.02,1.57,7.89,10.21,323.54,0,1.49,10.41,0.06,1.11,0,NaN,0,0,NaN,NaN,NaN,NaN,0,0,NaN,0,0,NaN,NaN,NaN,NaN,NaN,0,NaN,0,NaN,NaN,NaN,NaN,0,0,0,0,0,0,0,114,324.96,0
10/07/2025,04,5GNR,Central Texas,137,Austin,SCHZ,1379405,KTW_ADAMSVILLE_SOUTH_REPL,3473,10.48,86,821,100,230,230,3424.79,0.68,164.24,0.04,0.06,0.33,2.38,7.75,12.32,3687.5,0,17.21,31,0.07,0.7,1.02,NaN,0,0,NaN,NaN,NaN,NaN,0,0,NaN,0,0,NaN,NaN,NaN,NaN,NaN,0,NaN,0,NaN,NaN,NaN,NaN,0,0,0,0,0,0,0,8,3688.45,0
10/07/2025,04,5GNR,Central Texas,137,Austin,SCHZ,1379405,KTW_BUCHANAN_DAM,2480,4.93,77,1561,100,1333,1331,4112.93,10.14,30.39,1.37,0.94,0.64,0.87,7.9,7.37,4703.55,0.15,319.27,567.09,6.41,0.97,0.19,NaN,0,0.05,NaN,NaN,NaN,0,20,0,0,20,0,3086.93,2332.16,1196.66,951.25,2.07,0,0,0,NaN,40.46,NaN,10.58,0.18,0.17,0,0,0,0.05,1,2146,5251.75,0
10/07/2025,04,5GNR,Central Texas,137,Austin,SCHZ,1379405,KTW_BUCHANAN_DAM,3480,0.56,21,3783,100,2336,2336,22306.83,3.76,106.03,0.92,0.75,0.22,0.46,7.19,12.56,20636.64,0,902.72,1238.34,1.92,1.68,0,NaN,0,0.13,NaN,NaN,NaN,NaN,0,0,NaN,0,0,NaN,NaN,NaN,NaN,NaN,0,NaN,0,NaN,NaN,NaN,NaN,0,0,0,0,0,0,0,803,21086.64,0
10/07/2025,04,5GNR,Central Texas,137,Austin,SCHZ,1379405,KTW_COPPERAS_COVE,2487,0.39,1,256,100,153,153,2038.87,9.55,12.72,2.3,1.73,0.2,4.29,7.51,12.58,1916.46,0,50.71,866.71,3.17,4.46,4.63,NaN,0,0,NaN,NaN,NaN,NaN,0,0,NaN,0,0,NaN,3000,1500,0,NaN,0,0,0,NaN,NaN,NaN,NaN,0,0,0,0,0,0,0,724,1990.21,0
10/07/2025,04,5GNR,Central Texas,137,Austin,SCHZ,1379405,KTW_COPPERAS_COVE,3487,0.26,5,1943,100,1586,1586,28382.78,3.46,219.48,1.39,0.98,0.17,0.21,7.67,15.8,23692.37,0,810.61,2372.23,4,5.74,0.59,NaN,0,0.21,0,NaN,0,0,15,0,0,15,0,7241.73,706.66,697.76,1571.38,74.5,0.02,0,0.08,NaN,0.59,NaN,220.68,775.73,685.53,0,0,0,0.07,1,1507,28605.38,0
10/07/2025,04,5GNR,Central Texas,137,Austin,SCHZ,1379405,KTW_COPPER_MOUNTAIN,2486,1.19,1,84,100,53,53,169.77,0.5,16.2,0.1,0.09,0.04,14.62,8.42,11.88,32.93,0,7.37,52.26,0.25,7.74,0,NaN,0,0.16,NaN,NaN,NaN,0,2,0,0,2,0,3127.66,1071.43,567.31,1250,NaN,0,0,0,NaN,0,NaN,0,0.01,0.01,0,0,0,0,0,496,312.43,0
10/07/2025,04,5GNR,Central Texas,137,Austin,SCHZ,1379405,KTW_COPPER_MOUNTAIN,3486,0.25,11,4369,100,2981,2981,59528.55,7.49,148.51,1.09,0.97,0.64,0.76,7.47,15.09,52934.5,0,1789.43,3829.6,6.33,3.45,0,NaN,0,0.06,0,NaN,0,0,15,0,0,15,0,7473.53,669.19,670.57,1316.53,20.48,0,0,0,NaN,0,NaN,0,0.16,0.09,0,0,0,0.03,1,3573,59744.93,0
10/07/2025,04,5GNR,Central Texas,137,Austin,SCHZ,1379405,KTW_FM2313,2982,0.37,4,1094,100,999,999,6140.81,17.64,16.87,3.32,2.54,0.48,2.58,7.54,12.45,4054.89,0,281.05,630.37,2.36,6.12,0.41,NaN,0,0.2,NaN,NaN,NaN,NaN,0,0,NaN,0,0,NaN,NaN,NaN,NaN,NaN,0,NaN,0,NaN,NaN,NaN,NaN,0,0,0,0,0,0,0,1004,8913.19,0
10/07/2025,04,5GNR,Central Texas,137,Austin,SCHZ,1379405,KTW_FM2313,3982,2.44,17,696,100,571,571,12441.28,3.52,106.27,0.63,0.47,0.04,0.15,7.41,10.19,9379.64,0,1372.18,1652.58,3.59,3.16,0,NaN,0,0.7,0,NaN,0,NaN,0,0,NaN,0,0,NaN,NaN,NaN,NaN,NaN,0,NaN,0,NaN,NaN,NaN,NaN,0,0,0,0,0,0,0,143,9443.62,0
10/07/2025,04,5GNR,Central Texas,137,Austin,SCHZ,1379405,KTW_GRANDON,2713,1.33,3,226,100,118,118,1756.78,3.59,71.92,0.14,0.12,0.08,7.75,8.16,10.12,1583.65,0,34.53,110.17,1.5,1.58,0,NaN,0,0,NaN,NaN,NaN,0,2,0,0,2,0,3000,1166.67,583.33,0,NaN,0,0,0,NaN,0,NaN,0,0,0,0,0,0,0,0,931,2608.16,0
10/07/2025,04,5GNR,Central Texas,137,Austin,SCHZ,1379405,KTW_GRANDON,3713,0.55,4,725,100,450,450,6288.7,1.05,99.74,0.11,0.09,0.05,0.83,7.82,16.52,4457.55,0,280.39,607.22,0.83,11.04,0,NaN,0,0,0,NaN,0,0,1,0,0,1,0,7237.2,645.92,725.91,1423.05,263.69,0,0,0,NaN,31.57,NaN,0,5.85,0.59,0,0,0,0,0,645,5233.98,0
10/07/2025,04,5GNR,Central Texas,137,Austin,SCHZ,1379405,KTW_GRANITE_SHOALS,2494,0.27,4,1474,100,1218,1217,1804.44,3.72,28.13,0.27,0.23,0.13,0.85,8.03,11.09,495.72,0.08,29.24,175.07,0.99,2.69,0.33,NaN,0,0.04,NaN,NaN,NaN,NaN,0,0,NaN,0,0,NaN,NaN,NaN,NaN,NaN,0,NaN,0,NaN,NaN,NaN,NaN,0,0,0,0,0,0,0,2774,5932.63,0
10/07/2025,04,5GNR,Central Texas,137,Austin,SCHZ,1379405,KTW_GRANITE_SHOALS,3494,0.26,4,1564,100,1344,1344,16735.35,2.48,102.44,0.02,0.04,0.09,0.6,7.64,12.91,11103.36,0,260.93,603.55,1.1,1.98,0.13,NaN,0,0,0,NaN,0,0,1,0,0,1,0,5750,500,500,0,NaN,0,0,0,NaN,0,NaN,0,0,0,0,0,0,0,0,720,12004.62,0
10/07/2025,04,5GNR,Central Texas,137,Austin,SCHZ,1379405,KTW_HOG_MOUNTAIN,2502,2.54,46,1810,100,685,685,4220,6.27,12.65,4.37,3.45,1.57,NaN,7.71,14.9,2770.23,0,998.67,1715.77,2.64,10.87,0.04,NaN,0,0.04,NaN,NaN,NaN,NaN,0,0,NaN,0,0,3000,2000,1000,0,NaN,0,0,0,NaN,NaN,NaN,NaN,0,0,0,0,0,0,0,2475,4070.09,0
10/07/2025,04,5GNR,Central Texas,137,Austin,SCHZ,1379405,KTW_HOG_MOUNTAIN,3502,3.45,264,7650,100,4537,4535,97980.62,12.46,160.02,1.9,1.83,1.63,0.46,7.5,15.21,83663.13,0.04,5150.02,11468.07,15.88,5.76,0.5,NaN,0,0.14,0,NaN,0,0,6,0,0,6,0,7993.06,1145.89,1540.88,1957.02,125.54,0,0,0,NaN,771.53,NaN,990.68,3.43,0.57,0,0,0,0,0,6012,97208.55,0
10/07/2025,04,5GNR,Central Texas,137,Austin,SCHZ,1379405,KTW_KILLEEN,2507,1.97,20,1016,100,677,677,1364.54,6.08,18.15,3.16,2.47,1.03,3.53,8.49,9.79,1345.63,0,58.92,173.66,1.47,1.9,0.2,NaN,0,0.95,0,NaN,0,NaN,0,0,NaN,0,0,NaN,NaN,NaN,NaN,NaN,0,NaN,0,NaN,NaN,NaN,NaN,0,0,0,0,0,0,0,2066,1997.08,0
10/07/2025,04,5GNR,Central Texas,137,Austin,SCHZ,1379405,KTW_KILLEEN,3507,0.56,16,2850,100,2383,2382,20971.04,2.91,92.63,0.5,0.45,0.31,1.01,7.69,14.91,19005.99,0.04,1798.9,2443.42,3.7,5.87,0,NaN,0,0.07,NaN,NaN,NaN,0,5,0,0,5,0,6597.09,670.93,656.55,1532.13,16.38,0,0,0,NaN,0,NaN,0,0.08,0.05,0,0,0,0,0,1445,20654.86,0
10/07/2025,04,5GNR,Central Texas,137,Austin,SCHZ,1379405,KTW_KILLEEN_NORTH_WT,2508,2.34,23,985,100,531,531,1208.95,4.58,16.33,2.13,1.59,0.72,3.7,8.2,10.16,747.46,0,67.36,256.87,1.66,2.22,0.19,NaN,0,0.3,0,NaN,0,0,2,0,0,2,0,3539.88,2122.45,1064.02,1751.45,7.1,0,0,0,NaN,0,NaN,116.28,0.07,0.03,0,0,0,0,0,2804,1465.34,0
10/07/2025,04,5GNR,Central Texas,137,Austin,SCHZ,1379405,KTW_KILLEEN_NORTH_WT,3508,0.64,27,4210,100,3255,3255,86808.3,10.1,140.02,2.14,1.79,0.51,0.68,7.6,16.31,63964.94,0,3618.86,5171.75,6.85,6.37,0,NaN,0,0,0,NaN,0,0,9,0,0,9,0,7029.41,637.93,628.68,886.96,NaN,0,0,0,NaN,0,NaN,0,0.04,0.02,0,0,0,0,0,2674,86953.5,0
10/07/2025,04,5GNR,Central Texas,137,Austin,SCHZ,1379405,KTW_LAMPASSAS_DT,2512,2.13,16,751,100,565,565,2787.64,5.4,20.62,0.36,0.24,0.12,1.23,8.16,12.31,2210.26,0,294.44,695.41,4.09,3.03,0,NaN,0,0.04,NaN,NaN,NaN,0,4,0,0,4,0,3020.83,2000,1000,1409.09,0,0,0,0,NaN,0,NaN,0,0.01,0.01,0,0,0,0.04,1,2563,3455,0
10/07/2025,04,5GNR,Central Texas,137,Austin,SCHZ,1379405,KTW_LAMPASSAS_DT,3512,1.67,74,4426,100,3971,3971,40384.32,3.78,157.17,1.3,1.19,0.84,0.41,7.71,13.8,34372.55,0,1172,1850.57,3.27,3.2,0.05,NaN,0,0.15,NaN,NaN,NaN,0,1,0,0,1,0,6300,597.56,600,1365.38,NaN,0,0,0,NaN,0,NaN,0,0.01,0.01,0,0,0,0,0,2021,38956.5,0
10/07/2025,04,5GNR,Central Texas,137,Austin,SCHZ,1379405,KTW_LLANO,2514,29.34,49,167,100,127,127,20.54,0.07,24.57,0,0.04,0.64,2.13,7.38,9.2,19.34,0,3.26,6.17,0.04,1.34,0,NaN,0,0,NaN,NaN,NaN,NaN,0,0,NaN,0,0,NaN,NaN,NaN,NaN,NaN,0,NaN,0,NaN,NaN,NaN,NaN,0,0,0,0,0,0,0,13,19.51,0
10/07/2025,04,5GNR,Central Texas,137,Austin,SCHZ,1379405,KTW_LLANO,3514,59.88,497,830,100,262,262,222.62,0.02,319.17,0,0.58,8.2,1.52,7.22,15.07,225.57,0,10.99,19.95,0.02,0.71,NaN,NaN,NaN,NaN,NaN,NaN,NaN,NaN,0,0,NaN,0,0,NaN,NaN,NaN,NaN,NaN,0,NaN,0,NaN,NaN,NaN,NaN,0,0,0,0,0,NaN,0,0,225.57,0
10/07/2025,04,5GNR,Central Texas,137,Austin,SCHZ,1379405,KTW_LOMETA,2516,15.67,63,402,100,233,233,371.95,0.81,26.9,0.09,0.09,0.06,3.79,8.46,11.6,368.84,0,13.34,27.87,0.15,2.21,0,NaN,0,0,NaN,NaN,NaN,NaN,0,0,NaN,0,0,NaN,NaN,NaN,NaN,NaN,0,NaN,0,NaN,NaN,NaN,NaN,0,0,0,0,0,0,0,175,372.22,0
10/07/2025,04,5GNR,Central Texas,137,Austin,SCHZ,1379405,KTW_LOMETA,3516,5.6,27,482,100,347,347,1942.98,0.19,98.02,0.01,0.02,0.08,0.58,7.73,14.72,1832.66,0,81.26,117.99,0.14,0.97,0.64,NaN,0,0,NaN,NaN,NaN,NaN,0,0,NaN,0,0,NaN,NaN,NaN,NaN,NaN,0,NaN,0,NaN,NaN,NaN,NaN,0,0,0,0,0,0,0,23,1837.89,0
10/07/2025,04,5GNR,Central Texas,137,Austin,SCHZ,1379405,KTW_MARBLE_FALLS_NORTH,2520,0,0,320,66.67,171,171,341.2,1.11,29.79,0.21,0.19,0.1,1.72,8.6,10.78,164.14,0,7.95,29.13,0.28,1.2,1.5,NaN,0,0.24,NaN,NaN,NaN,NaN,0,0,NaN,0,0,NaN,NaN,NaN,NaN,NaN,0,NaN,0,NaN,NaN,NaN,NaN,0,0,0,0,0,0,0,409,286.33,0
10/07/2025,04,5GNR,Central Texas,137,Austin,SCHZ,1379405,KTW_MARBLE_FALLS_NORTH,3520,9.33,295,3162,100,2199,2198,14440.4,1.42,85.3,0.43,0.41,0.33,0.55,7.82,16.74,9977.87,0.05,589.81,856.63,1.08,1.95,0.43,NaN,0,0.07,NaN,NaN,NaN,0,1,0,0,1,0,7769.54,641.43,655.5,3927.01,58.98,0,0,0,NaN,0,NaN,5326.09,0.66,0.05,0,0,0,0,0,1474,14203.06,0
10/07/2025,04,5GNR,Central Texas,137,Austin,SCHZ,1379405,KTW_NOLANVILLE,2527,0.54,4,737,100,684,683,6578.78,11.26,55.38,0.53,0.48,0.32,1.67,7.81,14.23,3728.08,0.15,63.63,224.15,0.96,4.65,0.28,NaN,0,0.03,NaN,NaN,NaN,0,1,0,0,1,0,4831.29,2114.29,1503.05,1205.48,29.35,0,0,0,NaN,3147.24,NaN,0,0.18,0.02,0,0,0,0,0,2814,7931.62,0
10/07/2025,04,5GNR,Central Texas,137,Austin,SCHZ,1379405,KTW_NOLANVILLE,3527,0.54,12,2239,66.67,1756,1756,31322.8,6.88,154.21,1.06,1.04,0.99,0.37,7.8,12.39,24717.81,0,2264.35,2940.19,9.61,3.88,1.27,NaN,0,0.05,0,NaN,0,0,1,0,0,1,0,7590.91,810.28,719.7,1320,180.22,0,0,0,NaN,0,NaN,0,0.31,0.21,0,0,0,0,0,2204,29591.08,0
10/07/2025,04,5GNR,Central Texas,137,Austin,SCHZ,1379405,LAMPSON,2573,10.91,68,623,100,541,541,78.66,0.25,14.27,0.05,0.06,0.1,0.97,9.18,12.38,47.87,0,4.38,14.21,0.1,1.37,0,NaN,0,0,NaN,NaN,NaN,NaN,0,0,NaN,0,0,NaN,NaN,NaN,NaN,NaN,0,NaN,0,NaN,NaN,NaN,NaN,0,0,0,0,0,0,0,188,78.98,0
10/07/2025,04,5GNR,Central Texas,137,Austin,SCHZ,1379405,LAMPSON,3573,4.66,11,236,100,183,183,1226.21,0.12,311.47,0.01,0.02,0.19,0.37,8.17,15.14,1210.12,0,38.89,47.75,0.07,2.21,5.66,NaN,0,0,NaN,NaN,NaN,NaN,0,0,NaN,0,0,NaN,NaN,NaN,NaN,NaN,0,NaN,0,NaN,NaN,NaN,NaN,0,0,0,0,0,0,0,10,1212.44,0
10/07/2025,04,5GNR,Central Texas,137,Austin,SCHZ,1379405,LEGION_HWY,2585,1.59,1,63,100,50,50,42.48,0.12,19.74,0.03,0.03,0.02,22.08,8.61,10.88,29.92,0,0.78,6.59,0.04,1.59,4.58,NaN,0,0,NaN,NaN,NaN,NaN,0,0,NaN,0,0,NaN,NaN,NaN,NaN,NaN,0,NaN,0,NaN,NaN,NaN,NaN,0,0,0,0,0,0,0,150,39.45,0
10/07/2025,04,5GNR,Central Texas,137,Austin,SCHZ,1379405,LEGION_HWY,3585,7,25,357,100,131,131,1112.81,0.15,174.2,0.01,0.04,0.34,0.36,7.66,10.57,1066.06,0,19.24,29.49,0.07,0.83,1.14,NaN,0,0,NaN,NaN,NaN,NaN,0,0,NaN,0,0,NaN,NaN,NaN,NaN,NaN,0,NaN,0,NaN,NaN,NaN,NaN,0,0,0,0,0,0,0,77,1107.08,0
10/07/2025,04,5GNR,Central Texas,137,Austin,SCHZ,1379405,LOOKOUT,3324,0.12,4,3357,100,2401,2401,51034.8,6.38,263.59,0.88,0.86,0.8,1.15,8,15.9,33968.38,0,1222.38,2441.23,4.23,4.09,0.15,NaN,0,0.06,NaN,NaN,NaN,0,3,0,0,3,0,7201.83,786.59,775.23,614.46,NaN,0,0,0,NaN,148.15,NaN,0,0.04,0.01,0,0,0,0.03,1,3277,50222.71,0
10/07/2025,04,5GNR,Central Texas,137,Austin,SCHZ,1379405,MALIBU,2326,0,0,83,100,31,31,363.52,1.23,23.35,0.23,0.19,0.05,2.63,7.62,10.86,33.02,0,0.77,50.82,0.28,2.54,0,NaN,0,0.37,0,NaN,0,0,8,0,0,8,0,3556.44,2068.63,2494.02,875.59,15.68,0,0,0,NaN,6419.08,NaN,207.97,3.08,0.19,0,0,0,0,0,999,4073.12,0
10/07/2025,04,5GNR,Central Texas,137,Austin,SCHZ,1379405,MALIBU,3326,0.37,9,2435,100,1638,1638,28482.16,5.61,143.32,0.42,0.43,0.45,0.76,7.74,15.37,21066.58,0,1162.01,1662.05,2.19,6.47,0.28,NaN,0,0,0,NaN,0,0,3,0,0,3,0,8346.73,702.83,1470.19,1378.15,NaN,0,0,0,NaN,0,NaN,0,0.03,0.03,0,0,0,0,0,1664,24552.73,0
10/07/2025,04,5GNR,Central Texas,137,Austin,SCHZ,1379405,MARBLE_FALLS,2437,11.99,32,267,100,188,188,658.85,2.04,19.45,0.65,0.53,0.26,6.01,8.08,11.17,281.5,0,28.48,97.07,0.66,1.46,0.48,NaN,0,0.06,0,NaN,0,NaN,0,0,NaN,0,0,NaN,NaN,NaN,NaN,NaN,0,NaN,0,NaN,NaN,NaN,NaN,0,0,0,0,0,0.27,4,1508,751.23,0
10/07/2025,04,5GNR,Central Texas,137,Austin,SCHZ,1379405,MARBLE_FALLS,3437,7.4,644,8704,100,7084,7032,61924.47,9.35,139.91,1.64,1.29,0.3,0.47,7.51,11.97,60765.66,0.73,2643.64,3350.5,6.27,2.72,0.17,NaN,0,0,NaN,NaN,NaN,NaN,0,0,NaN,0,0,NaN,NaN,NaN,NaN,NaN,0,NaN,0,NaN,NaN,NaN,NaN,0,0,0,0,0,0.18,2,1106,62132.81,0
10/07/2025,04,5GNR,Central Texas,137,Austin,SCHZ,1379405,MCNAIR_VILLAGE,3363,0,0,159,100,55,55,1505.38,0.4,64.5,0,0,0.03,0,7.37,13.95,1477.69,0,56.9,83.03,0.12,1.58,0,NaN,0,0.66,NaN,NaN,NaN,NaN,0,0,NaN,0,0,NaN,NaN,NaN,NaN,NaN,0,NaN,0,NaN,NaN,NaN,NaN,0,0,0,0,0,0,0,154,1487.84,0
10/07/2025,04,5GNR,Central Texas,137,Austin,SCHZ,1379405,MILANO,3441,0.86,24,2806,100,2636,2636,22311.03,3.8,169.04,0.59,0.93,1.86,0.5,7.69,14,19061.45,0,812.88,1392.6,3.29,4.96,0.3,NaN,0,0,NaN,NaN,NaN,0,4,0,0,4,0,5781.25,593.75,593.75,0,NaN,0,0,0,NaN,0,NaN,0,0,0,0,0,0,0,0,987,22016.93,0
10/07/2025,04,5GNR,Central Texas,137,Austin,SCHZ,1379405,MOHAWK,2581,2.62,12,458,100,289,289,468.68,1.31,28.15,0.2,0.16,0.08,3.11,8.27,10.69,241.44,0,44.5,258.73,1.54,6.02,0,NaN,0,0,NaN,NaN,NaN,0,4,0,0,4,0,3324.16,1237.01,804.46,1511,61.71,0,0,0,NaN,1347.01,NaN,252.45,0.64,0.13,0,0,0,0,0,1115,583.83,0
10/07/2025,04,5GNR,Central Texas,137,Austin,SCHZ,1379405,MOHAWK,3581,6.53,77,1179,100,745,745,6777.63,1.26,140.77,0.3,0.33,0.41,0.61,7.52,13.07,4241.23,0,309.7,525.75,0.93,2.55,2.14,NaN,0,0.56,NaN,NaN,NaN,0,9,0,0,9,0,6905.11,661.95,669.09,1306.02,21.56,0,0,0,NaN,8.8,NaN,4.93,0.64,0.7,0,0,0,0,0,387,6552.47,0
10/07/2025,04,5GNR,Central Texas,137,Austin,SCHZ,1379405,MONTAGUE,2443,0.58,6,1039,100,692,692,1977.35,2.98,17.33,1.25,0.97,0.43,0,7.75,10.6,889.41,0,332.9,636.55,1.86,5.58,0.07,NaN,0,0.12,0,NaN,0,0,9,0,0,9,0,3716.76,1474.67,4500.14,1994.22,12.75,0,0,0.01,NaN,76096.41,NaN,29.27,4.23,0.07,0,0,0,0,0,3148,4791.84,0
10/07/2025,04,5GNR,Central Texas,137,Austin,SCHZ,1379405,MONTAGUE,3443,1.17,52,4444,100,2971,2971,48789.65,5.93,152.43,1.27,1.35,1.58,0.35,7.62,13.64,34627.05,0,2106.35,2899.75,5.78,4.73,0.12,100,0,0.18,0,NaN,0,0,1,0,0,1,0,7642.86,1666.67,1678.57,1111.11,NaN,0,0,0,NaN,0,NaN,0,0,0,0,0,0,0.04,1,2334,45277.9,0
10/07/2025,04,5GNR,Central Texas,137,Austin,SCHZ,1379405,MOTOR_POOL,2361,1.38,21,1524,100,1131,1129,1795.28,3.6,8.97,2.41,1.47,0.68,14.29,7.44,9.12,798.87,0.18,390.01,1098.47,4.1,3.17,0,NaN,0,0.15,0,NaN,0,0,20,0,0,20,0,3326.91,1046.37,931.23,4592.59,28.52,0,0,0.02,NaN,2058.79,NaN,170.19,11.78,44.28,0,0,0,0.05,2,4034,1845.05,0
10/07/2025,04,5GNR,Central Texas,137,Austin,SCHZ,1379405,MOTOR_POOL,3361,1.49,68,4576,100,3388,3388,43976.75,8.11,179.38,0.39,0.44,0.54,0.73,7.79,13.83,34772.39,0,1132.39,2748.18,6.28,3.11,0.12,NaN,0,0.09,0,NaN,0,0,65,0,0,65,0,7535.4,685.89,859.9,2103.26,106.96,0,0,0,NaN,273.29,NaN,19.44,13.08,5.36,0,0,0,0,0,5761,43381.11,0
10/07/2025,04,5GNR,Central Texas,137,Austin,SCHZ,1379405,MULLIN_WCW,2779,8.33,3,36,100,23,23,12.11,0.03,15.39,0.01,0.01,0,6.45,8.74,11.27,11.7,0,0.99,1.97,0.02,0.45,0,NaN,0,0,NaN,NaN,NaN,NaN,0,0,NaN,0,0,NaN,NaN,NaN,NaN,NaN,0,NaN,0,NaN,NaN,NaN,NaN,0,0,0,0,0,0,0,24,11.76,0
10/07/2025,04,5GNR,Central Texas,137,Austin,SCHZ,1379405,MULLIN_WCW,3779,6.99,10,143,100,39,39,384.75,0.05,177.96,0.01,0.04,0.46,1.62,7.92,14.91,380.4,0,15.82,21.43,0.05,0.4,0,NaN,0,0,NaN,NaN,NaN,NaN,0,0,NaN,0,0,NaN,NaN,NaN,NaN,NaN,0,NaN,0,NaN,NaN,NaN,NaN,0,0,0,0,0,0,0,15,380.57,0
10/07/2025,04,5GNR,Central Texas,137,Austin,SCHZ,1379405,N_SAN_SABA_WCW,2770,33.33,1,3,100,2,2,0.06,0,NaN,0,0,0,0,8.29,2.67,0.06,0,0,0,0,NaN,NaN,NaN,NaN,NaN,NaN,NaN,NaN,NaN,0,0,NaN,0,0,NaN,NaN,NaN,NaN,NaN,0,NaN,0,NaN,NaN,NaN,NaN,0,0,0,0,0,NaN,0,0,0.06,0
10/07/2025,04,5GNR,Central Texas,137,Austin,SCHZ,1379405,N_SAN_SABA_WCW,3770,47.37,9,19,100,6,6,0.11,0,NaN,0,0.01,9.93,4.62,11.18,12.08,0.18,0,0.02,0.06,0,0.07,0,NaN,0,0,NaN,NaN,NaN,NaN,0,0,NaN,0,0,NaN,NaN,NaN,NaN,NaN,0,NaN,0,NaN,NaN,NaN,NaN,0,0,0,0,0,0,0,5,0.18,0
10/07/2025,04,5GNR,Central Texas,137,Austin,SCHZ,1379405,OAKALLA,2724,0.84,8,954,100,727,727,1829.85,4.46,25.8,0.79,0.56,0.26,1.12,7.69,12.73,1926.77,0,823.89,1153.98,4,8.07,2.07,NaN,0,0.07,0,NaN,0,NaN,0,0,NaN,0,0,3000,2281.25,1140.62,5529.41,NaN,0,0,0,NaN,0,NaN,0,0,0,0,0,0,0,0,1171,1955.68,0
10/07/2025,04,5GNR,Central Texas,137,Austin,SCHZ,1379405,OAKALLA,3724,0.55,10,1831,66.67,1465,1465,13263.41,6.14,107.26,1.04,2.25,4.94,0.33,7.6,14.64,12649.73,0,985.16,1168.36,4.65,2.18,0.82,NaN,0,0,NaN,NaN,NaN,0,1,0,0,1,0,6400,1390.91,1359.65,3945.45,NaN,0,0,0,NaN,895.83,NaN,0,0.01,0.01,0,0,0,0,0,392,12961.95,0
10/07/2025,04,5GNR,Central Texas,137,Austin,SCHZ,1379405,OWL_CREEK,2391,36.08,35,97,100,55,55,65.21,0.16,30.7,0.01,0.01,0.02,11.76,8.73,8.83,35.79,0,2.45,35.4,0.21,0.82,0,NaN,0,0,NaN,NaN,NaN,NaN,0,0,NaN,0,0,NaN,2000,1000,0,NaN,0,0,0,NaN,NaN,NaN,NaN,0,0,0,0,0,0,0,190,104.8,0
10/07/2025,04,5GNR,Central Texas,137,Austin,SCHZ,1379405,OWL_CREEK,3391,0,0,49,100,29,29,285.35,0.06,120.63,0,0.01,0.18,1.11,8.39,17.88,233.7,0,11.82,25.03,0.03,1.16,0,NaN,0,0,NaN,NaN,NaN,NaN,0,0,NaN,0,0,NaN,NaN,NaN,NaN,NaN,0,NaN,0,NaN,NaN,NaN,NaN,0,0,0,0,0,0,0,9,239.04,0
10/07/2025,04,5GNR,Central Texas,137,Austin,SCHZ,1379405,PERSHING,2448,0,0,192,100,144,144,1664.06,2.97,31.5,0.51,0.43,0.17,2.47,8.25,15.25,1318.17,0,85.72,203.62,0.6,8.93,0,NaN,0,0.13,NaN,NaN,NaN,0,3,0,0,3,0,3045.45,1409.09,673.08,772.73,NaN,0,0,0,NaN,0,NaN,0,0,0,0,0,0,0,0,1486,1836.76,0
10/07/2025,04,5GNR,Central Texas,137,Austin,SCHZ,1379405,PERSHING,3448,0.5,32,6410,100,4658,4656,71518.7,11.04,138.33,0.17,0.38,0.98,0.77,7.71,14.32,53385.66,0.04,2764.55,7583.17,15.38,4.94,0.09,NaN,0,0.23,0,NaN,0,0,29,0,0,29,0,8386.56,773.72,926.02,2231.7,48.61,0,0,0,NaN,122.97,NaN,39.33,4.41,1.27,0,0,0,0.03,2,7191,70481.93,0
10/07/2025,04,5GNR,Central Texas,137,Austin,SCHZ,1379405,PHILLIPS_RANCH_RELO,3209,0.12,6,5102,100,4879,4879,48313.21,4.47,227.5,1.84,1.4,0.22,0.37,7.62,15.03,40045.44,0,2844.2,3950.24,4.56,5.97,0,NaN,0,0,NaN,NaN,NaN,0,6,0,0,6,0,6520.83,708.33,708.33,0,NaN,0,0,0,NaN,0,NaN,0,0,0,0,0,0,0,0,1611,47614.82,0
10/07/2025,04,5GNR,Central Texas,137,Austin,SCHZ,1379405,PIDCOKE,2450,28.19,440,1561,100,978,978,2746.95,8.04,72.53,0.34,0.27,0.09,0.5,7.83,8.3,2444.22,0,23.87,72.57,0.53,0.6,3.41,NaN,0,0.13,NaN,NaN,NaN,0,1,0,0,1,0,NaN,NaN,NaN,0,NaN,0,NaN,0,NaN,NaN,NaN,0,0,0,0,0,0,0,0,595,6285.7,0
10/07/2025,04,5GNR,Central Texas,137,Austin,SCHZ,1379405,PIDCOKE,3450,21.65,735,3395,100,2503,2503,17624.37,4.33,270.06,0.31,0.5,1.15,0.82,8.05,14.27,8459.81,0,300.33,497.68,0.95,3.82,0.28,NaN,0,0,NaN,NaN,NaN,0,3,0,0,3,0,7173,650.54,652.08,2410.85,0,0,0,0,NaN,55.56,NaN,0,0.08,0.05,0,0,0,0,0,752,14008.59,0
10/07/2025,04,5GNR,Central Texas,137,Austin,SCHZ,1379405,PONOTOC_WCW,2781,0,0,8,100,4,4,8.25,0.02,34.59,0,0,0,6.25,7.9,11.73,0.21,0,0.01,0.72,0,2.11,0,NaN,0,0,NaN,NaN,NaN,NaN,0,0,NaN,0,0,NaN,NaN,NaN,NaN,NaN,0,NaN,0,NaN,NaN,NaN,NaN,0,0,0,0,0,0,0,33,8.31,0
10/07/2025,04,5GNR,Central Texas,137,Austin,SCHZ,1379405,PONOTOC_WCW,3781,1.72,1,58,100,42,42,122.81,0.02,109.36,0,0.01,0.24,0.34,8.44,12.98,118.1,0,7.6,9.86,0.02,0.44,0,NaN,NaN,NaN,NaN,NaN,NaN,NaN,0,0,NaN,0,0,NaN,NaN,NaN,NaN,NaN,0,NaN,0,NaN,NaN,NaN,NaN,0,0,0,0,0,NaN,0,0,120.1,0
10/07/2025,04,5GNR,Central Texas,137,Austin,SCHZ,1379405,PREMIER_REPL,2788,5.78,31,536,100,376,376,673.05,1.92,34.8,0.51,0.4,0.14,7.72,8.85,11.61,423.44,0,21.22,93.6,0.51,2.13,0.3,NaN,0,0,NaN,NaN,NaN,0,2,0,0,2,0,3000,2000,1000,250,NaN,0,0,0,NaN,0,NaN,0,0,0,0,0,0,0.06,1,1780,806.73,0
10/07/2025,04,5GNR,Central Texas,137,Austin,SCHZ,1379405,PREMIER_REPL,3788,1.13,16,1413,100,825,824,23976.74,3.41,192.49,0.7,0.57,0.19,0.7,7.7,14.1,18231.29,0.12,1519.47,2838.88,4.35,10.53,0.12,NaN,0,0.14,0,NaN,0,0,1,0,0,1,0,16160.71,2500,4196.43,11479.17,NaN,0,0,0,NaN,2634.92,NaN,15386.36,0.03,0.01,0,0,0,0.13,1,748,23599,0
10/07/2025,04,5GNR,Central Texas,137,Austin,SCHZ,1379405,RANCIER_HARRIS,2749,8.82,3,34,100,20,20,14.14,0.11,6.59,0.05,0.05,0.01,3.67,8.59,12.41,9.01,0,1.2,5.77,0.03,2.26,0,NaN,0,0,NaN,NaN,NaN,NaN,0,0,NaN,0,0,NaN,NaN,NaN,NaN,NaN,0,NaN,0,NaN,NaN,NaN,NaN,0,0,0,0,0,0,0,260,13.06,0
10/07/2025,04,5GNR,Central Texas,137,Austin,SCHZ,1379405,RANCIER_HARRIS,3749,0.64,38,5919,100,4949,4948,73159.85,9.56,124.42,1.61,1.48,1.07,0.78,7.52,14.93,66599.47,0.02,3146.22,5976.54,8.56,5.43,0.16,NaN,0,0.37,0,NaN,0,0,1,0,0,1,0,6565.22,3857.14,3673.91,950,NaN,0,0,0,NaN,0,NaN,0,0,0,0,0,0,0,0,2475,73189.33,0
10/07/2025,04,5GNR,Central Texas,137,Austin,SCHZ,1379405,REECES,2453,0.71,3,424,100,78,77,292.79,2.2,18.79,0.88,0.69,0.14,51.8,9.27,13.55,184.19,1.28,35.69,141.81,0.85,4.15,1.39,NaN,0,0.09,NaN,NaN,NaN,0,1,0,0,1,0,3376.29,2490.57,1444.88,357.14,0,0,0,0,NaN,0,NaN,0,0.01,0,0,0,0,0.03,1,3531,248.51,0
10/07/2025,04,5GNR,Central Texas,137,Austin,SCHZ,1379405,REECES,3453,0.8,42,5272,100,2668,2665,30607.65,6.05,159.91,1.01,1.1,1.26,0.96,8.03,14.28,27163.16,0.11,3499.39,5052.84,9.92,5.8,0.61,NaN,0,0.66,0,NaN,0,0,13,0,0,13,0,7752.06,940.4,1146.15,1047.18,288.27,0,0,0.02,NaN,1388.61,NaN,4.4,188.8,1.49,0,0,0,0.05,2,3708,30245.29,0
10/07/2025,04,5GNR,Central Texas,137,Austin,SCHZ,1379405,RICHLAND_SPRINGS_WCW,3771,0,0,2,100,3,3,27.1,0,75.93,0,0,0,0,7.08,18.1,26.18,0,10.01,14.06,0.01,88.4,NaN,NaN,NaN,NaN,NaN,NaN,NaN,NaN,0,0,NaN,0,0,NaN,NaN,NaN,NaN,NaN,0,NaN,0,NaN,NaN,NaN,NaN,0,0,0,0,0,NaN,0,0,26.18,0
10/07/2025,04,5GNR,Central Texas,137,Austin,SCHZ,1379405,ROBERT_GRAY_AIRFIELD,2567,0.62,4,640,100,429,429,1556.65,6.44,12.58,1.86,1.31,0.22,6.46,7.2,10.57,1283.9,0,29.98,169.17,1.17,1.74,0.16,NaN,0,0.05,0,NaN,0,0,2,0,0,2,0,3459.35,2108.43,2116.84,938.81,42.94,0,0,0.01,NaN,17998.18,NaN,48.89,8.16,0.13,0,0,0,0,0,1941,1801.66,0
10/07/2025,04,5GNR,Central Texas,137,Austin,SCHZ,1379405,ROBERT_GRAY_AIRFIELD,3567,0.41,9,2202,100,1674,1674,62599.75,7.08,198.28,1.45,1.17,0.41,0.37,7.62,16.2,51729.98,0,10459.93,15167.97,22.82,12.89,0.05,NaN,0,0.07,0,NaN,0,0,11,0,0,11,0,8299.93,1081.36,1450,2069.84,114.69,0,0,0,NaN,100.64,NaN,210.64,0.81,0.29,0,0,0,0,0,4251,61602.48,0
10/07/2025,04,5GNR,Central Texas,137,Austin,SCHZ,1379405,ROY_REYNOLDS,2373,1.63,5,306,100,123,123,2437.68,5.02,31.03,0.74,0.6,0.29,14.69,9.17,13.67,2243.56,0,159.73,295.5,1.15,9.03,1.89,NaN,0,0.49,NaN,NaN,NaN,0,2,0,0,2,0,3275.4,2007.25,1167.54,363.64,0,0,0,0,NaN,13.99,NaN,0,0.01,0.01,0,0,0,0,0,1161,2456.12,0
10/07/2025,04,5GNR,Central Texas,137,Austin,SCHZ,1379405,ROY_REYNOLDS,3373,0.39,12,3063,100,2225,2225,44083.01,5.93,147.09,1.28,1.11,0.58,0.77,7.67,15.18,34005,0,911.01,3093.89,4.13,3.25,0.55,NaN,0,0.12,0,NaN,0,0,2,0,0,2,0,8654.76,1039.47,1035.71,1569.44,0,0,0,0,NaN,0,NaN,0,0.02,0.01,0,0,0,0,0,2521,43772.08,0
10/07/2025,04,5GNR,Central Texas,137,Austin,SCHZ,1379405,RUTHERFORD,2700,9.71,10,103,100,92,92,388.86,0.51,38.8,0,0,0.03,1.17,8.31,10.38,74.38,0,0.63,24.83,0.12,1.39,0,NaN,0,0.16,NaN,NaN,NaN,NaN,0,0,NaN,0,0,NaN,NaN,NaN,NaN,NaN,0,NaN,0,NaN,NaN,NaN,NaN,0,0,0,0,0,0,0,569,373.12,0
10/07/2025,04,5GNR,Central Texas,137,Austin,SCHZ,1379405,RUTHERFORD,3700,0.62,30,4828,100,4794,4789,28314.28,4.5,151.18,1.15,1.86,3.76,1.23,7.7,13.66,27527.59,0.1,1758.23,2402.36,5.08,3.73,0.68,100,0,0.33,0,NaN,0,0,5,0,0,5,0,6796.95,978.26,855.33,2351.25,NaN,0,0,0,NaN,291.81,NaN,121.36,0.31,0.07,0,0,0,0,0,944,29054.93,0
10/07/2025,04,5GNR,Central Texas,137,Austin,SCHZ,1379405,SAN_SABA_WCW,2772,43.79,74,169,100,96,96,23.79,0.33,19.2,0.42,0.41,0,39.62,8.74,11.14,14.52,0,0.14,7.14,0.07,2.71,0,NaN,0,0,NaN,NaN,NaN,NaN,0,0,NaN,0,0,NaN,NaN,NaN,NaN,NaN,0,NaN,0,NaN,NaN,NaN,NaN,0,0,0,0,0,0,0,252,16.13,0
10/07/2025,04,5GNR,Central Texas,137,Austin,SCHZ,1379405,SAN_SABA_WCW,3772,0.56,3,540,100,537,537,3535.82,0.29,144.77,0.12,0.1,0.03,1.73,8.31,18.27,3250.55,0,352.89,494.54,0.4,3.39,0,NaN,0,0,NaN,NaN,NaN,0,7,0,0,7,0,6367.59,673.91,658.1,1037.97,54.61,0,0,0,NaN,0,NaN,0,0.17,0.02,0,0,0,0,0,463,3512.24,0
10/07/2025,04,5GNR,Central Texas,137,Austin,SCHZ,1379405,SCHLUETER_LOOP,2569,38.89,182,468,100,338,338,667.81,1.86,24.99,0.17,0.16,0.12,16.21,8.14,11.74,277.41,0,29,102.67,0.61,3.23,0,NaN,0,0.19,0,NaN,0,NaN,0,0,NaN,0,0,NaN,NaN,NaN,NaN,NaN,0,NaN,0,NaN,NaN,NaN,NaN,0,0,0,0,0,0,0,1907,660.71,0
10/07/2025,04,5GNR,Central Texas,137,Austin,SCHZ,1379405,SCHLUETER_LOOP,3569,0.65,33,5091,100,3901,3901,122116.79,13.71,154.55,1.64,1.48,0.98,0.39,7.54,15.21,95706.15,0,9490.01,13850.47,19.73,10.41,0.42,NaN,0,0.12,0,NaN,0,0,11,0,0,11,0,8655.03,659.79,663.54,2167.92,38.23,0,0,0,NaN,0,NaN,17.18,0.26,0.14,0,0,0,0.04,3,6705,121280.94,0
10/07/2025,04,5GNR,Central Texas,137,Austin,SCHZ,1379405,SCHWALD_RD,2558,3.57,19,532,100,219,219,5207.23,9.83,19.19,1.75,1.48,0.93,5.06,7.94,12.86,1700.49,0,95.77,263.32,1.13,2.59,0.31,NaN,0,0,0,NaN,0,0,3,0,0,3,0,3288.73,2074.89,1919.12,1370.57,32.69,0,0,0,NaN,12318.03,NaN,225.18,1.27,0.45,0,0,0,0,0,1723,17398.37,0
10/07/2025,04,5GNR,Central Texas,137,Austin,SCHZ,1379405,SCHWALD_RD,3558,0.28,6,2165,100,1675,1675,70593.05,10.51,137.6,1.53,1.64,2.09,0.3,7.49,11.96,50744.66,0,4733.43,5969.29,13.64,6.91,0,NaN,0,0.07,0,NaN,0,0,8,0,0,8,0,7945.79,661.02,1075.7,1765.54,32.77,0,0,0,NaN,0,NaN,0,0.34,0.08,0,0,0,0,0,1555,59439.27,0
10/07/2025,04,5GNR,Central Texas,137,Austin,SCHZ,1379405,SHADY_LOOP,2458,0.89,11,1236,100,1156,1153,5156.35,6.8,39.5,0.05,0.04,0.01,0.54,8.02,12.62,4369.11,0.26,288.25,474.55,1.86,5.21,0.71,NaN,0,0.2,NaN,NaN,NaN,0,2,0,0,2,0,3010,4175,2437.5,836.07,0,0,0,0,NaN,0,NaN,0,0.01,0.01,0,0,0,0,0,1014,5055.37,0
10/07/2025,04,5GNR,Central Texas,137,Austin,SCHZ,1379405,STAGECOACH,2462,0.27,2,740,100,450,450,1326.84,4.91,40.02,2.09,1.55,0.68,8.35,8.33,11.07,3405.9,0,102.76,263.22,1.67,1.82,0.6,NaN,0,0.04,NaN,NaN,NaN,NaN,0,0,NaN,0,0,NaN,NaN,NaN,NaN,NaN,0,NaN,0,NaN,NaN,NaN,NaN,0,0,0,0,0,0.03,1,3568,3644.67,0
10/07/2025,04,5GNR,Central Texas,137,Austin,SCHZ,1379405,STAGECOACH,3462,0.84,37,4386,100,3019,3019,78799.63,10.42,159.46,1.78,1.58,1.04,0.44,7.75,13.88,72472.23,0,3638.88,5072.22,12.08,2.82,0.52,NaN,0,0.07,0,NaN,0,0,36,0,0,36,0,7560.76,683.48,687.42,1227.35,34.59,0,0,0,NaN,17148.95,NaN,6.73,0.68,0.49,0,0,0,0.08,4,4848,77272.72,0
10/07/2025,04,5GNR,Central Texas,137,Austin,SCHZ,1379405,STILLHOUSE,2463,3.58,23,643,100,472,472,1377.33,2.85,40.97,0.5,0.39,0.16,7.94,8.4,12.37,530.11,0,49.08,286.19,1.32,5.22,0.11,NaN,0,0.07,0,NaN,0,0,1,0,0,1,0,3216.89,1113.21,1136.77,1054.05,37.68,0,0,0,NaN,2235.29,NaN,185.19,0.08,0.07,0,0,0,0,0,4014,1602.79,0
10/07/2025,04,5GNR,Central Texas,137,Austin,SCHZ,1379405,STILLHOUSE,3463,1.76,51,2899,100,2210,2210,57851.73,7.75,150.42,2.13,1.83,0.85,0.34,7.41,13.25,51977.7,0,2184.63,5068.82,9.58,4.33,0.02,NaN,0,0.03,NaN,NaN,NaN,0,2,0,0,2,0,9080.23,692.24,1146.82,2775.88,274.13,0,0,0.01,NaN,829.62,NaN,71.04,41.1,1.44,0,0,0,0.08,3,3850,59189.46,0
10/07/2025,04,5GNR,Central Texas,137,Austin,SCHZ,1379405,TAN_TROUGH,2753,0.06,12,20478,100,492,492,2007.3,5.47,37.91,1.35,1.04,0.35,0.97,9.07,13.15,4344.32,0,129.03,257.63,1.34,4.33,0.67,NaN,0,0.05,NaN,NaN,NaN,NaN,0,0,NaN,0,0,NaN,NaN,NaN,NaN,NaN,0,NaN,0,NaN,NaN,NaN,NaN,0,0,0,0,0,0,0,1905,4877.23,0
10/07/2025,04,5GNR,Central Texas,137,Austin,SCHZ,1379405,TAN_TROUGH,3753,0.15,35,23853,100,3337,3337,54641.22,5.12,240.91,0.95,0.87,0.66,0.36,7.92,14.92,47271.65,0,2028.52,3686.79,5.72,6.44,0.15,NaN,0,0,0,NaN,0,NaN,0,0,NaN,0,0,NaN,NaN,NaN,NaN,NaN,0,NaN,0,NaN,NaN,NaN,NaN,0,0,0,0,0,0,0,1582,51353.3,0
10/07/2025,04,5GNR,Central Texas,137,Austin,SCHZ,1379405,VANDERVEER,2717,0,0,355,100,264,264,1781.77,3.61,32.02,0.43,0.36,0.19,0.75,8.29,11.32,862.22,0,55.47,173.84,0.92,2.88,0,NaN,0,0,NaN,NaN,NaN,NaN,0,0,NaN,0,0,NaN,NaN,NaN,NaN,NaN,0,NaN,0,NaN,NaN,NaN,NaN,0,0,0,0,0,0.05,1,1909,1888.78,0
10/07/2025,04,5GNR,Central Texas,137,Austin,SCHZ,1379405,VANDERVEER,3717,0.15,2,1324,100,1272,1272,6428.8,0.87,159.22,0.11,0.11,0.11,0.4,7.89,17.86,5747.4,0,719.74,1004.38,0.85,8.87,0.08,NaN,0,0,NaN,NaN,NaN,0,5,0,0,5,0,7017.54,663.46,701.75,3000,NaN,0,0,0,NaN,0,NaN,0,0.01,0.01,0,0,0,0,0,1161,6197.61,0
10/07/2025,04,5GNR,Central Texas,137,Austin,SCHZ,1379405,VETERANS_MEMORIAL,2568,1.4,2,143,100,70,70,237.89,0.78,24.51,0.49,0.43,0.07,6.78,8.46,14.5,232.81,0,13.44,38.51,0.19,3.02,0,NaN,0,0,NaN,NaN,NaN,NaN,0,0,NaN,0,0,NaN,NaN,NaN,NaN,NaN,0,NaN,0,NaN,NaN,NaN,NaN,0,0,0,0,0,0,0,506,260.08,0
10/07/2025,04,5GNR,Central Texas,137,Austin,SCHZ,1379405,VETERANS_MEMORIAL,3568,1.96,57,2913,100,2203,2203,35678.69,4.49,103.43,0.66,0.56,0.29,0.7,7.64,17.17,23175.91,0,5401.46,7348.84,7.22,16.72,0.18,NaN,0,0.25,NaN,NaN,NaN,0,1,0,0,1,0,10750,578.95,568.18,1190.48,NaN,0,0,0,NaN,0,NaN,0,0,0,0,0,0,0,0,2095,35592.03,0
10/07/2025,04,5GNR,Central Texas,137,Austin,SCHZ,1379405,WATSON,2469,40.14,224,558,100,362,362,1007.82,1.87,72.18,0.15,0.12,0.04,0.75,7.39,10.32,1342.69,0,58.73,90.98,0.44,1.49,0.46,NaN,0,0,NaN,NaN,NaN,NaN,0,0,NaN,0,0,NaN,NaN,NaN,NaN,NaN,0,NaN,0,NaN,NaN,NaN,NaN,0,0,0,0,0,0,0,448,1352.36,0
10/07/2025,04,5GNR,Central Texas,137,Austin,SCHZ,1379405,WATSON,3469,37.27,161,432,100,158,158,2939.43,0.28,253.76,0.01,0.03,0.23,0.3,7.53,13.99,2484.25,0,73.41,95.79,0.12,2.31,2.22,NaN,0,0,NaN,NaN,NaN,NaN,0,0,NaN,0,0,NaN,NaN,NaN,NaN,NaN,0,NaN,0,NaN,NaN,NaN,NaN,0,0,0,0,0,0,0,35,2542.74,0
10/07/2025,04,5GNR,Central Texas,137,Austin,SCHZ,1379405,W_GOLDTHWAITE_WCW,3705,0,0,10,100,10,10,13.4,0,112.96,0,0,0,1.26,9.75,13.99,13.19,0,0.14,0.2,0,0.15,NaN,NaN,NaN,NaN,NaN,NaN,NaN,NaN,0,0,NaN,0,0,NaN,NaN,NaN,NaN,NaN,0,NaN,0,NaN,NaN,NaN,NaN,0,0,0,0,0,NaN,0,0,13.19,0
10/07/2025,04,5GNR,Central Texas,137,Austin,SCHZ,1379406,137388_4G5G_LT_SPRING_VALLEY_HWY,2388,3.45,7,203,100,71,71,786.44,2.1,25.47,0.2,0.17,0.05,5.12,8.42,12.44,684.21,0,30.74,66.04,0.32,3.3,2.03,NaN,0,0,NaN,NaN,NaN,NaN,0,0,NaN,0,0,NaN,NaN,NaN,NaN,NaN,0,NaN,0,NaN,NaN,NaN,NaN,0,0,0,0,0,0,0,1143,776.81,0
10/07/2025,04,5GNR,Central Texas,137,Austin,SCHZ,1379406,137804_4G5G_LT_ECHOLS,2804,0.66,4,603,100,404,404,174.5,0.45,30.92,0.05,0.05,0.04,3.49,7.78,11.84,144.06,0,10.9,27.94,0.19,1.73,6.11,NaN,0,0,NaN,NaN,NaN,NaN,0,0,NaN,0,0,NaN,NaN,NaN,NaN,NaN,0,NaN,0,NaN,NaN,NaN,NaN,0,0,0,0,0,0,0,238,170.3,0
10/07/2025,04,5GNR,Central Texas,137,Austin,SCHZ,1379406,ABBOTT,2401,35.26,299,848,100,482,482,786.07,1.81,36,0.19,0.17,0.11,4.42,8.57,12.07,666.53,0,27.15,68.03,0.36,2.22,0.21,NaN,0,0,0,NaN,0,NaN,0,0,NaN,0,0,NaN,NaN,NaN,NaN,NaN,0,NaN,0,NaN,NaN,NaN,NaN,0,0,0,0,0,0,0,547,1003.52,0
10/07/2025,04,5GNR,Central Texas,137,Austin,SCHZ,1379406,ABBOTT,3401,3.03,42,1387,100,646,644,9804.64,1.47,102.82,0.11,0.15,0.24,0.99,8.33,15.59,7721.92,0.31,151.02,281.34,0.55,1.04,0.64,NaN,0,0,0,NaN,0,0,6,0,0,6,0,6246.38,669.64,648.94,775.51,NaN,0,0,0,NaN,0,NaN,0,0.57,0.05,0,0,0,0.18,1,564,9296.74,0
10/07/2025,04,5GNR,Central Texas,137,Austin,SCHZ,1379406,AQUILLA,2259,4.71,19,403,100,324,324,1756.51,3.81,37.96,0.19,0.17,0.13,0.51,8.63,11.79,1617.63,0,53.28,123.13,0.61,3.2,2.28,NaN,0,0.09,NaN,NaN,NaN,NaN,0,0,NaN,0,0,NaN,NaN,NaN,NaN,NaN,0,NaN,0,NaN,NaN,NaN,NaN,0,0,0,0,0,0,0,914,1866.06,0
10/07/2025,04,5GNR,Central Texas,137,Austin,SCHZ,1379406,AQUILLA,3259,2.01,15,745,100,607,607,4702.26,0.73,150.77,0.12,0.12,0.11,0.94,7.48,13.52,4391.3,0,244.26,344.66,0.41,2.99,0.32,NaN,0,0,NaN,NaN,NaN,NaN,0,0,NaN,0,0,NaN,NaN,NaN,NaN,NaN,0,NaN,0,NaN,NaN,NaN,NaN,0,0,0,0,0,0,0,182,4494.53,0
10/07/2025,04,5GNR,Central Texas,137,Austin,SCHZ,1379406,AXTELL,2402,2.61,8,306,100,187,187,662.03,2.12,64.93,0.16,0.26,0.52,15.56,7.89,12.49,960.12,0,26.33,100.29,0.6,1.97,0.7,NaN,0,0,NaN,NaN,NaN,NaN,0,0,NaN,0,0,NaN,NaN,NaN,NaN,NaN,0,NaN,0,NaN,NaN,NaN,NaN,0,0,0,0,0,0.1,2,2035,1225.59,0
10/07/2025,04,5GNR,Central Texas,137,Austin,SCHZ,1379406,AXTELL,3402,6.44,56,870,100,657,656,7396.24,1.22,135.25,0.45,0.66,1.17,1.55,7.04,12.29,6643.96,0.15,282.15,364.62,0.7,1.26,4.42,NaN,0,14.21,NaN,NaN,NaN,NaN,0,0,NaN,0,0,NaN,NaN,NaN,NaN,NaN,0,NaN,0,NaN,NaN,NaN,NaN,0,0,0,0,0,1,5,502,6723.29,0
10/07/2025,04,5GNR,Central Texas,137,Austin,SCHZ,1379406,BAYLOR_UNIVERSITY,2403,7.46,22,295,100,191,191,1227.25,4.68,36.16,1.41,1.02,0.29,1.76,8.18,12.35,553.55,0,40.81,256.24,1.36,5.44,0.09,NaN,0,0.21,0,NaN,0,0,10,0,0,10,0,4524.83,1225.49,715.69,2262.75,NaN,0,0,0,NaN,1942.65,NaN,31.5,0.1,0.08,0,0,0,0.04,2,4549,2103.39,0
10/07/2025,04,5GNR,Central Texas,137,Austin,SCHZ,1379406,BAYLOR_UNIVERSITY,3403,0.99,12,1207,100,655,655,12322.33,2.1,125.72,0.41,0.38,0.31,0.58,7.79,12.79,7700.48,0,834.06,2735.18,5.83,7.87,0.24,NaN,0,0.19,NaN,NaN,NaN,0,30,0,0,30,0,7693.74,678.25,919.03,1442.72,207.83,0,0,0,NaN,555.56,NaN,64.66,23.74,1.76,0,0,0,0,0,3225,11217.6,0
10/07/2025,04,5GNR,Central Texas,137,Austin,SCHZ,1379406,BEVERLY_HILLS,2407,3.63,23,633,100,317,317,2818.07,7.68,28.63,1.53,1.15,0.64,2.83,7.99,12.5,1964.07,0,318.57,656.21,3.29,2.85,0.04,NaN,0,0.11,0,NaN,0,0,8,0,0,8,0,3195.65,2146.67,1190,1939.02,0,0,0,0,NaN,0,NaN,74.07,0.02,0.01,0,0,0,0.06,3,4985,4041.55,0
10/07/2025,04,5GNR,Central Texas,137,Austin,SCHZ,1379406,BEVERLY_HILLS,3407,0.56,23,4139,100,2910,2909,41839.26,6.5,121.15,0.12,0.16,0.24,0.77,7.85,13.94,27238.89,0.03,3584.71,5955.55,12.46,3.49,0.16,NaN,0,0.26,0,NaN,0,0,18,0,0,18,0,7465.73,664.09,701.95,955.69,130.37,0,0,0,NaN,0,NaN,65.04,4.07,5.11,0,0,0,0.03,1,3531,38981.18,0
10/07/2025,04,5GNR,Central Texas,137,Austin,SCHZ,1379406,BROWNSLAKE,2780,6.45,95,1473,100,1119,1119,3824.71,13.87,14.77,5.98,4.45,2.52,36.01,7.94,11.3,2532.95,0,174.9,529.26,3.17,1.67,1.02,NaN,0,2.02,0,NaN,0,0,5,0,0,5,0,3295.19,1193.26,674.29,4922.83,8.06,0.01,0,0.23,NaN,54.6,NaN,86.56,47.44,42.52,0,0,0,0,0,2371,3998.46,0
10/07/2025,04,5GNR,Central Texas,137,Austin,SCHZ,1379406,BROWNSLAKE,3780,0.74,9,1209,100,720,720,8018.84,1.62,111.04,0.18,0.17,0.15,1.33,7.59,14.32,6615.32,0,228.89,365.19,0.73,1.88,1.41,NaN,0,0.28,NaN,NaN,NaN,NaN,0,0,NaN,0,0,6750,1000,1000,0,NaN,0,0,0,NaN,0,NaN,0,0,0,0,0,0,0,0,369,7538.72,0
10/07/2025,04,5GNR,Central Texas,137,Austin,SCHZ,1379406,CHALK_BLUFF,2575,0,0,293,100,243,243,404.76,1.24,16.66,0.15,0.13,0.06,0.63,8.09,10.8,246.16,0,2.94,39.67,0.27,1.46,0.1,NaN,0,0.09,NaN,NaN,NaN,0,2,0,0,2,0,3500,1964.29,1046.51,1236.11,9.68,0,0,0,NaN,279.07,NaN,0,0.04,0.01,0,0,0,0.1,1,1022,398.64,0
10/07/2025,04,5GNR,Central Texas,137,Austin,SCHZ,1379406,CHALK_BLUFF,3575,0.69,4,582,100,445,445,15113.21,2.22,200.85,0.23,0.2,0.07,0.56,7.52,15.79,9724.46,0,202.77,1581.93,1.09,26.14,0,NaN,0,0,0,NaN,0,NaN,0,0,NaN,0,0,NaN,NaN,NaN,NaN,NaN,0,NaN,0,NaN,NaN,NaN,NaN,0,0,0,0,0,0,0,284,15562.28,0
10/07/2025,04,5GNR,Central Texas,137,Austin,SCHZ,1379406,CLIFTON_EAST,2728,7.78,13,167,100,152,152,1273.9,1.95,70.17,0.06,0.06,0.05,0.26,7.27,12.66,1938.27,0,17.31,56,0.31,1.48,0,NaN,0,0.16,NaN,NaN,NaN,NaN,0,0,NaN,0,0,NaN,NaN,NaN,NaN,NaN,0,NaN,0,NaN,NaN,NaN,NaN,0,0,0,0,0,0,0,597,5658.74,0
10/07/2025,04,5GNR,Central Texas,137,Austin,SCHZ,1379406,CLIFTON_EAST,3728,1.12,13,1161,100,1081,1081,17597.73,3.57,167.27,0.69,0.56,0.17,0.53,7.6,14.85,9990.55,0,305.8,943.01,1.91,3.24,0,NaN,0,0.14,0,NaN,0,NaN,0,0,NaN,0,0,NaN,NaN,NaN,NaN,NaN,0,NaN,0,NaN,NaN,NaN,NaN,0,0,0,0,0,0,0,1439,12941.56,0
10/07/2025,04,5GNR,Central Texas,137,Austin,SCHZ,1379406,COMANCHE_LAW_WCW,3773,4.36,47,1077,100,978,977,15690.22,1.71,184.06,0.57,0.47,0.11,0.11,7.63,12.58,15296.06,0.1,616.37,849.14,1.22,3.26,0,NaN,0,0,NaN,NaN,NaN,NaN,0,0,NaN,0,0,6873.4,681.41,689.58,2394.43,45.88,0,0,0,NaN,273.74,NaN,2407.68,1.11,0.12,0,0,0,0.34,1,292,15978.68,0
10/07/2025,04,5GNR,Central Texas,137,Austin,SCHZ,1379406,DARDEN_DR,2730,0,0,223,100,134,134,762.27,3.87,11.54,1.77,1.44,0.51,11.52,8.03,10.74,232.38,0,3.08,94.11,0.52,1.88,0.42,NaN,0,0,0,NaN,0,NaN,0,0,NaN,0,0,3608.01,1281.73,1927.08,2143.71,44.95,0,0,0.02,NaN,38241.21,NaN,14.84,17.34,0.67,0,0,0,0,0,1511,834.1,0
10/07/2025,04,5GNR,Central Texas,137,Austin,SCHZ,1379406,DARDEN_DR,3730,2.16,51,2366,100,1251,1249,24384.42,4.6,112.53,0.8,0.74,0.63,1.29,7.85,13.21,17955.05,0.16,1398.56,2234.05,4.33,2.62,0.26,NaN,0,0.14,0,NaN,0,0,11,0,0,11,0,7861.3,676.62,996.63,2233.29,197.35,0,0,0.01,NaN,181.76,NaN,31.12,65.85,2.88,0,0,0,0.13,3,2245,23951.77,0
10/07/2025,04,5GNR,Central Texas,137,Austin,SCHZ,1379406,DEWBERRY,2787,3.52,9,256,100,157,157,1097.3,1.92,51.2,0.15,0.13,0.05,18.78,8.11,13.15,922.35,0,21.15,125.25,0.73,5.19,1.28,NaN,0,0.28,0,NaN,0,0,1,0,0,1,0,3102.63,1177.14,597.37,790.7,0,0,0,0,NaN,239.44,NaN,0,0.04,0.02,0,0,0,0,0,1046,1244.31,0
10/07/2025,04,5GNR,Central Texas,137,Austin,SCHZ,1379406,DEWBERRY,3787,3.39,47,1386,100,875,875,13369.03,2.21,153.96,0.19,0.22,0.29,0.88,7.75,12.66,11303.23,0,834.72,1203.2,4.28,2.54,0.18,NaN,0,0.14,0,NaN,0,0,4,0,0,4,0,6534.81,587.52,598.73,7274.68,NaN,0,0,0,NaN,26548,NaN,836.21,0.03,0.04,0,0,0,0.07,1,1506,12821.03,0
10/07/2025,04,5GNR,Central Texas,137,Austin,SCHZ,1379406,FAIRGROUNDS,2418,1.4,2,143,100,91,91,600.27,2.37,15.69,0.79,0.62,0.14,8.74,7.87,10.85,102.71,0,12.01,91.27,0.6,2.42,0.06,NaN,0,0.17,0,NaN,0,0,1,0,0,1,0,3317.18,1230.34,1467.5,739.64,58.58,0,0,0.01,NaN,72989.16,NaN,104.43,7.13,0.16,0,0,0,0,0,1652,652.83,0
10/07/2025,04,5GNR,Central Texas,137,Austin,SCHZ,1379406,FAIRGROUNDS,3418,0.69,42,6102,100,5063,5063,54809.01,8.13,173.53,0.58,0.54,0.45,0.84,7.62,15.21,48484.05,0,4205.05,6082.49,9.65,7.88,0.51,NaN,0,0.1,0,NaN,0,0,2,0,0,2,0,9632.73,1113.64,3940.14,500,NaN,0,0,0,NaN,0,NaN,0,0,0,0,0,0,0,0,2927,55413.52,0
10/07/2025,04,5GNR,Central Texas,137,Austin,SCHZ,1379406,GUSTIN_WCW,3775,6.83,11,161,100,58,58,75.04,0.01,107.72,0,0,0.09,0.26,8,13.73,60.97,0,4.05,9.58,0.02,0.44,10.53,NaN,0,0,NaN,NaN,NaN,0,1,0,0,1,0,7274.43,752.92,766.74,1424.6,46.51,0,0,0,NaN,320.95,NaN,64.55,6.55,0.53,0,0,0,0,0,21,73.54,0
10/07/2025,04,5GNR,Central Texas,137,Austin,SCHZ,1379406,HILLSBORO_NORTHWEST,2564,0.39,1,259,100,259,259,321.4,0.66,43.07,0,0.01,0.02,2.06,8.21,10.47,343.75,0,10.12,29.68,0.18,1.43,1.21,NaN,0,0,0,NaN,0,NaN,0,0,NaN,0,0,NaN,NaN,NaN,NaN,NaN,0,NaN,0,NaN,NaN,NaN,NaN,0,0,0,0,0,0.96,5,521,370.37,0
10/07/2025,04,5GNR,Central Texas,137,Austin,SCHZ,1379406,HILLSBORO_NORTHWEST,3564,0.74,12,1624,100,1348,1348,12395.76,1.73,134.15,0.36,0.44,0.68,0.93,8.04,13.59,11886.25,0,288.49,583.07,0.81,1.17,4.65,NaN,0,0.22,0,NaN,0,NaN,0,0,NaN,0,0,NaN,NaN,NaN,NaN,NaN,0,NaN,0,NaN,NaN,NaN,NaN,0,0,0,0,0,0.11,1,913,12127.08,0
10/07/2025,04,5GNR,Central Texas,137,Austin,SCHZ,1379406,KEMPNER,2431,14.23,109,766,100,658,658,1752.01,4.55,25.62,1.01,0.63,0.23,0.37,7.77,11.29,1748.35,0,559.97,1067.26,4.34,5.88,0,NaN,0.27,0.07,NaN,NaN,NaN,NaN,0,0,NaN,0,0,NaN,NaN,NaN,NaN,NaN,0,NaN,0,NaN,NaN,NaN,NaN,0,0,0,0,0,0,0,1517,5752.64,0
10/07/2025,04,5GNR,Central Texas,137,Austin,SCHZ,1379406,KEMPNER,3431,7.57,182,2404,100,2286,2286,25881.01,2.9,189.96,0.49,0.43,0.24,0.29,7.62,12.78,21104.55,0,435.87,590.2,0.92,1.27,0.26,NaN,0,0,NaN,NaN,NaN,NaN,0,0,NaN,0,0,NaN,NaN,NaN,NaN,NaN,0,NaN,0,NaN,NaN,NaN,NaN,0,0,0,0,0,0.61,9,1484,21567.66,0
10/07/2025,04,5GNR,Central Texas,137,Austin,SCHZ,1379406,KENDALL_LANE,2432,15.5,64,413,100,210,209,890.49,3.83,47.27,2.55,2.01,1.08,6.59,7.79,10.73,2630.78,0.48,61.2,160.36,0.94,1.44,0.4,NaN,0,1.79,NaN,NaN,NaN,0,3,0,0,3,0,3892.16,2017.24,1163.87,1442.11,16.38,0,0,0,NaN,0,NaN,0,0.06,0.02,0,0,0,0.19,4,2134,7188.05,0
10/07/2025,04,5GNR,Central Texas,137,Austin,SCHZ,1379406,KENDALL_LANE,3432,9.98,103,1032,100,585,585,11123.85,2.9,95.35,0.33,0.37,0.64,0.92,7.63,12.92,4439.66,0,82.3,145.5,0.35,1.04,3.31,NaN,0,0,0,NaN,0,0,5,0,0,5,0,6555.56,644.74,651.52,1511.36,32.77,0,0,0,NaN,0,NaN,0,0.02,0.01,0,0,0,0,0,363,4703.22,0
10/07/2025,04,5GNR,Central Texas,137,Austin,SCHZ,1379406,KTW_32ND_STREET,2471,2.57,11,428,100,342,341,1245.19,4.52,29.77,1.68,1.33,0.23,6.94,7.35,9.12,2315.19,0.29,67.99,132.77,0.95,5.48,1.42,NaN,0,0.23,NaN,NaN,NaN,NaN,0,0,NaN,0,0,NaN,NaN,NaN,NaN,NaN,0,NaN,0,NaN,NaN,NaN,NaN,0,0,0,0,0,0.09,1,1088,2329.9,0
10/07/2025,04,5GNR,Central Texas,137,Austin,SCHZ,1379406,KTW_32ND_STREET,3471,0.49,9,1835,100,1278,1278,17352.74,2.48,144.5,0.14,0.15,0.15,0.52,7.64,14.85,15894.33,0,703.75,1010.69,1.74,2.04,0.1,NaN,0,0,NaN,NaN,NaN,0,5,0,0,5,0,6571.43,738.1,738.1,0,NaN,0,0,0,NaN,0,NaN,0,0,0,0,0,0,0,0,1353,16653.36,0
10/07/2025,04,5GNR,Central Texas,137,Austin,SCHZ,1379406,KTW_BAGBY_340_LOOP,3474,1.33,130,9771,100,6034,6034,48631.22,8.55,132.27,0.46,0.75,1.38,1.4,7.73,13.77,38017.35,0,1109.35,3449.91,9.41,1.45,0.7,NaN,0,0.15,0,NaN,0,0,10,0,0,10,0,7958.63,669.29,703.68,2579.44,61.34,0.01,0,0.12,NaN,11.67,NaN,67.85,607.99,743.06,0,0,0,0,0,3990,48038.8,0
10/07/2025,04,5GNR,Central Texas,137,Austin,SCHZ,1379406,KTW_CHINA_SPRINGS,3888,0.58,9,1542,100,1147,1147,13931.94,2.17,119.98,0.5,0.46,0.34,0.57,7.79,13.03,9192.44,0,795.3,1613.09,3.04,7.1,3.57,NaN,0,0,0,NaN,0,0,1,0,0,1,0,7355.43,641.74,650.96,3255.29,143.36,0,0,0,NaN,0,NaN,45.98,0.34,0.16,0,0,0,0.24,2,843,12900.01,0
10/07/2025,04,5GNR,Central Texas,137,Austin,SCHZ,1379406,KTW_CHINA_SPRINGS_REPL,2888,0.51,2,393,100,275,275,632.78,2.52,31.63,0.79,0.63,0.15,1.12,8.47,11.91,1095.68,0,17.44,86.81,0.53,1.69,0.86,NaN,0,0.07,NaN,NaN,NaN,NaN,0,0,NaN,0,0,4944.44,2050,1071.43,4782.61,NaN,0,0,0,NaN,NaN,NaN,NaN,0,0,0,0,0,0,0,2147,1499.77,0
10/07/2025,04,5GNR,Central Texas,137,Austin,SCHZ,1379406,KTW_COOLIDGE,2485,25.21,61,242,100,187,187,117.35,0.4,32.71,0.05,0.05,0.02,42.48,10.27,9.4,77.74,0,0.79,11.95,0.11,1.24,0,NaN,0,0,NaN,NaN,NaN,NaN,0,0,NaN,0,0,NaN,NaN,NaN,NaN,NaN,0,NaN,0,NaN,NaN,NaN,NaN,0,0,0,0,0,0,0,403,124.5,0
10/07/2025,04,5GNR,Central Texas,137,Austin,SCHZ,1379406,KTW_COOLIDGE,3485,0.94,8,851,100,788,788,71643.55,5.88,350.54,0.02,0.04,0.11,0.32,7.55,15.47,67766.09,0,1250.16,1764.43,2.07,3.56,0.63,NaN,0,0.15,0,NaN,0,NaN,0,0,NaN,0,0,NaN,NaN,NaN,NaN,NaN,0,NaN,0,NaN,NaN,NaN,NaN,0,0,0,0,0,0,0,1412,70776.11,0
10/07/2025,04,5GNR,Central Texas,137,Austin,SCHZ,1379406,KTW_GHOLSON_REPL,2975,0.26,1,379,100,344,344,6356.8,12.25,28.96,0.75,0.71,0.57,0.56,7.44,12.27,4428.15,0,239.51,416.36,2.09,4.71,0.21,NaN,0,0,NaN,NaN,NaN,NaN,0,0,NaN,0,0,NaN,NaN,NaN,NaN,NaN,0,NaN,0,NaN,NaN,NaN,NaN,0,0,0,0,0,0.07,1,1440,8426.15,0
10/07/2025,04,5GNR,Central Texas,137,Austin,SCHZ,1379406,KTW_GHOLSON_REPL,3975,1.32,19,1440,100,1284,1283,15323.82,4.62,132.29,0.42,0.35,0.16,1.4,7.56,14.65,11891.33,0.08,405.32,682.51,1.84,2.34,0.3,NaN,0,0,NaN,NaN,NaN,0,1,0,0,1,0,6260,616.44,597.22,1622.64,NaN,0,0,0,NaN,0,NaN,0,0.04,0.03,0,0,0,0.1,1,994,12956.59,0
10/07/2025,04,5GNR,Central Texas,137,Austin,SCHZ,1379406,KTW_GROESBECK_DT_REPL,2597,3.14,5,159,100,159,159,302.99,0.94,33,0.16,0.14,0.04,17.06,8.41,10.97,339.99,0,47.15,87.76,0.48,6.48,1.09,NaN,0,0,NaN,NaN,NaN,0,1,0,0,1,0,3601.74,2000,1485.51,0,NaN,0,0,0,NaN,0,NaN,0,0,0,0,0,0,0,0,1111,355.12,0
10/07/2025,04,5GNR,Central Texas,137,Austin,SCHZ,1379406,KTW_GROESBECK_DT_REPL,3597,0.54,11,2022,100,1987,1987,33010.54,3.3,93.76,1.05,0.97,0.68,0.3,7.7,15.77,23995.06,0,1614.73,2306.9,2.65,2.56,0.23,NaN,0,0.51,0,NaN,0,0,3,0,0,3,0,8308.2,683.68,1191.03,1286.94,233.94,0,0,0,NaN,2937.74,NaN,64.41,47.49,2.61,0,0,0,0,0,2270,33524.03,0
10/07/2025,04,5GNR,Central Texas,137,Austin,SCHZ,1379406,KTW_GROESBECK_REPL,2801,0,0,128,100,105,105,125.5,0.44,16.64,0.07,0.06,0.01,14.06,8.94,13.2,107,0,5.62,22.37,0.13,1.84,0.18,NaN,0,0.26,NaN,NaN,NaN,NaN,0,0,NaN,0,0,NaN,NaN,NaN,NaN,NaN,0,NaN,0,NaN,NaN,NaN,NaN,0,0,0,0,0,0,0,568,121.62,0
10/07/2025,04,5GNR,Central Texas,137,Austin,SCHZ,1379406,KTW_GROESBECK_REPL,3801,8.1,37,457,100,125,125,860.1,0.16,118.08,0.03,0.27,1.34,0.51,7.28,16.17,843.22,0,599.1,713.75,0.6,16.53,0,NaN,0,0,NaN,NaN,NaN,NaN,0,0,NaN,0,0,NaN,NaN,NaN,NaN,NaN,0,NaN,0,NaN,NaN,NaN,NaN,0,0,0,0,0,0,0,264,847.95,0
10/07/2025,04,5GNR,Central Texas,137,Austin,SCHZ,1379406,KTW_HAMILTON_DT_REPL,3805,9.21,114,1238,100,1104,1104,20298.07,2.51,154.33,0.34,0.31,0.17,0.33,7.41,15.27,19855.08,0,499.34,689.98,0.91,1.66,0.81,NaN,0,0,NaN,NaN,NaN,NaN,0,0,NaN,0,0,NaN,NaN,NaN,NaN,NaN,0,NaN,0,NaN,NaN,NaN,NaN,0,0,0,0,0,0.4,1,249,20199.11,0
10/07/2025,04,5GNR,Central Texas,137,Austin,SCHZ,1379406,KTW_HICO,3499,2.37,12,507,100,507,507,2280.86,0.23,100.69,0.05,0.05,0.07,0.15,7.61,14.21,2268.91,0,89.47,129.78,0.16,2.51,0,NaN,0,0,NaN,NaN,NaN,NaN,0,0,NaN,0,0,NaN,NaN,NaN,NaN,NaN,0,NaN,0,NaN,NaN,NaN,NaN,0,0,0,0,0,0,0,157,2275.02,0
10/07/2025,04,5GNR,Central Texas,137,Austin,SCHZ,1379406,KTW_HILLCREST,2500,1.16,13,1118,100,842,841,2694.92,9.71,35.43,2.27,1.71,0.57,4.45,8.39,10.41,5776.77,0.12,103.86,249.66,1.63,1.96,0.46,NaN,0,0,NaN,NaN,NaN,0,5,0,0,5,0,3155.84,2070.18,1307.36,6223.88,18.43,0,0,0,NaN,11298.7,NaN,174.13,0.17,0.03,0,0,0,0,0,2800,5923.15,0
10/07/2025,04,5GNR,Central Texas,137,Austin,SCHZ,1379406,KTW_HILLCREST,3500,0.54,20,3719,100,2919,2918,50369.18,7.06,132.34,0.13,0.2,0.38,0.53,7.78,12.71,42642.66,0.03,2049.92,3044.88,7.25,2.29,0.5,NaN,0,0.13,NaN,NaN,NaN,0,5,0,0,5,0,8832.74,681.48,933.22,2343.76,335.28,0,0,0,NaN,1635.3,NaN,213.11,9.02,0.66,0,0,0,0,0,2514,47278.61,0
10/07/2025,04,5GNR,Central Texas,137,Austin,SCHZ,1379406,KTW_HILLSBORO,2501,2.56,1,39,100,0,0,93.46,0.34,29.22,0.11,0.11,0.15,15.95,8.66,11.64,31.76,NaN,1.33,17.78,0.11,2.56,32.97,NaN,0,0,NaN,NaN,NaN,NaN,0,0,NaN,0,0,NaN,NaN,NaN,NaN,NaN,0,NaN,0,NaN,NaN,NaN,NaN,0,0,0,0,0,0,0,129,82.91,0
10/07/2025,04,5GNR,Central Texas,137,Austin,SCHZ,1379406,KTW_HILLSBORO,3501,2.65,31,1169,100,695,695,9602.81,1.35,103.56,0.05,0.14,0.31,1.39,8.09,15.89,5462.17,0,399.63,743.09,0.93,4.27,0.45,NaN,0,0.16,0,NaN,0,0,8,0,0,8,0,6547.09,643.71,644.76,1641.2,87.38,0,0,0,NaN,118.4,NaN,195.28,2.76,0.96,0,0,0,0.05,1,1976,9257.52,0
10/07/2025,04,5GNR,Central Texas,137,Austin,SCHZ,1379406,KTW_KOSSE_REPL,2866,21.94,52,237,100,189,189,820.56,3.32,32.21,0.83,0.69,0.05,2.85,7.56,10.9,4027.23,0,14.52,45.47,0.29,1.17,0,NaN,0,0,NaN,NaN,NaN,NaN,0,0,NaN,0,0,NaN,NaN,NaN,NaN,NaN,0,NaN,0,NaN,NaN,NaN,NaN,0,0,0,0,0,0,0,239,4085.92,0
10/07/2025,04,5GNR,Central Texas,137,Austin,SCHZ,1379406,KTW_KOSSE_REPL,3866,4.9,22,449,100,374,374,13541.5,1.86,254.36,0.12,0.13,0.17,0.21,7.65,13.3,10146.89,0,165.32,209.55,0.35,3.22,0,NaN,0,0,NaN,NaN,NaN,NaN,0,0,NaN,0,0,NaN,NaN,NaN,NaN,NaN,0,NaN,0,NaN,NaN,NaN,NaN,0,0,0,0,0,0,0,132,10160.67,0
10/07/2025,04,5GNR,Central Texas,137,Austin,SCHZ,1379406,KTW_LAKE_WHITNEY,2510,2.34,11,470,100,417,417,904.72,1.96,63.76,0.37,0.28,0.07,1.35,7.85,12.36,2715.05,0,29.37,151.26,0.71,6.35,0.71,NaN,0,0,NaN,NaN,NaN,NaN,0,0,NaN,0,0,NaN,NaN,NaN,NaN,NaN,0,NaN,0,NaN,NaN,NaN,NaN,0,0,0,0,0,0,0,1461,6641.25,0
10/07/2025,04,5GNR,Central Texas,137,Austin,SCHZ,1379406,KTW_LAKE_WHITNEY,3510,0.58,10,1727,100,1490,1490,26179.38,2.56,120.26,1.16,0.87,0.07,0.16,7.53,13.4,19743.6,0,1447.09,2062.36,2.53,6.91,0.17,NaN,0,0,NaN,NaN,NaN,NaN,0,0,NaN,0,0,NaN,NaN,NaN,NaN,NaN,0,NaN,0,NaN,NaN,NaN,NaN,0,0,0,0,0,0.09,1,1134,20177.19,0
10/07/2025,04,5GNR,Central Texas,137,Austin,SCHZ,1379406,KTW_MCGREGOR_REPL,2789,12.77,113,885,100,640,640,1840.89,4.39,40.14,0.5,0.38,0.15,10.67,8.46,12.01,2036.71,0,64.4,204.55,1.16,2.3,0.77,NaN,0,0.02,NaN,NaN,NaN,0,1,0,0,1,0,3303.92,2000,995.19,1653.33,4.68,0,0,0,NaN,NaN,NaN,NaN,0,0,0,0,0,0,0,3048,2233.25,0
10/07/2025,04,5GNR,Central Texas,137,Austin,SCHZ,1379406,KTW_MCGREGOR_REPL,3789,1.26,43,3415,100,2808,2808,29286.11,4.53,142.87,0.9,0.85,0.72,0.67,8.08,13.93,26043.45,0,1456.54,2438.36,5.3,3.19,1.35,NaN,0,0.13,0,NaN,0,0,5,0,0,5,0,6735.54,704.55,681.82,5906.25,NaN,0,0,0,NaN,0,NaN,0,0.04,0.02,0,0,0,0.06,1,1710,28716.69,0
10/07/2025,04,5GNR,Central Texas,137,Austin,SCHZ,1379406,KTW_MERIDIAN_DT_REPL,2877,41.58,195,469,100,285,285,663.97,1.28,39.98,0.09,0.1,0.17,0.05,8.45,12.89,230.23,0,14.09,32.13,0.16,3.89,0,NaN,0,0,NaN,NaN,NaN,NaN,0,0,NaN,0,0,NaN,NaN,NaN,NaN,NaN,0,NaN,0,NaN,NaN,NaN,NaN,0,0,0,0,0,0,0,408,239.96,0
10/07/2025,04,5GNR,Central Texas,137,Austin,SCHZ,1379406,KTW_MERIDIAN_DT_REPL,3877,10.46,86,822,100,757,757,15253.52,1.56,131.97,0.56,0.47,0.16,0.22,7.59,13.74,12439.34,0,524.26,736.16,0.9,6.06,0,NaN,0,0,NaN,NaN,NaN,NaN,0,0,NaN,0,0,NaN,NaN,NaN,NaN,NaN,0,NaN,0,NaN,NaN,NaN,NaN,0,0,0,0,0,0,0,793,16226.2,0
10/07/2025,04,5GNR,Central Texas,137,Austin,SCHZ,1379406,KTW_MEXIA,3524,1.48,24,1624,100,1515,1515,26761.47,3.28,216.54,0.74,0.63,0.25,0.25,7.44,14.1,25676.91,0,914.12,1255.56,2.15,3.74,0,NaN,0,0.26,NaN,NaN,NaN,NaN,0,0,NaN,0,0,NaN,NaN,NaN,NaN,NaN,0,NaN,0,NaN,NaN,NaN,NaN,0,0,0,0,0,0,0,1149,26437.72,0
10/07/2025,04,5GNR,Central Texas,137,Austin,SCHZ,1379406,KTW_ROBINSON,2533,45.01,176,391,100,250,250,1163.47,3.56,17.5,1.01,0.82,0.34,13.16,8.84,10.1,202.02,0,4.13,96.78,0.7,2.23,0.74,NaN,0,0.15,NaN,NaN,NaN,0,2,0,0,2,0,3480.16,1264.94,1669.14,1424.89,39.47,0,0,0.05,NaN,60727.24,NaN,98.53,25.74,1.02,0,0,0,0.09,1,1141,1602.08,0
10/07/2025,04,5GNR,Central Texas,137,Austin,SCHZ,1379406,KTW_ROBINSON,3533,1.82,109,5979,100,4004,4004,22624.01,3.43,161.74,0.28,0.34,0.48,0.78,7.72,14.47,17555.5,0,955.79,1452.78,2.63,1.37,0.51,NaN,0,0.15,0,NaN,0,0,11,0,0,11,0,8520.04,668,1083,2514.32,173.2,0,0,0,NaN,643.2,NaN,10.45,13.33,1.13,0,0,0,0,0,2107,21914.57,0
10/07/2025,04,5GNR,Central Texas,137,Austin,SCHZ,1379406,KTW_SPEEGLEVILLE,2537,0.63,5,792,100,524,524,3302.71,7.73,22.06,0.54,0.46,0.28,2.26,7.96,11.78,1173.32,0,37.32,223.94,1.66,1.99,1.49,NaN,0,0.1,NaN,NaN,NaN,NaN,0,0,NaN,0,0,NaN,NaN,NaN,NaN,NaN,0,NaN,0,NaN,NaN,NaN,NaN,0,0,0,0,0,0,0,2036,3250.34,0
10/07/2025,04,5GNR,Central Texas,137,Austin,SCHZ,1379406,KTW_TSTC_AIRPORT,2541,0,0,243,100,198,198,740.16,3.09,12.55,2.46,2.01,0.71,0.67,7.96,10.24,427.88,0,28.25,92,0.6,2.75,0,NaN,0,0.17,NaN,NaN,NaN,NaN,0,0,NaN,0,0,NaN,NaN,NaN,NaN,NaN,0,NaN,0,NaN,NaN,NaN,NaN,0,0,0,0,0,0,0,556,4407.34,0
10/07/2025,04,5GNR,Central Texas,137,Austin,SCHZ,1379406,KTW_TSTC_AIRPORT,3541,1.09,8,735,100,512,512,18346.78,3.53,187.5,0.38,0.34,0.23,1.23,7.67,12.05,12795.91,0,572.93,800.03,2.38,2.64,0.65,NaN,0,0.36,NaN,NaN,NaN,NaN,0,0,NaN,0,0,NaN,NaN,NaN,NaN,NaN,0,NaN,0,NaN,NaN,NaN,NaN,0,0,0,0,0,0,0,568,14449.76,0
10/07/2025,04,5GNR,Central Texas,137,Austin,SCHZ,1379406,KTW_VALLEY_MILLS,2542,0.73,3,413,100,338,338,1656.43,2.64,46.14,0.47,0.3,0.05,0.93,8.3,13.19,1333.62,0,117.67,252.47,1.01,1.67,0.13,NaN,0,0.73,0,NaN,0,NaN,0,0,NaN,0,0,NaN,NaN,NaN,NaN,NaN,0,NaN,0,NaN,NaN,NaN,NaN,0,0,0,0,0,0,0,2292,1620.52,0
10/07/2025,04,5GNR,Central Texas,137,Austin,SCHZ,1379406,KTW_WACO_LP340_N_HWY6E,2546,1.31,13,995,100,706,705,2253.83,5.41,21.88,1.02,0.64,0.32,5.02,8.2,10.53,926.81,0.14,45.16,612.43,5.67,2.11,0.09,NaN,0,0.06,NaN,NaN,NaN,0,5,0,0,5,0,3625.36,2685.92,3812.22,2816.15,17.38,0,0,0.18,NaN,112311.56,NaN,80.19,44.28,2.06,0,0,0,0,0,3335,2214.44,0
10/07/2025,04,5GNR,Central Texas,137,Austin,SCHZ,1379406,KTW_WACO_NORTH,2544,0.29,1,344,100,231,231,2368.13,5.63,17.77,0.57,0.49,0.32,2.84,7.59,8.09,261.33,0,11.51,97.09,0.97,1.02,0,NaN,0,0.28,0,NaN,0,0,4,0,0,4,0,4465.75,1126.98,567.57,1529.41,NaN,0,0,0,NaN,0,NaN,0,0.01,0.01,0,0,0,0.1,2,2073,4401.09,0
10/07/2025,04,5GNR,Central Texas,137,Austin,SCHZ,1379406,KTW_WACO_NORTH,3544,1.54,36,2340,100,1596,1596,19354.25,5.53,81.52,1.01,0.82,0.26,0.66,7.94,15.13,14581.62,0,646.57,1251.42,1.89,4.38,0.31,NaN,0,0.2,20,NaN,20,0,5,0,0,5,0,6857.95,682.43,690.72,3686.87,NaN,0,0,0,NaN,0,NaN,84.21,0.03,0.03,0,0,0,0,0,2073,16874.49,0
10/07/2025,04,5GNR,Central Texas,137,Austin,SCHZ,1379406,KTW_WHITNEY_REPL,2596,2.33,21,900,100,865,864,690.84,8.88,9.22,7.57,5.07,1.27,0.78,8.29,11.23,857.16,0.12,86.55,413.7,5.65,4.52,0.37,NaN,0,0.57,NaN,NaN,NaN,0,2,0,0,2,0,4317.31,1976.19,1288.46,1875,0.78,0,0,0,NaN,140,NaN,0,0.01,0.01,0,0,0,0.09,1,1135,893.41,0
10/07/2025,04,5GNR,Central Texas,137,Austin,SCHZ,1379406,KTW_WHITNEY_REPL,3596,10.09,219,2171,100,1662,1662,38893.67,4.2,228.14,1.05,0.87,0.34,0.27,7.52,12.17,34702.24,0,1088.53,1490.54,2.36,1.52,0.38,NaN,0,0,0,NaN,0,NaN,0,0,NaN,0,0,NaN,NaN,NaN,NaN,NaN,0,NaN,0,NaN,NaN,NaN,NaN,0,0,0,0,0,0,0,994,38215.98,0
10/07/2025,04,5GNR,Central Texas,137,Austin,SCHZ,1379406,KTW_WOODWAY_REPL,2549,1.69,14,827,100,590,590,2064.72,7.37,34.43,1.35,0.94,0.31,2.69,7.86,9.81,2739.53,0,90.73,256.79,2.94,1.52,0.52,NaN,0,0.02,NaN,NaN,NaN,0,1,0,0,1,0,3910.26,2027.03,1715.19,2020.41,1.64,0,0,0,NaN,7513.51,NaN,0,0.05,0.01,0,0,0,0,0,3310,3369.88,0
10/07/2025,04,5GNR,Central Texas,137,Austin,SCHZ,1379406,KTW_WOODWAY_REPL,3549,0.98,81,8279,100,6076,6073,35287.33,6.25,155.2,0.78,1.07,1.78,1.07,7.87,11.64,32680.07,0.05,1232.47,1715.96,4.49,1.81,0.71,NaN,0,0.08,NaN,NaN,NaN,0,4,0,0,4,0,6796.61,806.45,686.44,8166.67,NaN,0,0,0,NaN,1685.19,NaN,0,0.04,0.01,0,0,0,0.07,1,1339,33634.9,0
10/07/2025,04,5GNR,Central Texas,137,Austin,SCHZ,1379406,LAMARTINE,3777,1.3,7,539,100,400,398,6516.26,0.76,116.93,0.1,0.09,0.05,0.54,7.5,13.85,6839.71,0.5,1156.85,1995.4,2.77,13.4,0,NaN,0,0,NaN,NaN,NaN,NaN,0,0,NaN,0,0,NaN,NaN,NaN,NaN,NaN,0,NaN,0,NaN,NaN,NaN,NaN,0,0,0,0,0,0,0,131,6894.15,0
10/07/2025,04,5GNR,Central Texas,137,Austin,SCHZ,1379406,LEROY,2366,15.29,24,157,100,114,114,443.79,0.84,30.73,0.05,0.05,0.05,0.62,7.76,11.43,104.58,0,6.24,72.92,0.33,5.03,0.59,NaN,0,0,NaN,NaN,NaN,0,1,0,0,1,0,3504.05,1300,1322,2165.47,17.86,0,0,0,NaN,9618.47,NaN,208.63,0.21,0.02,0,0,0,0,0,882,850.86,0
10/07/2025,04,5GNR,Central Texas,137,Austin,SCHZ,1379406,LEROY,3366,9.85,47,477,100,290,290,7802.11,1.34,152.55,0.08,0.09,0.14,0.65,7.69,12.64,1956.61,0,73.35,130.11,0.22,1.38,0.23,NaN,0,0,NaN,NaN,NaN,0,1,0,0,1,0,6843.37,1000,941.18,6430.56,NaN,0,0,0,NaN,0,NaN,0,0.01,0.01,0,0,0,0,0,422,7150.78,0
10/07/2025,04,5GNR,Central Texas,137,Austin,SCHZ,1379406,LORENA_WEST,2922,2,5,250,100,185,185,1018.74,1.93,34.83,0.12,0.11,0.1,8.65,8.16,9.23,718.7,0,25.44,266.65,2.72,3.42,0.07,NaN,0,0.07,NaN,NaN,NaN,NaN,0,0,NaN,0,0,NaN,NaN,NaN,NaN,NaN,0,NaN,0,NaN,NaN,NaN,NaN,0,0,0,0,0,0,0,1414,1036.89,0
10/07/2025,04,5GNR,Central Texas,137,Austin,SCHZ,1379406,LORENA_WEST,3922,6.32,206,3260,100,2614,2613,8198.09,1.65,113.55,0.3,0.36,0.51,1.69,7.77,11.94,7257.82,0.04,710.03,1070,2.19,1.48,0.58,NaN,0,0.11,0,NaN,0,0,3,0,0,3,0,6708.33,666.67,666.67,0,NaN,0,0,0,NaN,0,NaN,0,0,0,0,0,0,0.31,3,975,8009.05,0
10/07/2025,04,5GNR,Central Texas,137,Austin,SCHZ,1379406,MARTE,2741,4.27,10,234,100,203,203,1538.76,2.51,45.85,0.11,0.1,0.08,1.14,8.73,11.72,1419.13,0,46.06,112.1,0.62,2.58,1.02,NaN,0,0.74,0,NaN,0,NaN,0,0,NaN,0,0,NaN,NaN,NaN,NaN,NaN,0,NaN,0,NaN,NaN,NaN,NaN,0,0,0,0,0,0,0,1085,1502.28,0
10/07/2025,04,5GNR,Central Texas,137,Austin,SCHZ,1379406,MARTE - A,3741,0.28,5,1762,100,1689,1689,33575.57,4.42,114.62,1.87,1.7,1.1,0.21,7.64,12.61,31334.26,0,3419.91,6013.79,9.11,5.04,0.2,NaN,0,0.14,0,NaN,0,NaN,0,0,NaN,0,0,NaN,NaN,NaN,NaN,NaN,0,NaN,0,NaN,NaN,NaN,NaN,0,0,0,0,0,0,0,768,33652.53,0
10/07/2025,04,5GNR,Central Texas,137,Austin,SCHZ,1379406,MCLENNAN_COMMUNITY_COLLEGE,2440,0.53,3,565,100,308,308,2241.23,6.3,20.25,1.28,0.96,0.24,2.11,8.02,11.21,2214.33,0,97.66,189.11,0.95,2.26,3.74,NaN,0,0,0,NaN,0,NaN,0,0,NaN,0,0,NaN,NaN,NaN,NaN,NaN,0,NaN,0,NaN,NaN,NaN,NaN,0,0,0,0,0,0,0,1252,2298.7,0
10/07/2025,04,5GNR,Central Texas,137,Austin,SCHZ,1379406,MCLENNAN_COMMUNITY_COLLEGE,3440,0.11,1,899,100,606,606,5779.06,1.01,182.65,0.14,0.14,0.12,0.52,8.46,16.26,3967.43,0,214.33,354.51,0.48,2.89,0,NaN,0,0.11,NaN,NaN,NaN,NaN,0,0,NaN,0,0,NaN,NaN,NaN,NaN,NaN,0,NaN,0,NaN,NaN,NaN,NaN,0,0,0,0,0,0,0,963,5465.03,0
10/07/2025,04,5GNR,Central Texas,137,Austin,SCHZ,1379406,MEINZER_ST,2367,0,0,96,100,51,51,1151.73,3.95,17.4,0.72,0.65,0.21,17.84,9.18,10.75,72.23,0,16.44,67.83,0.37,1.96,1.74,NaN,0,0,NaN,NaN,NaN,NaN,0,0,NaN,0,0,3000,4000,2000,0,NaN,0,0,0,NaN,NaN,NaN,NaN,0,0,0,0,0,0,0,920,2306.87,0
10/07/2025,04,5GNR,Central Texas,137,Austin,SCHZ,1379406,MEXIA_WEST,2714,0.07,1,1345,100,143,143,776.53,1.16,19.62,0.11,0.1,0.06,1.09,10.18,16.05,176.74,0,12.72,84.95,0.32,6.16,0,NaN,0,0,NaN,NaN,NaN,0,1,0,0,1,0,3101.73,1992.54,1003.32,1591.4,25.6,0,0,0,NaN,0,NaN,112.73,0.83,0.24,0,0,0,0,0,710,773.36,0
10/07/2025,04,5GNR,Central Texas,137,Austin,SCHZ,1379406,MEXIA_WEST,3714,0.48,12,2485,100,912,912,11533.94,1.55,189.5,0.29,0.24,0.09,0.24,7.98,13.4,9247.66,0,528.45,1619.57,2.9,5.73,0,NaN,0,0.49,NaN,NaN,NaN,0,1,0,0,1,0,7125.15,778.38,709.56,1740.74,62.26,0,0,0,NaN,0,NaN,8.13,0.8,0.13,0,0,0,0,0,213,11323.73,0
10/07/2025,04,5GNR,Central Texas,137,Austin,SCHZ,1379406,MILFORD,2565,1.23,3,244,100,228,228,690.72,1.94,52.98,0.03,0.03,0.03,0.93,7.71,11.67,2238.03,0,8.9,36.28,0.23,1.73,1.15,NaN,0,0,NaN,NaN,NaN,NaN,0,0,NaN,0,0,NaN,NaN,NaN,NaN,NaN,0,NaN,0,NaN,NaN,NaN,NaN,0,0,0,0,0,6.48,19,293,2294.82,0
10/07/2025,04,5GNR,Central Texas,137,Austin,SCHZ,1379406,MILFORD,3565,11.41,124,1087,100,834,834,17288.56,3.67,126.7,0.12,0.54,2.7,0.94,7.55,14.8,15458.35,0,208.1,277.59,0.54,1.38,1.64,NaN,0,0,NaN,NaN,NaN,NaN,0,0,NaN,0,0,NaN,NaN,NaN,NaN,NaN,0,NaN,0,NaN,NaN,NaN,NaN,0,0,0,0,0,0,0,119,15502.61,0
10/07/2025,04,5GNR,Central Texas,137,Austin,SCHZ,1379406,NORTHCREST,2446,3.03,25,826,100,583,583,2101.38,7.78,35.75,2.03,1.53,0.45,6.79,8.56,13.38,4348.09,0,480.82,576.41,2.04,14.15,0.24,NaN,0,0.26,0,NaN,0,NaN,0,0,NaN,0,0,3625,2529.41,1238.1,473.68,NaN,0,0,0,NaN,6272.73,NaN,0,0,0,0,0,0,0,0,1669,4527.63,0
10/07/2025,04,5GNR,Central Texas,137,Austin,SCHZ,1379406,NORTHCREST,3446,0.74,31,4190,100,2574,2574,57500.06,8.66,143.26,1.16,1.23,1.43,1.5,7.6,14.82,46528.44,0,1717.75,3033.28,5.26,2.86,0.33,NaN,0,0.21,0,NaN,0,0,6,0,0,6,0,7345.95,681.51,686.68,2226.91,NaN,0,0,0,NaN,443.85,NaN,10.58,0.12,0.1,0,0,0,0,0,4438,54945.82,0
10/07/2025,04,5GNR,Central Texas,137,Austin,SCHZ,1379406,OLD_FORT_PARK,3577,0.51,9,1779,50,1779,1779,38334.37,6.37,109.86,2.3,1.83,0.21,0.17,7.4,14.99,37313.16,0,961.29,1355.15,3.93,1.95,0,NaN,0,0,NaN,NaN,NaN,NaN,0,0,NaN,0,0,NaN,NaN,NaN,NaN,NaN,0,NaN,0,NaN,NaN,NaN,NaN,0,0,0,0,0,0,0,680,38457.23,0
10/07/2025,04,5GNR,Central Texas,137,Austin,SCHZ,1379406,RIESEL,2454,0.89,3,338,100,283,283,791.19,2.24,19.35,0.21,0.16,0.05,0.35,7.74,10.77,557.54,0,108.72,223.16,1.13,5.51,1.03,NaN,0,0,0,NaN,0,0,1,0,0,1,0,6526.32,2000,973.68,2214.29,0,0,0,0,NaN,0,NaN,0,0.01,0.01,0,0,0,0.1,1,1037,815,0
10/07/2025,04,5GNR,Central Texas,137,Austin,SCHZ,1379406,RIESEL,3454,0.3,6,2025,100,1824,1824,24328.71,2.79,173.75,0.78,0.6,0.2,0.19,7.67,15.87,21652.25,0,1836.83,2895,4.29,7.13,0,NaN,0,0,NaN,NaN,NaN,0,3,0,0,3,0,6868.75,623.08,631.25,1738.1,NaN,0,0,0,NaN,0,NaN,0,0.03,0.03,0,0,0,0.05,1,1878,23988.46,0
10/07/2025,04,5GNR,Central Texas,137,Austin,SCHZ,1379406,RITCHIE,2785,5.29,22,416,100,269,269,590,1.59,30.87,0.34,0.28,0.08,1.19,8.36,13.14,411.79,0,17.69,77.24,0.37,2.27,0.06,NaN,0,0.15,NaN,NaN,NaN,NaN,0,0,NaN,0,0,NaN,NaN,NaN,NaN,NaN,0,NaN,0,NaN,NaN,NaN,NaN,0,0,0,0,0,0.05,1,1950,710.06,0
10/07/2025,04,5GNR,Central Texas,137,Austin,SCHZ,1379406,RITCHIE,3785,2.96,41,1385,100,872,872,13229.48,2.67,137.06,0.07,0.08,0.1,0.64,7.72,14.12,12054.26,0,523.31,1200.95,2.67,4.62,0.12,NaN,0,0.7,NaN,NaN,NaN,0,2,0,0,2,0,6125,875,875,0,NaN,0,0,0,NaN,0,NaN,0,0,0,0,0,0,0,0,735,12653.84,0
10/07/2025,04,5GNR,Central Texas,137,Austin,SCHZ,1379406,SANTOS,2368,0.25,4,1618,100,855,855,8170.97,16.28,21.44,2.67,2.01,0.95,2.63,8.32,13.96,3802.7,0,273.15,877.83,4.33,4.86,0.08,NaN,0,0.17,0,NaN,0,0,15,0,0,15,0,3281.45,2134.64,1883.58,1562.58,24.56,0,0,0.01,NaN,11295.99,NaN,23.36,3.08,0.42,0,0,0,0,0,2776,8038.34,0
10/07/2025,04,5GNR,Central Texas,137,Austin,SCHZ,1379406,STAG_CREEK_WCW,2786,35.9,14,39,100,13,13,6.69,0.03,19.09,0,0,0,7.89,9.34,13.14,0.3,0,0.03,10.42,0.04,17.05,0,NaN,0,0,NaN,NaN,NaN,0,4,0,0,4,0,4442.31,2146.34,1067.31,8217.39,4.1,0,0,0,NaN,0,NaN,0,0.01,0.01,0,0,0,0,0,83,7.61,0
10/07/2025,04,5GNR,Central Texas,137,Austin,SCHZ,1379406,STAG_CREEK_WCW,3786,0,0,26,100,20,20,64.69,0.01,147.47,0,0,0.16,0.58,8.7,11.31,51.77,0,53.06,57.05,0.13,6.86,0,NaN,0,0,NaN,NaN,NaN,NaN,0,0,NaN,0,0,NaN,NaN,NaN,NaN,NaN,0,NaN,0,NaN,NaN,NaN,NaN,0,0,0,0,0,0,0,45,62.1,0
10/07/2025,04,5GNR,Central Texas,137,Austin,SCHZ,1379406,STEEL_FRAME,2887,0,0,271,100,228,228,721.4,1.93,49.46,0.22,0.19,0.08,2.81,8.34,11.23,1037.37,0,48.3,124.44,0.68,3.88,0,NaN,0,0.23,NaN,NaN,NaN,NaN,0,0,NaN,0,0,NaN,NaN,NaN,NaN,NaN,0,NaN,0,NaN,NaN,NaN,NaN,0,0,0,0,0,0,0,1423,1318.76,0
10/07/2025,04,5GNR,Central Texas,137,Austin,SCHZ,1379406,STEEL_FRAME,3887,4.12,25,607,100,349,349,14450.87,1.66,127.86,0.64,0.52,0.18,0.44,7.39,12.18,13476.94,0,904,1083.35,2.64,3.5,0.53,NaN,0,0.58,NaN,NaN,NaN,NaN,0,0,NaN,0,0,NaN,NaN,NaN,NaN,NaN,0,NaN,0,NaN,NaN,NaN,NaN,0,0,0,0,0,0,0,378,13622.82,0
10/07/2025,04,5GNR,Central Texas,137,Austin,SCHZ,1379406,THORNTON,3806,0.43,3,692,100,678,678,7349.2,0.52,228.31,0.04,0.04,0.07,1.08,7.82,16.54,3342.68,0,142.98,222.92,0.31,3.84,0,NaN,0,0.72,NaN,NaN,NaN,0,1,0,0,1,0,6477.27,647.06,613.64,1729.17,NaN,0,0,0,NaN,0,NaN,0,0.01,0.01,0,0,0,0,0,419,7246.61,0
10/07/2025,04,5GNR,Central Texas,137,Austin,SCHZ,1379406,THRETOHS,2791,0.68,1,148,100,106,106,79.92,0.39,50.28,0.11,0.11,0.08,20.62,8.73,11.37,26.4,0,5.26,22.18,0.13,1.46,1.43,NaN,0,0.1,0,NaN,0,0,3,0,0,3,0,6836.07,2608.25,2101.06,5264.71,11.8,0,0,0,NaN,2614.53,NaN,377.78,0.12,0.02,0,0,0,0,0,867,78.28,0
10/07/2025,04,5GNR,Central Texas,137,Austin,SCHZ,1379406,THRETOHS,3791,0.28,7,2473,100,1894,1894,27027.87,3.79,110.68,1,0.84,0.37,0.47,7.67,15.62,23837.86,0,998.78,1515.49,2.32,5.08,2.08,NaN,0,0.14,0,NaN,0,0,1,0,0,1,0,7636.36,821.43,821.43,454.55,NaN,0,0,0,NaN,0,NaN,0,0,0,0,0,0,0.13,2,1532,27049.89,0
10/07/2025,04,5GNR,Central Texas,137,Austin,SCHZ,1379406,TOKIO_STX,2712,16.22,36,222,100,161,161,130.72,0.37,27.92,0.04,0.04,0.02,18.08,8.19,12.62,106.08,0,6.67,51.87,0.25,5.41,1.59,NaN,0,0.63,NaN,NaN,NaN,NaN,0,0,NaN,0,0,NaN,NaN,NaN,NaN,NaN,0,NaN,0,NaN,NaN,NaN,NaN,0,0,0,0,0,0.17,1,606,176.26,0
10/07/2025,04,5GNR,Central Texas,137,Austin,SCHZ,1379406,TOKIO_STX,3712,6.19,133,2149,100,1292,1292,18216.96,2.75,116.6,0.14,0.24,0.49,1.28,7.84,14.64,11558.11,0,544.43,896.31,1.58,1.74,0.77,NaN,0,0.47,0,NaN,0,0,5,0,0,5,0,7166.67,676.47,815.79,0,NaN,0,0,0,NaN,0,NaN,0,0,0,0,0,0,0.23,2,871,17509.3,0
10/07/2025,04,5GNR,Central Texas,137,Austin,SCHZ,1379406,TWC_WACO,2784,0,0,6,100,4,4,129.35,0.36,23.26,0.03,0.03,0.01,3.92,8.2,9.98,117.22,0,5.15,9.61,0.06,1.41,0,NaN,0,0,NaN,NaN,NaN,NaN,0,0,NaN,0,0,NaN,NaN,NaN,NaN,NaN,0,NaN,0,NaN,NaN,NaN,NaN,0,0,0,0,0,0,0,53,119.16,0
10/07/2025,04,5GNR,Central Texas,137,Austin,SCHZ,1379406,TWC_WACO,3784,1.12,10,891,100,569,569,8787.7,1.22,138.08,0.2,0.19,0.13,0.53,7.62,19.27,7483.13,0,230.74,420.38,0.42,3.74,0,NaN,0,0.3,0,NaN,0,NaN,0,0,NaN,0,0,NaN,NaN,NaN,NaN,NaN,0,NaN,0,NaN,0,NaN,0,0,0,0,0,0,0,0,346,8739.58,0
10/07/2025,04,5GNR,Central Texas,137,Austin,SCHZ,1379406,TX_BLANKET_CROWN,2754,0,0,40,100,39,39,181.83,0.39,26.95,0,0,0.01,0,7.65,13.51,181.1,0,17.48,27.01,0.12,10.2,0,NaN,0,0,NaN,NaN,NaN,NaN,0,0,NaN,0,0,NaN,NaN,NaN,NaN,NaN,0,NaN,0,NaN,NaN,NaN,NaN,0,0,0,0,0,0,0,5,181.1,0
10/07/2025,04,5GNR,Central Texas,137,Austin,SCHZ,1379406,TX_BLANKET_CROWN,3754,1,1,100,100,37,37,3776.07,0.45,120.24,0.01,0.01,0.01,0.1,7.31,16.65,3708.26,0,136.47,224.22,0.25,4.37,0,NaN,0,0,NaN,NaN,NaN,NaN,0,0,NaN,0,0,NaN,NaN,NaN,NaN,NaN,0,NaN,0,NaN,NaN,NaN,NaN,0,0,0,0,0,0,0,16,3709.48,0
10/07/2025,04,5GNR,Central Texas,137,Austin,SCHZ,1379406,TX_COMANCHE,3919,0.47,1,211,100,197,197,1926.46,0.75,70.86,0,0,0.01,0.27,8.03,11.14,1904.18,0,51.42,65.32,0.12,2.29,0,NaN,0,0,NaN,NaN,NaN,NaN,0,0,NaN,0,0,6000,2000,2000,0,NaN,0,0,0,NaN,NaN,NaN,NaN,0,0,0,0,0,0,0,15,1904.35,0
10/07/2025,04,5GNR,Central Texas,137,Austin,SCHZ,1379406,WACO_AIRPORT,2400,0,0,75,100,66,66,28.61,0.29,165.55,0.13,0.12,0.03,7.05,8.21,11.57,645.61,0,2.04,6.21,0.05,1.24,16.18,NaN,0,0,NaN,NaN,NaN,NaN,0,0,NaN,0,0,NaN,NaN,NaN,NaN,NaN,0,NaN,0,NaN,NaN,NaN,NaN,0,0,0,0,0,0,0,136,648.99,0
10/07/2025,04,5GNR,Central Texas,137,Austin,SCHZ,1379406,WACO_AIRPORT,3400,0,0,343,100,278,278,1980.63,0.33,107.28,0.08,0.08,0.08,0.46,8.07,13.56,939.1,0,178.65,243.45,0.44,3.69,0,NaN,0,0.51,NaN,NaN,NaN,NaN,0,0,NaN,0,0,NaN,NaN,NaN,NaN,NaN,0,NaN,0,NaN,NaN,NaN,NaN,0,0,0,0,0,0,0,213,1356.79,0
10/07/2025,04,5GNR,Central Texas,137,Austin,SCHZ,1379406,WACO_CORP_PKWY,2783,0,0,28,100,8,8,551.7,1.33,29.88,0.16,0.15,0.07,9.05,9.1,12.56,34.48,0,3.62,50.88,0.23,3.69,0,NaN,0,0,NaN,NaN,NaN,0,4,0,0,4,0,3000,1375,687.5,0,NaN,0,0,0,NaN,0,NaN,0,0,0,0,0,0,0,0,702,655.17,0
10/07/2025,04,5GNR,Central Texas,137,Austin,SCHZ,1379406,WACO_CORP_PKWY,3783,0.39,7,1779,100,928,927,7226.52,1.1,194.4,0.17,0.21,0.32,1.24,8,16.45,3628.7,0.11,365.58,1631.04,1.73,20.95,0,NaN,0,0.18,NaN,NaN,NaN,NaN,0,0,NaN,0,0,7104.84,709.35,737.9,1526.84,NaN,0,0,0,NaN,0,NaN,0,0.17,0.22,0,0,0,0,0,588,7029.54,0
10/07/2025,04,5GNR,Central Texas,137,Austin,SCHZ,1379406,WACO_DOWNTOWN,2468,10.6,44,415,100,293,292,570.83,3.9,11.04,3.7,2.82,0.84,3.51,7.74,9.5,468.24,0.34,13.64,97.16,0.75,2.1,0.65,NaN,0,1.05,0,NaN,0,0,1,0,0,1,0,3333.33,1857.14,1045.45,4380.95,NaN,0,0,0,NaN,0,NaN,0,0,0,0,0,0,0.14,3,2207,1925.78,0
10/07/2025,04,5GNR,Central Texas,137,Austin,SCHZ,1379406,WACO_DOWNTOWN,3468,0.82,41,4983,100,3304,3303,53767.32,6.87,166.44,1.45,1.42,1.33,0.66,7.68,14.72,44313.74,0.03,3840.51,5925.17,9.41,3.95,0.47,NaN,0,0.28,0,NaN,0,0,10,0,0,10,0,8655.6,836.33,1200.27,2197.02,228.18,0,0,0,NaN,946.47,NaN,0,0.09,0.09,0,0,0,0.01,1,6836,52342.53,0
10/07/2025,04,5GNR,Central Texas,137,Austin,SCHZ,1379406,WEST_NTX_RELO,3470,1.07,22,2065,100,1348,1348,26971.09,2.99,184.85,0.75,0.63,0.31,0.6,7.8,15.43,24562.71,0,1022.09,1556.08,2.38,7.37,0.06,NaN,0,0.14,0,NaN,0,NaN,0,0,NaN,0,0,NaN,NaN,NaN,NaN,NaN,0,NaN,0,NaN,NaN,NaN,NaN,0,0,0,0,0,0.07,1,1494,26633.18,0
10/07/2025,04,5GNR,Central Texas,137,Austin,SCHZ,1379410,EAST_TRAVIS_AUSTX,2782,0.51,1,195,100,199,199,299.51,0.3,22.28,0,0,0.02,0.19,8.11,15.55,289.23,0,33.24,56.26,0.16,6.44,0.39,NaN,0,0,NaN,NaN,NaN,0,2,0,0,2,0,3000,3000,1500,1000,NaN,0,0,0,NaN,0,NaN,0,0,0,0,0,0,0.34,1,293,290.65,0
10/07/2025,04,5GNR,Central Texas,137,Austin,SCHZ,1379410,EAST_TRAVIS_AUSTX,3782,0.23,3,1306,100,1263,1261,7701.06,1.06,96.29,0.28,0.87,2.71,0.3,7.78,16.77,6458.01,0.16,631.01,965.05,1.58,5.75,0.18,NaN,0,0,NaN,NaN,NaN,0,2,0,0,2,0,5986.49,637.93,608.11,2303.03,NaN,0,0,0,NaN,0,NaN,0,0,0,0,0,0,0,0,521,7659.74,0
10/07/2025,04,5GNR,Central Texas,137,Austin,SCHZ,1379412,137809_4G5G_RUSTY_ACRES,2809,0.98,4,409,100,415,415,8408.68,19.13,38.67,0.52,0.54,0.57,0.38,7.41,13.4,4228.96,0,205.93,614.44,4.17,3.73,0,NaN,0,0,NaN,NaN,NaN,NaN,0,0,NaN,0,0,NaN,NaN,NaN,NaN,NaN,0,NaN,0,NaN,NaN,NaN,NaN,0,0,0,0,0,0,0,1364,8297.1,0
10/07/2025,04,5GNR,Central Texas,137,Austin,SCHZ,1379412,BASTROP_21,2979,0,0,55,100,51,51,38.17,0.11,21.9,0,0.02,0.18,1.24,8.14,8.93,12.5,0,0.22,8.24,0.05,0.79,1.1,NaN,0,0.48,NaN,NaN,NaN,0,1,0,0,1,0,3000,2750,1375,0,NaN,0,0,0,NaN,0,NaN,0,0,0,0,0,0,0,0,199,32.73,0
10/07/2025,04,5GNR,Central Texas,137,Austin,SCHZ,1379412,BASTROP_21,3979,1.26,11,870,100,952,952,6620.44,1.48,132.22,0.34,0.6,1.9,1.19,7.47,14.59,7698.35,0,281.75,352.56,0.95,2.61,0.7,NaN,0,0.38,0,NaN,0,NaN,0,0,NaN,0,0,NaN,NaN,NaN,NaN,NaN,0,NaN,0,NaN,NaN,NaN,NaN,0,0,0,0,0,0,0,260,7768.86,0
10/07/2025,04,5GNR,Central Texas,137,Austin,SCHZ,1379412,COTA_EAST_AUSTX,2397,0,0,148,100,148,148,67.73,0.13,22.02,0,0,0.02,0.87,9.48,11.1,15.06,0,0.34,10.15,0.1,0.88,0.2,NaN,0,0,0,NaN,0,NaN,0,0,NaN,0,0,NaN,NaN,NaN,NaN,NaN,0,NaN,0,NaN,NaN,NaN,NaN,0,0,0,0,0,0.18,1,543,35.55,0
10/07/2025,04,5GNR,Central Texas,137,Austin,SCHZ,1379412,COTA_EAST_AUSTX,3397,3.19,36,1130,100,1017,1015,3841.3,0.59,293.15,0.11,0.33,1.2,0.49,7.73,15.13,3625.8,0.2,138.09,218.58,0.44,1.36,0,NaN,0,0,NaN,NaN,NaN,0,3,0,0,3,0,10617.16,1063.43,3722.17,2845.99,0,0,0,0,NaN,29.95,NaN,316.85,1.34,0.05,0,0,0,0,0,596,3826.25,0
10/07/2025,04,5GNR,Central Texas,137,Austin,SCHZ,1379412,ELROY,2092,12.2,15,123,100,119,119,198.93,0.3,58.38,0,0.01,0.05,0.82,8.14,9.03,35.34,0,3.18,34.23,0.24,1.27,0.15,NaN,0,0.13,0,NaN,0,NaN,0,0,NaN,0,0,NaN,NaN,NaN,NaN,NaN,0,NaN,0,NaN,NaN,NaN,NaN,0,0,0,0,0,0,0,723,142.22,0
10/07/2025,04,5GNR,Central Texas,137,Austin,SCHZ,1379412,ELROY,3092,5.07,140,2762,100,2627,2625,18212.07,2.62,180.92,0.61,1.07,2.22,0.85,7.64,14.59,17622.36,0.08,1626.92,2067.67,4.53,4.71,0,NaN,0,0,NaN,NaN,NaN,0,18,0,0,18,0,7499.59,701.26,693.06,1511.96,37.52,0,0,0,NaN,9.26,NaN,95.08,2.65,0.38,0,0,0,0,0,1880,18230.28,0
10/07/2025,04,5GNR,Central Texas,137,Austin,SCHZ,1379412,HAYS_CITY,2883,NaN,0,0,100,0,0,0.03,0,NaN,0,0,0,0,8.57,9.7,0,NaN,0,0.01,0,NaN,0,NaN,0,0,NaN,NaN,NaN,NaN,0,0,NaN,0,0,NaN,NaN,NaN,NaN,NaN,0,NaN,0,NaN,NaN,NaN,NaN,0,0,0,0,0,NaN,0,0,0.03,0
10/07/2025,04,5GNR,Central Texas,137,Austin,SCHZ,1379412,HAYS_CITY,3883,9.95,21,211,100,217,217,1232.12,0.26,80.13,0.05,0.15,0.77,0.05,7.27,11.63,1257.11,0,56.38,95.99,0.2,1.7,0,NaN,0,0,NaN,NaN,NaN,NaN,0,0,NaN,0,0,NaN,NaN,NaN,NaN,NaN,0,NaN,0,NaN,NaN,NaN,NaN,0,0,0,0,0,0,0,22,1258.16,0
10/07/2025,04,5GNR,Central Texas,137,Austin,SCHZ,1379412,MARTINDALE,2247,0.83,2,241,100,249,249,1410.36,1.94,154.13,0,0,0,0.75,7.57,11.79,2763.16,0,102.24,155.1,0.46,3.96,15.77,NaN,0,0,0,NaN,0,0,2,0,0,2,0,3041.67,1629.63,902.78,1828.57,NaN,0,0,0,NaN,0,NaN,0,0.01,0.01,0,0,0,0,0,420,2986.21,0
10/07/2025,04,5GNR,Central Texas,137,Austin,SCHZ,1379412,MARTINDALE,3247,4.87,69,1418,100,1137,1137,9191.51,2.23,70.8,0.29,0.57,1.38,0.63,8.06,13.67,5391.13,0,326.75,449.55,1.36,1.93,0.31,NaN,0,0.19,NaN,NaN,NaN,NaN,0,0,NaN,0,0,5750,833.33,1000,0,NaN,0,0,0,NaN,16000,NaN,NaN,0,0,0,0,0,0,0,546,7511.8,0
10/07/2025,04,5GNR,Central Texas,137,Austin,SCHZ,1379412,MUELLER_ACRES_ATX,2856,0,0,108,100,110,110,314.55,0.5,36.44,0,0,0.01,0.63,7.51,9.04,284.28,0,8.87,41.09,0.25,2.47,0.18,NaN,0,0,NaN,NaN,NaN,NaN,0,0,NaN,0,0,NaN,NaN,NaN,NaN,NaN,0,NaN,0,NaN,NaN,NaN,NaN,0,0,0,0,0,0,0,630,336.85,0
10/07/2025,04,5GNR,Central Texas,137,Austin,SCHZ,1379412,MUELLER_ACRES_ATX,3856,0.43,6,1397,100,1307,1306,10697.66,2.38,135.24,0.32,0.67,1.82,0.37,7.4,11.28,10240.91,0.08,370.74,491.52,1.31,1.8,1.45,NaN,0,0,NaN,NaN,NaN,NaN,0,0,NaN,0,0,7368.66,1314.61,1979.05,2603.29,72.56,0,0,0,NaN,10055.24,NaN,271.03,0.83,0.13,0,0,0,0.15,1,675,10539.97,0
10/07/2025,04,5GNR,Central Texas,137,Austin,SCHZ,1379412,ONION_PINEHURST_AUSTX,2395,0,0,151,100,128,128,142.91,0.31,48.25,0,0,0.03,0.34,7.99,7.25,83.09,0,0.73,12.35,0.09,0.9,0,NaN,0,0,NaN,NaN,NaN,NaN,0,0,NaN,0,0,NaN,NaN,NaN,NaN,NaN,0,NaN,0,NaN,NaN,NaN,NaN,0,0,0,0,0,0,0,586,115.93,0
10/07/2025,04,5GNR,Central Texas,137,Austin,SCHZ,1379412,ONION_PINEHURST_AUSTX,3395,0.38,8,2110,100,2018,2017,16216.14,2.89,207.63,0.43,0.92,2.26,0.61,7.6,14.8,15185.99,0.05,1187.11,1528.46,2.26,4.37,0,NaN,0,0.09,NaN,NaN,NaN,NaN,0,0,NaN,0,0,8428.01,1123.61,1712.6,2996.6,NaN,0,0,0,NaN,0,NaN,13.51,0.96,0.16,0,0,0,0,0,1059,16027.81,0
10/07/2025,04,5GNR,Central Texas,137,Austin,SCHZ,1379412,SPRING_BRANCH,2461,0.86,2,233,100,240,240,69.07,0.25,57.86,0.03,0.03,0.03,0.11,8.77,10.36,60.18,0,6.08,16.99,0.12,0.82,0,NaN,0,0,NaN,NaN,NaN,NaN,0,0,NaN,0,0,NaN,NaN,NaN,NaN,NaN,0,NaN,0,NaN,NaN,NaN,NaN,0,0,0,0,0,2.04,8,393,69.57,0
10/07/2025,04,5GNR,Central Texas,137,Austin,SCHZ,1379412,SPRING_BRANCH,3461,3.23,29,897,100,878,878,4134.93,0.64,157.26,0.14,0.45,2.13,0.14,7.7,15.1,4048.97,0,129.65,187.87,0.43,1.91,0,NaN,0,0.64,NaN,NaN,NaN,NaN,0,0,NaN,0,0,NaN,NaN,NaN,NaN,NaN,0,NaN,0,NaN,NaN,NaN,NaN,0,0,0,0,0,0,0,153,4079.29,0
10/07/2025,04,5GNR,Central Texas,137,Austin,SCHZ,1379412,SP_MEADOWS_SOUTH,3061,1.22,20,1644,100,1393,1392,13734.78,2.23,174.58,0.57,1.6,4.36,0.82,7.9,16.02,11240.59,0.07,423.04,657.42,1.23,3.54,0.08,NaN,0,0.34,NaN,NaN,NaN,0,4,0,0,4,0,6890.62,805.88,833.33,1090.91,NaN,0,0,0,NaN,28.57,NaN,0,0.01,0.01,0,0,0,0,0,1188,13349.23,0
10/07/2025,04,5GNR,Central Texas,137,Austin,SCHZ,1379412,TAHITIAN_VILLAGE,2319,0,0,5,100,4,4,64.19,0.12,49.15,0,0,0.02,2.32,7.75,7.74,0.02,0,0,3.03,0.03,0.66,3.33,NaN,0,0,NaN,NaN,NaN,NaN,0,0,NaN,0,0,NaN,NaN,NaN,NaN,NaN,0,NaN,0,NaN,NaN,NaN,NaN,0,0,0,0,0,0,0,133,40.32,0
10/07/2025,04,5GNR,Central Texas,137,Austin,SCHZ,1379412,TAHITIAN_VILLAGE,3319,0.73,7,965,100,982,981,3638.21,0.54,165.42,0.14,0.12,0.03,0.2,7.44,11.6,3542.34,0.1,360.5,761.01,1.5,3.49,0,NaN,0,0,NaN,NaN,NaN,NaN,0,0,NaN,0,0,NaN,NaN,NaN,NaN,NaN,0,NaN,0,NaN,NaN,NaN,NaN,0,0,0,0,0,0,0,226,3600.05,0
10/07/2025,04,5GNR,Central Texas,137,Austin,SCHZ,1379412,WATERMELON_THUMP,2228,NaN,0,0,100,0,0,4.15,0.01,NaN,0,0.01,2.24,1.23,9.57,12.02,0,NaN,0,0.37,0,1.74,10,NaN,0,0,NaN,NaN,NaN,NaN,0,0,NaN,0,0,NaN,NaN,NaN,NaN,NaN,0,NaN,0,NaN,NaN,NaN,NaN,0,0,0,0,0,0,0,16,1.59,0
10/07/2025,04,5GNR,Central Texas,137,Austin,SCHZ,1379412,WATERMELON_THUMP,3228,1.38,21,1521,100,1463,1460,17740.06,2.85,186.84,1.29,1.86,3.61,0.36,7.29,13,13206.83,0.21,283.8,403.12,0.99,1.05,2.54,NaN,0,0,NaN,NaN,NaN,NaN,0,0,NaN,0,0,NaN,NaN,NaN,NaN,NaN,0,NaN,0,NaN,NaN,NaN,NaN,0,0,0,0,0,0,0,271,17535.25,0
10/07/2025,04,5GNR,Central Texas,137,Austin,SCHZ,1379413,137266_4G5G_OLD_DIME_BOX,2266,NaN,0,0,100,0,0,0.01,0,NaN,0,0,0,5.88,5.66,5.55,0,NaN,0,0,0,0.04,NaN,NaN,NaN,NaN,NaN,NaN,NaN,NaN,0,0,NaN,0,0,NaN,NaN,NaN,NaN,NaN,0,NaN,0,NaN,NaN,NaN,NaN,0,0,0,0,0,NaN,0,0,0,0
10/07/2025,04,5GNR,Central Texas,137,Austin,SCHZ,1379413,ELGIN_ELM_CREEK,2295,0,0,9,100,6,6,69.35,0.13,45.09,0,0.01,0.1,0.37,8.47,8.86,11.47,0,1.12,8.63,0.05,0.87,12.95,NaN,0,0,NaN,NaN,NaN,NaN,0,0,NaN,0,0,NaN,NaN,NaN,NaN,NaN,0,NaN,0,NaN,NaN,NaN,NaN,0,0,0,0,0,0,0,223,51.74,0
10/07/2025,04,5GNR,Central Texas,137,Austin,SCHZ,1379413,ELGIN_ELM_CREEK,3295,1.13,14,1236,100,1235,1235,16932.36,3.03,207.97,0.39,0.68,1.75,0.5,7.63,16.21,16637.09,0,478.01,659.73,1.1,2.76,0.43,NaN,0,0.27,0,NaN,0,NaN,0,0,NaN,0,0,NaN,NaN,NaN,NaN,NaN,0,NaN,0,NaN,NaN,NaN,NaN,0,0,0,0,0,0,0,701,16808.21,0
10/07/2025,04,5GNR,Central Texas,137,Austin,SCHZ,1379413,JORDAN_AUSTX,2396,0.51,1,198,100,189,189,66.15,0.19,30.19,0,0,0.04,0.58,8.63,10.02,20.06,0,0.69,10.12,0.06,0.68,0,NaN,0,0.18,NaN,NaN,NaN,0,2,0,0,2,0,3020.83,3659.09,1656.86,1319.15,NaN,0,0,0,NaN,0,NaN,0,0.01,0,0,0,0,0.39,2,518,56.73,0
10/07/2025,04,5GNR,Central Texas,137,Austin,SCHZ,1379413,JORDAN_AUSTX,3396,0.34,8,2340,100,2294,2294,24605.01,3.22,204.94,0.49,0.75,1.46,0.63,7.82,16.22,23058.79,0,1216.08,1781.76,3.02,3.37,0,NaN,0,0,0,NaN,0,0,3,0,0,3,0,6880.95,2962.26,3357.14,1730.77,NaN,0,0,0,NaN,0,NaN,0,0.01,0.01,0,0,0,0,0,1241,24432.59,0
10/07/2025,04,5GNR,Central Texas,137,Austin,SCHZ,1379413,MCDADE,2304,0.26,1,386,100,395,395,4327.37,4.28,52.35,0,0.01,0.03,0.32,7.47,11.19,4086.51,0,79.52,161.65,0.62,2.64,0.66,NaN,0,0.15,NaN,NaN,NaN,NaN,0,0,NaN,0,0,3000,13666.67,6833.33,142.86,NaN,0,0,0,NaN,0,NaN,0,0,0,0,0,0,0.16,1,643,4249.74,0
10/07/2025,04,5GNR,Central Texas,137,Austin,SCHZ,1379413,MCDADE,3304,0.82,7,857,100,856,855,17019.91,1.39,209.19,0.07,0.08,0.13,0.21,7.69,12.65,16877.38,0.12,416.59,511.94,0.82,3.31,0,NaN,0,0,NaN,NaN,NaN,NaN,0,0,NaN,0,0,NaN,NaN,NaN,NaN,NaN,0,NaN,0,NaN,NaN,NaN,NaN,0,0,0,0,0,0,0,344,16928.92,0
10/07/2025,04,5GNR,Central Texas,137,Austin,SCHZ,1379413,RR_KALAHARI_03_SC,3400,0,0,101,100,91,91,242.95,0.09,38.5,0,0,0.01,0.3,7.59,19.59,113.44,0,37.41,639.64,0.66,35.94,0,NaN,0,0,NaN,NaN,NaN,NaN,0,0,NaN,0,0,NaN,NaN,NaN,NaN,NaN,0,NaN,0,NaN,NaN,NaN,NaN,0,0,0,0,0,0,0,22,217.18,0
10/07/2025,04,5GNR,Central Texas,137,Austin,SCHZ,1379414,137447_4G5G_LT_OGLESBY,2447,0.98,3,305,100,297,297,1888.43,3.57,35.26,0.29,0.26,0.18,0.82,8.01,13.54,1007.84,0,161.04,315.57,1.24,7.96,0.21,NaN,0,0,NaN,NaN,NaN,NaN,0,0,NaN,0,0,NaN,NaN,NaN,NaN,NaN,0,NaN,0,NaN,NaN,NaN,NaN,0,0,0,0,0,0,0,966,1832.3,0
10/07/2025,04,5GNR,Central Texas,137,Austin,SCHZ,1379414,GEORGETOWN_WILLIAMS,2271,0.78,1,128,100,128,128,366.65,0.46,59.06,0,0,0,0.64,8.11,11.08,22.08,0,3.81,47.39,0.18,1.3,0.52,NaN,0,0.1,NaN,NaN,NaN,NaN,0,0,NaN,0,0,NaN,NaN,NaN,NaN,NaN,0,NaN,0,NaN,NaN,NaN,NaN,0,0,0,0,0,0.1,1,1020,356.3,0
10/07/2025,04,5GNR,Central Texas,137,Austin,SCHZ,1379414,GEORGETOWN_WILLIAMS,3271,0.44,9,2049,66.67,2071,2071,13171.89,2.88,146.11,0.47,0.46,0.43,0.69,7.8,13.73,12828.61,0,1189.6,1451.92,4.78,6.72,0,NaN,0,0,NaN,NaN,NaN,NaN,0,0,NaN,0,0,NaN,NaN,NaN,NaN,NaN,0,NaN,0,NaN,NaN,NaN,NaN,0,0,0,0,0,0,0,435,13036.04,0
10/07/2025,04,5GNR,Central Texas,137,Austin,SCHZ,1379414,KTW_ROSEBUD_RELHR,2833,2.08,3,144,100,129,129,1708.68,2.22,42.16,0.06,0.07,0.07,0.39,7.71,13.74,292.07,0,53.59,312.93,1.22,6.14,0.4,NaN,0,0.23,0,NaN,0,NaN,0,0,NaN,0,0,NaN,NaN,NaN,NaN,NaN,0,NaN,0,NaN,NaN,NaN,NaN,0,0,0,0,0,0.06,1,1607,1611.71,0
10/07/2025,04,5GNR,Central Texas,137,Austin,SCHZ,1379414,KTW_ROSEBUD_RELHR,3833,9.61,172,1790,100,1623,1623,12168.79,2.62,90.65,0.18,0.65,1.92,0.34,7.91,14.61,8996.14,0,322.07,568.32,1.19,2.21,0.31,NaN,0,0.12,NaN,NaN,NaN,NaN,0,0,NaN,0,0,NaN,NaN,NaN,NaN,NaN,0,NaN,0,NaN,NaN,NaN,NaN,0,0,0,0,0,0,0,1790,12187.99,0
10/07/2025,04,5GNR,Central Texas,137,Austin,SCHZ,1379449,437023_4G5G_VZW_CEDAR_PARK_TX_IB,2023,NaN,0,0,100,0,0,0,0,NaN,0,0,0,NaN,5.85,17.8,0,NaN,0,0.01,0,NaN,NaN,NaN,NaN,NaN,NaN,NaN,NaN,NaN,0,0,NaN,0,0,NaN,NaN,NaN,NaN,NaN,0,NaN,0,NaN,NaN,NaN,NaN,0,0,0,0,0,NaN,0,0,0,0
10/07/2025,04,5GNR,Central Texas,137,Austin,SCHZ,1379449,437024_4G5G_VZW_GREAT_HILLS_AUS_IB,2024,NaN,0,0,100,0,0,0,0,NaN,0,0,NaN,NaN,0,0,0,NaN,0,0,0,NaN,NaN,NaN,NaN,NaN,NaN,NaN,NaN,NaN,0,0,NaN,0,0,NaN,NaN,NaN,NaN,NaN,0,NaN,0,NaN,NaN,NaN,NaN,0,0,0,0,0,NaN,0,0,0,0
10/07/2025,04,5GNR,Central Texas,137,Austin,SCHZ,1379449,437025_4G5G_VZW_ROUND_ROCK_IB,2025,NaN,0,0,100,0,0,18.03,0.06,34.46,0,0,0,NaN,6.95,21.88,17.5,NaN,3.54,5.02,0.02,20.63,NaN,NaN,NaN,NaN,NaN,NaN,NaN,NaN,0,0,NaN,0,0,NaN,NaN,NaN,NaN,NaN,0,NaN,0,NaN,NaN,NaN,NaN,0,0,0,0,0,NaN,0,0,17.5,0
10/07/2025,04,5GNR,Central Texas,137,Austin,SCHZ,1379449,437029_4G5G_VZW_BEE_CAVE_AUS_IB,2029,NaN,0,0,100,0,0,0.01,0,NaN,0,0,0,NaN,5.86,19.4,0,NaN,0.01,0.02,0,0,NaN,NaN,NaN,NaN,NaN,NaN,NaN,NaN,0,0,NaN,0,0,NaN,NaN,NaN,NaN,NaN,0,NaN,0,NaN,NaN,NaN,NaN,0,0,0,0,0,NaN,0,0,0,0
10/07/2025,04,5GNR,Central Texas,137,Austin,SCHZ,1379449,AUDITORIUM_SHORES_IBRD_SCSN,3121,50,13,26,100,13,13,0,0,NaN,0,0.02,49.3,NaN,0,0,0,0,0,0,0,NaN,NaN,NaN,NaN,NaN,NaN,NaN,NaN,NaN,0,0,NaN,0,0,NaN,NaN,NaN,NaN,NaN,0,NaN,0,NaN,NaN,NaN,NaN,0,0,0,0,0,NaN,0,0,0,0
10/07/2025,04,5GNR,Central Texas,137,Austin,SCHZ,1379449,BAYLOR_SCIENCE_WACO_IBRD_SC,3668,NaN,0,0,100,0,0,0,0,NaN,0,0.03,47.69,NaN,0,0,0,NaN,0,0,0,NaN,NaN,NaN,NaN,NaN,NaN,NaN,NaN,NaN,0,0,NaN,0,0,NaN,NaN,NaN,NaN,NaN,0,NaN,0,NaN,NaN,NaN,NaN,0,0,0,0,0,NaN,0,0,0,0
10/07/2025,04,5GNR,Central Texas,137,Austin,SCHZ,1379449,COTA,3601,NaN,0,0,100,0,0,0,0,NaN,0,0,30.77,NaN,0,0,0,NaN,0,0,0,NaN,NaN,NaN,NaN,NaN,NaN,NaN,NaN,NaN,0,0,NaN,0,0,NaN,NaN,NaN,NaN,NaN,0,NaN,0,NaN,NaN,NaN,NaN,0,0,0,0,0,NaN,0,0,0,0
10/07/2025,04,5GNR,Central Texas,137,Austin,SCHZ,1379449,COTA,3602,4.35,1,23,100,26,26,1083.24,0.77,46.27,0,0,0.01,2.38,7.03,6.46,1075.1,0,0.4,2.89,0.01,0.3,0,NaN,0,0,NaN,NaN,NaN,NaN,0,0,NaN,0,0,NaN,NaN,NaN,NaN,NaN,0,NaN,0,NaN,NaN,NaN,NaN,0,0,0,0,0,0,0,3,1075.11,0
10/07/2025,04,5GNR,Central Texas,137,Austin,SCHZ,1379449,COTA,3603,NaN,0,0,100,0,0,71.55,0.02,NaN,0,0,0.32,0.88,7.47,8.52,0,NaN,0,8.23,0.02,2.56,0,NaN,0,0,NaN,NaN,NaN,NaN,0,0,NaN,0,0,NaN,NaN,NaN,NaN,NaN,0,NaN,0,NaN,NaN,NaN,NaN,0,0,0,0,0,0,0,4,70.35,0
10/07/2025,04,5GNR,Central Texas,137,Austin,SCHZ,1379449,COTA,3604,NaN,0,0,100,1,1,0.19,0,NaN,0,0,0.39,54.55,7.07,10.25,0.03,0,0.02,0.18,0,2.7,0,NaN,0,0,NaN,NaN,NaN,NaN,0,0,NaN,0,0,NaN,NaN,NaN,NaN,NaN,0,NaN,0,NaN,NaN,NaN,NaN,0,0,0,0,0,0,0,8,0.17,0
10/07/2025,04,5GNR,Central Texas,137,Austin,SCHZ,1379449,COTA,3605,NaN,0,0,100,0,0,0,0,NaN,0,0.01,50,NaN,0,0,0,NaN,0,0,0,NaN,NaN,NaN,NaN,NaN,NaN,NaN,NaN,NaN,0,0,NaN,0,0,NaN,NaN,NaN,NaN,NaN,0,NaN,0,NaN,NaN,NaN,NaN,0,0,0,0,0,NaN,0,0,0,0
10/07/2025,04,5GNR,Central Texas,137,Austin,SCHZ,1379449,COTA,3606,25,1,4,100,4,4,4.5,0,NaN,0,0,1.9,38.24,7.21,8.06,0,0,0.05,0.93,0,3.38,0,NaN,0,0,NaN,NaN,NaN,NaN,0,0,NaN,0,0,NaN,NaN,NaN,NaN,NaN,0,NaN,0,NaN,NaN,NaN,NaN,0,0,0,0,0,0,0,2,4.43,0
10/07/2025,04,5GNR,Central Texas,137,Austin,SCHZ,1379449,COTA,3607,NaN,0,0,100,0,0,10.43,0,NaN,0,0,0.18,0,7.54,10.69,0,NaN,0,2.47,0.01,2.89,0,NaN,0,0,NaN,NaN,NaN,NaN,0,0,NaN,0,0,NaN,NaN,NaN,NaN,NaN,0,NaN,0,NaN,NaN,NaN,NaN,0,0,0,0,0,0,0,73,9.98,0
10/07/2025,04,5GNR,Central Texas,137,Austin,SCHZ,1379449,COTA,3608,0,0,29,100,31,31,22.15,0.01,119.1,0,0,0.3,3.74,8.42,12.11,18.9,0,0.74,2.65,0.01,0.86,0,NaN,0,0,NaN,NaN,NaN,NaN,0,0,NaN,0,0,NaN,NaN,NaN,NaN,NaN,0,NaN,0,NaN,NaN,NaN,NaN,0,0,0,0,0,0,0,150,21.47,0
10/07/2025,04,5GNR,Central Texas,137,Austin,SCHZ,1379449,COTA,3609,33.33,1,3,100,3,3,0.02,0,16.38,0,0,1,66.67,7.14,10.57,0.01,0,0.01,0.04,0,0.69,0,NaN,0,0,NaN,NaN,NaN,NaN,0,0,NaN,0,0,NaN,NaN,NaN,NaN,NaN,0,NaN,0,NaN,NaN,NaN,NaN,0,0,0,0,0,0,0,1,0.01,0
10/07/2025,04,5GNR,Central Texas,137,Austin,SCHZ,1379449,COTA,3610,NaN,0,0,100,0,0,0,0,NaN,0,0,NaN,NaN,0,0,0,NaN,0,0,0,NaN,NaN,NaN,NaN,NaN,NaN,NaN,NaN,NaN,0,0,NaN,0,0,NaN,NaN,NaN,NaN,NaN,0,NaN,0,NaN,NaN,NaN,NaN,0,0,0,0,0,NaN,0,0,0,0
10/07/2025,04,5GNR,Central Texas,137,Austin,SCHZ,1379449,DKR_DAS,3283,NaN,0,0,100,0,0,0,0,NaN,0,0,9.09,NaN,0,0,0,NaN,0,0,0,NaN,NaN,NaN,NaN,NaN,NaN,NaN,NaN,NaN,0,0,NaN,0,0,NaN,NaN,NaN,NaN,NaN,0,NaN,0,NaN,NaN,NaN,NaN,0,0,0,0,0,NaN,0,0,0,0
10/07/2025,04,5GNR,Central Texas,137,Austin,SCHZ,1379449,DKR_DAS,3376,0,0,82,100,86,86,98.96,0.04,45.11,0,0.01,0.08,5.88,6.85,1.41,71.12,0,11.26,19.22,0.12,0.11,2.44,NaN,0,0,NaN,NaN,NaN,NaN,0,0,NaN,0,0,NaN,NaN,NaN,NaN,NaN,0,NaN,0,NaN,NaN,NaN,NaN,0,0,0,0,0,9.09,4,44,96.88,0
10/07/2025,04,5GNR,Central Texas,137,Austin,SCHZ,1379449,DKR_DAS,3378,NaN,0,0,100,0,0,0,0,NaN,0,0.04,56.5,NaN,0,0,0,NaN,0,0,0,NaN,NaN,NaN,NaN,NaN,NaN,NaN,NaN,NaN,0,0,NaN,0,0,NaN,NaN,NaN,NaN,NaN,0,NaN,0,NaN,NaN,NaN,NaN,0,0,0,0,0,NaN,0,0,0,0
10/07/2025,04,5GNR,Central Texas,137,Austin,SCHZ,1379449,DKR_DAS,3379,1.33,1,75,100,75,75,11.53,0.01,44.35,0,0.03,4.66,0,12.53,6.61,7.15,0,0.67,1.97,0.01,1.83,0,NaN,0,0,NaN,NaN,NaN,NaN,0,0,NaN,0,0,NaN,NaN,NaN,NaN,NaN,0,NaN,0,NaN,NaN,NaN,NaN,0,0,0,0,0,0,0,23,11.42,0
10/07/2025,04,5GNR,Central Texas,137,Austin,SCHZ,1379449,DKR_DAS,3386,NaN,0,0,100,0,0,0,0,NaN,0,0,17.24,NaN,0,0,0,NaN,0,0,0,NaN,NaN,NaN,NaN,NaN,NaN,NaN,NaN,NaN,0,0,NaN,0,0,NaN,NaN,NaN,NaN,NaN,0,NaN,0,NaN,NaN,NaN,NaN,0,0,0,0,0,NaN,0,0,0,0
10/07/2025,04,5GNR,Central Texas,137,Austin,SCHZ,1379449,DKR_DAS,3497,36.36,4,11,100,8,8,104.94,0.01,194.91,0,0,0.07,NaN,6.56,3.03,9.27,0,0.12,9.04,0.07,0.41,0,NaN,0,0,NaN,NaN,NaN,NaN,0,0,NaN,0,0,NaN,NaN,NaN,NaN,NaN,0,NaN,0,NaN,NaN,NaN,NaN,0,0,0,0,0,0,0,63,101.88,0
10/07/2025,04,5GNR,Central Texas,137,Austin,SCHZ,1379449,DKR_DAS,3498,NaN,0,0,100,0,0,0,0,NaN,0,14.67,80.22,NaN,0,0,0,NaN,0,0,0.12,NaN,NaN,NaN,NaN,NaN,NaN,NaN,NaN,NaN,0,0,NaN,0,0,NaN,NaN,NaN,NaN,NaN,0,NaN,0,NaN,NaN,NaN,NaN,0,0,0,0,0,NaN,0,0,0,0
10/07/2025,04,5GNR,Central Texas,137,Austin,SCHZ,1379449,DKR_DAS,3499,0,0,11,100,6,6,26.43,0.01,68.59,0,0,0,NaN,7.46,3.25,26.08,0,0.21,0.49,0,2.28,0,NaN,0,0,NaN,NaN,NaN,NaN,0,0,NaN,0,0,NaN,NaN,NaN,NaN,NaN,0,NaN,0,NaN,NaN,NaN,NaN,0,0,0,0,0,0,0,10,26.34,0
10/07/2025,04,5GNR,Central Texas,137,Austin,SCHZ,1379449,DKR_DAS,3500,0,0,42,66.67,40,40,89.19,0.19,31.43,0,0,0.05,0,7.55,3.54,88.44,0,1.7,2.21,0.02,0.82,NaN,NaN,NaN,NaN,NaN,NaN,NaN,NaN,0,0,NaN,0,0,NaN,NaN,NaN,NaN,NaN,0,NaN,0,NaN,NaN,NaN,NaN,0,0,0,0,0,NaN,0,0,88.44,0
10/07/2025,04,5GNR,Central Texas,137,Austin,SCHZ,1379449,DKR_DAS,3501,20,1,5,100,7,7,15.95,0.01,55.81,0,0,0.13,NaN,7.85,6.15,15.84,0,0.4,0.47,0,4.21,NaN,NaN,NaN,NaN,NaN,NaN,NaN,NaN,0,0,NaN,0,0,NaN,NaN,NaN,NaN,NaN,0,NaN,0,NaN,NaN,NaN,NaN,0,0,0,0,0,NaN,0,0,15.84,0
10/07/2025,04,5GNR,Central Texas,137,Austin,SCHZ,1379449,HILTON_CONV_CENTER_IBRD_SC,3659,96.43,27,28,100,27,27,6.94,0,NaN,0,2.04,65.66,NaN,5.52,5,0,0,0,0.63,0.03,0.25,0,NaN,NaN,NaN,NaN,NaN,NaN,NaN,0,0,NaN,0,0,NaN,NaN,NaN,NaN,NaN,0,NaN,0,NaN,NaN,NaN,NaN,0,0,0,0,0,NaN,0,0,6.81,0
10/07/2025,04,5GNR,Central Texas,137,Austin,SCHZ,1379449,TX_CHILDREN_HOSPITAL_IBRD,3867,8.98,15,167,100,162,162,2922.44,2.92,24.56,0.06,0.1,0.24,0.52,7.49,6.25,2433.21,0,167.94,255.83,1.32,6.85,0,NaN,0,5.83,0,NaN,0,NaN,0,0,NaN,0,0,NaN,NaN,NaN,NaN,NaN,0,NaN,0,NaN,NaN,NaN,NaN,0,0,0,0,0,2.99,5,167,2927.13,0
10/07/2025,04,5GNR,Central Texas,137,Austin,SCHZ,1379449,UT_AUSTIN_FORTY_ARENA,2646,NaN,0,0,100,0,0,0,0,NaN,0,0,NaN,NaN,0,0,0,NaN,0,0,0,NaN,NaN,NaN,NaN,NaN,NaN,NaN,NaN,NaN,0,0,NaN,0,0,NaN,NaN,NaN,NaN,NaN,0,NaN,0,NaN,NaN,NaN,NaN,0,0,0,0,0,NaN,0,0,0,0
10/07/2025,04,5GNR,Central Texas,137,Austin,SCHZ,1379449,UT_AUSTIN_FORTY_ARENA,2647,NaN,0,0,100,0,0,0,0,NaN,0,0,NaN,NaN,0,0,0,NaN,0,0,0,NaN,NaN,NaN,NaN,NaN,NaN,NaN,NaN,NaN,0,0,NaN,0,0,NaN,NaN,NaN,NaN,NaN,0,NaN,0,NaN,NaN,NaN,NaN,0,0,0,0,0,NaN,0,0,0,0
10/07/2025,04,5GNR,Central Texas,137,Austin,SCHZ,1379449,UT_AUSTIN_FORTY_ARENA,2648,NaN,0,0,100,0,0,0.03,0,NaN,0,0,1.24,NaN,-4.96,-0.05,0,NaN,0,0.18,0,1.78,NaN,NaN,0,0,NaN,NaN,NaN,NaN,0,0,NaN,0,0,NaN,NaN,NaN,NaN,NaN,0,NaN,0,NaN,NaN,NaN,NaN,0,0,0,0,0,75,3,4,0,0
10/07/2025,04,5GNR,Central Texas,137,Austin,SCHZ,1379449,UT_AUSTIN_FORTY_ARENA,2649,NaN,0,0,100,0,0,0,0,NaN,0,0,NaN,NaN,0,0,0,NaN,0,0,0,NaN,NaN,NaN,NaN,NaN,NaN,NaN,NaN,NaN,0,0,NaN,0,0,NaN,NaN,NaN,NaN,NaN,0,NaN,0,NaN,NaN,NaN,NaN,0,0,0,0,0,NaN,0,0,0,0
10/07/2025,04,5GNR,Central Texas,137,Austin,SCHZ,1379449,UT_AUSTIN_FORTY_ARENA,3646,79.17,19,24,100,20,20,0,0,NaN,0,0,11.11,NaN,-5.44,6.43,0,0,0,0,0,NaN,NaN,NaN,0,50,NaN,NaN,NaN,NaN,0,0,NaN,0,0,NaN,NaN,NaN,NaN,NaN,0,NaN,0,NaN,NaN,NaN,NaN,0,0,0,0,0,NaN,0,0,0,0
10/07/2025,04,5GNR,Central Texas,137,Austin,SCHZ,1379449,UT_AUSTIN_FORTY_ARENA,3647,50,53,106,100,53,53,0,0,NaN,0,0,0,NaN,0,0,0,0,0,0,0,NaN,NaN,NaN,NaN,NaN,NaN,NaN,NaN,NaN,0,0,NaN,0,0,NaN,NaN,NaN,NaN,NaN,0,NaN,0,NaN,NaN,NaN,NaN,0,0,0,0,0,NaN,0,0,0,0
10/07/2025,04,5GNR,Central Texas,137,Austin,SCHZ,1379449,UT_AUSTIN_FORTY_ARENA,3648,0,0,2,100,2,2,0.01,0,NaN,0,0,0,NaN,6.3,10.67,0.01,0,0.04,0.05,0,13.11,NaN,NaN,NaN,NaN,NaN,NaN,NaN,NaN,0,0,NaN,0,0,NaN,NaN,NaN,NaN,NaN,0,NaN,0,NaN,NaN,NaN,NaN,0,0,0,0,0,NaN,0,0,0.01,0
10/07/2025,04,5GNR,Central Texas,137,Austin,SCHZ,1379449,UT_AUSTIN_FORTY_ARENA,3649,0,0,6,100,6,6,2.86,0,27.57,0,0,0,NaN,8.84,7.37,2.83,0,0.13,0.16,0,1.26,NaN,NaN,NaN,NaN,NaN,NaN,NaN,NaN,0,0,NaN,0,0,NaN,NaN,NaN,NaN,NaN,0,NaN,0,NaN,NaN,NaN,NaN,0,0,0,0,0,NaN,0,0,2.83,0
10/07/2025,04,5GNR,Central Texas,137,Austin,SCHZ,1379405,LOOKOUT,2324,0.42,1,239,NaN,106,106,0,NaN,NaN,NaN,NaN,NaN,NaN,0,0,0,0,0,0,NaN,NaN,2.95,NaN,0,0,NaN,NaN,NaN,NaN,0,0,NaN,0,0,NaN,NaN,NaN,NaN,NaN,NaN,NaN,NaN,NaN,NaN,NaN,NaN,0,0,0,0,0,0,0,1031,0,0
10/07/2025,04,5GNR,Central Texas,137,Austin,SCHZ,1379406,MEINZER_ST,3367,0.22,5,2267,NaN,1488,1488,0,NaN,NaN,NaN,NaN,NaN,NaN,0,0,0,0,0,0,NaN,NaN,0.4,NaN,0,0.1,0,NaN,0,0,2,0,0,2,0,NaN,NaN,NaN,NaN,NaN,NaN,NaN,NaN,NaN,11.54,NaN,0,0.3,0.01,0,0,0,0.03,1,3227,0,0
10/07/2025,04,5GNR,Central Texas,137,Austin,SCHZ,1379406,WEST_NTX_RELO,2470,0.7,3,430,NaN,211,211,0,NaN,NaN,NaN,NaN,NaN,NaN,0,0,0,0,0,0,NaN,NaN,2.17,NaN,0,0.11,NaN,NaN,NaN,NaN,0,0,NaN,0,0,NaN,NaN,NaN,NaN,NaN,NaN,NaN,NaN,NaN,NaN,NaN,NaN,0,0,0,0,0,0,0,858,0,0
10/07/2025,04,5GNR,Central Texas,137,Austin,SCHZ,1370404,_E_CSR_CHVEZ_SC,0022,NaN,0,0,0,0,0,0,NaN,NaN,NaN,NaN,NaN,NaN,0,0,0,NaN,0,0,NaN,NaN,NaN,NaN,NaN,NaN,NaN,NaN,NaN,NaN,0,0,NaN,0,0,NaN,NaN,NaN,NaN,NaN,NaN,NaN,NaN,NaN,NaN,NaN,NaN,0,0,0,0,0,NaN,0,0,0,0
10/07/2025,04,5GNR,Central Texas,137,Austin,SCHZ,1370404,_E_CSR_CHVEZ_SC,0023,NaN,0,0,0,0,0,0,NaN,NaN,NaN,NaN,NaN,NaN,0,0,0,NaN,0,0,NaN,NaN,NaN,NaN,NaN,NaN,NaN,NaN,NaN,NaN,0,0,NaN,0,0,NaN,NaN,NaN,NaN,NaN,NaN,NaN,NaN,NaN,NaN,NaN,NaN,0,0,0,0,0,NaN,0,0,0,0
10/07/2025,04,5GNR,Central Texas,137,Austin,SCHZ,1379400,BERGSTROM_EAST_AUSTX,2760,NaN,0,0,0,0,0,0,NaN,NaN,NaN,NaN,NaN,NaN,0,0,0,NaN,0,0,NaN,NaN,NaN,NaN,NaN,NaN,NaN,NaN,NaN,NaN,0,0,NaN,0,0,NaN,NaN,NaN,NaN,NaN,NaN,NaN,NaN,NaN,NaN,NaN,NaN,0,0,0,0,0,NaN,0,0,0,0
10/07/2025,04,5GNR,Central Texas,137,Austin,SCHZ,1379400,CLEAN_LTE_AUSTIN_CONVENTION_CENTER,2340,NaN,0,0,0,0,0,0,NaN,NaN,NaN,NaN,NaN,NaN,0,0,0,NaN,0,0,NaN,NaN,NaN,NaN,NaN,NaN,NaN,NaN,NaN,NaN,0,0,NaN,0,0,NaN,NaN,NaN,NaN,NaN,NaN,NaN,NaN,NaN,NaN,NaN,NaN,0,0,0,0,0,NaN,0,0,0,0
10/07/2025,04,5GNR,Central Texas,137,Austin,SCHZ,1379400,CORAZON,2848,NaN,0,0,0,0,0,0,NaN,NaN,NaN,NaN,NaN,NaN,0,0,0,NaN,0,0,NaN,NaN,NaN,NaN,NaN,NaN,NaN,NaN,NaN,NaN,0,0,NaN,0,0,NaN,NaN,NaN,NaN,NaN,NaN,NaN,NaN,NaN,NaN,NaN,NaN,0,0,0,0,0,NaN,0,0,0,0
10/07/2025,04,5GNR,Central Texas,137,Austin,SCHZ,1379400,DUNCAN_PARK,2342,NaN,0,0,0,0,0,0,NaN,NaN,NaN,NaN,NaN,NaN,0,0,0,NaN,0,0,NaN,NaN,NaN,NaN,NaN,NaN,NaN,NaN,NaN,NaN,0,0,NaN,0,0,NaN,NaN,NaN,NaN,NaN,NaN,NaN,NaN,NaN,NaN,NaN,NaN,0,0,0,0,0,NaN,0,0,0,0
10/07/2025,04,5GNR,Central Texas,137,Austin,SCHZ,1379400,GROW_SHOAL_CREEK_ACC,3814,NaN,0,0,0,0,0,0,NaN,NaN,NaN,NaN,NaN,NaN,0,0,0,NaN,0,0,NaN,NaN,NaN,NaN,NaN,NaN,NaN,NaN,NaN,NaN,0,0,NaN,0,0,NaN,NaN,NaN,NaN,NaN,NaN,NaN,NaN,NaN,NaN,NaN,NaN,0,0,0,0,0,NaN,0,0,0,0
10/07/2025,04,5GNR,Central Texas,137,Austin,SCHZ,1379400,LONGHORN_N13,3679,NaN,0,0,0,0,0,0,NaN,NaN,NaN,NaN,NaN,NaN,0,0,0,NaN,0,0,NaN,NaN,NaN,NaN,NaN,NaN,NaN,NaN,NaN,NaN,0,0,NaN,0,0,NaN,NaN,NaN,NaN,NaN,NaN,NaN,NaN,NaN,NaN,NaN,NaN,0,0,0,0,0,NaN,0,0,0,0
10/07/2025,04,5GNR,Central Texas,137,Austin,SCHZ,1379400,_AUDITORIUM_SHORES,3924,NaN,0,0,0,0,0,0,NaN,NaN,NaN,NaN,NaN,NaN,0,0,0,NaN,0,0,NaN,NaN,NaN,NaN,NaN,NaN,NaN,NaN,NaN,NaN,0,0,NaN,0,0,NaN,NaN,NaN,NaN,NaN,NaN,NaN,NaN,NaN,NaN,NaN,NaN,0,0,0,0,0,NaN,0,0,0,0
10/07/2025,04,5GNR,Central Texas,137,Austin,SCHZ,1379400,_AUSTIN_CONVENTION_CENTER,3340,NaN,0,0,0,0,0,0,NaN,NaN,NaN,NaN,NaN,NaN,0,0,0,NaN,0,0,NaN,NaN,NaN,NaN,NaN,NaN,NaN,NaN,NaN,NaN,0,0,NaN,0,0,NaN,NaN,NaN,NaN,NaN,NaN,NaN,NaN,NaN,NaN,NaN,NaN,0,0,0,0,0,NaN,0,0,0,0
10/07/2025,04,5GNR,Central Texas,137,Austin,SCHZ,1379400,_RED_RIVER,3024,NaN,0,0,0,0,0,0,NaN,NaN,NaN,NaN,NaN,NaN,0,0,0,NaN,0,0,NaN,NaN,NaN,NaN,NaN,NaN,NaN,NaN,NaN,NaN,0,0,NaN,0,0,NaN,NaN,NaN,NaN,NaN,NaN,NaN,NaN,NaN,NaN,NaN,NaN,0,0,0,0,0,NaN,0,0,0,0
10/07/2025,04,5GNR,Central Texas,137,Austin,SCHZ,1379400,_WHEATSVILLE,3589,NaN,0,0,0,0,0,0,NaN,NaN,NaN,NaN,NaN,NaN,0,0,0,NaN,0,0,NaN,NaN,NaN,NaN,NaN,NaN,NaN,NaN,NaN,NaN,0,0,NaN,0,0,NaN,NaN,NaN,NaN,NaN,NaN,NaN,NaN,NaN,NaN,NaN,NaN,0,0,0,0,0,NaN,0,0,0,0
10/07/2025,04,5GNR,Central Texas,137,Austin,SCHZ,1379401,HUDSON_BEND_ATX,2994,NaN,0,0,0,0,0,0,NaN,NaN,NaN,NaN,NaN,NaN,0,0,0,NaN,0,0,NaN,NaN,NaN,NaN,NaN,NaN,NaN,NaN,NaN,NaN,0,0,NaN,0,0,NaN,NaN,NaN,NaN,NaN,NaN,NaN,NaN,NaN,NaN,NaN,NaN,0,0,0,0,0,NaN,0,0,0,0
10/07/2025,04,5GNR,Central Texas,137,Austin,SCHZ,1379401,PACE_BEND_II,2115,NaN,0,0,0,0,0,0,NaN,NaN,NaN,NaN,NaN,NaN,0,0,0,NaN,0,0,NaN,NaN,NaN,NaN,NaN,NaN,NaN,NaN,NaN,NaN,0,0,NaN,0,0,NaN,NaN,NaN,NaN,NaN,NaN,NaN,NaN,NaN,NaN,NaN,NaN,0,0,0,0,0,NaN,0,0,0,0
10/07/2025,04,5GNR,Central Texas,137,Austin,SCHZ,1379401,THURMAN_BEND,2021,NaN,0,0,0,0,0,0,NaN,NaN,NaN,NaN,NaN,NaN,0,0,0,NaN,0,0,NaN,NaN,NaN,NaN,NaN,NaN,NaN,NaN,NaN,NaN,0,0,NaN,0,0,NaN,NaN,NaN,NaN,NaN,NaN,NaN,NaN,NaN,NaN,NaN,NaN,0,0,0,0,0,NaN,0,0,0,0
10/07/2025,04,5GNR,Central Texas,137,Austin,SCHZ,1379401,WHITESTONE,2090,NaN,0,0,0,0,0,0,NaN,NaN,NaN,NaN,NaN,NaN,0,0,0,NaN,0,0,NaN,NaN,NaN,NaN,NaN,NaN,NaN,NaN,NaN,NaN,0,0,NaN,0,0,NaN,NaN,NaN,NaN,NaN,NaN,NaN,NaN,NaN,NaN,NaN,NaN,0,0,0,0,0,NaN,0,0,0,0
10/07/2025,04,5GNR,Central Texas,137,Austin,SCHZ,1379401,_437329_4G5G_ROCK_ROSE_SC,2329,NaN,0,0,0,0,0,0,NaN,NaN,NaN,NaN,NaN,NaN,0,0,0,NaN,0,0,NaN,NaN,NaN,NaN,NaN,NaN,NaN,NaN,NaN,NaN,0,0,NaN,0,0,NaN,NaN,NaN,NaN,NaN,NaN,NaN,NaN,NaN,NaN,NaN,NaN,0,0,0,0,0,NaN,0,0,0,0
10/07/2025,04,5GNR,Central Texas,137,Austin,SCHZ,1379401,_BARTON_CREEK,3079,NaN,0,0,0,0,0,0,NaN,NaN,NaN,NaN,NaN,NaN,0,0,0,NaN,0,0,NaN,NaN,NaN,NaN,NaN,NaN,NaN,NaN,NaN,NaN,0,0,NaN,0,0,NaN,NaN,NaN,NaN,NaN,NaN,NaN,NaN,NaN,NaN,NaN,NaN,0,0,0,0,0,NaN,0,0,0,0
10/07/2025,04,5GNR,Central Texas,137,Austin,SCHZ,1379402,KYLE_WINDMILL_STX,2722,NaN,0,0,0,0,0,0,NaN,NaN,NaN,NaN,NaN,NaN,0,0,0,NaN,0,0,NaN,NaN,NaN,NaN,NaN,NaN,NaN,NaN,NaN,NaN,0,0,NaN,0,0,NaN,NaN,NaN,NaN,NaN,NaN,NaN,NaN,NaN,NaN,NaN,NaN,0,0,0,0,0,NaN,0,0,0,0
10/07/2025,04,5GNR,Central Texas,137,Austin,SCHZ,1379402,_KTW_ROUND_MOUNTAIN,3535,NaN,0,0,0,0,0,0,NaN,NaN,NaN,NaN,NaN,NaN,0,0,0,NaN,0,0,NaN,NaN,NaN,NaN,NaN,NaN,NaN,NaN,NaN,NaN,0,0,NaN,0,0,NaN,NaN,NaN,NaN,NaN,NaN,NaN,NaN,NaN,NaN,NaN,NaN,0,0,0,0,0,NaN,0,0,0,0
10/07/2025,04,5GNR,Central Texas,137,Austin,SCHZ,1379402,_WOODCREEK,3223,NaN,0,0,0,0,0,0,NaN,NaN,NaN,NaN,NaN,NaN,0,0,0,NaN,0,0,NaN,NaN,NaN,NaN,NaN,NaN,NaN,NaN,NaN,NaN,0,0,NaN,0,0,NaN,NaN,NaN,NaN,NaN,NaN,NaN,NaN,NaN,NaN,NaN,NaN,0,0,0,0,0,NaN,0,0,0,0
10/07/2025,04,5GNR,Central Texas,137,Austin,SCHZ,1379403,GROW_137830_4G5G_ELGIN_WEST,2830,NaN,0,0,0,0,0,0,NaN,NaN,NaN,NaN,NaN,NaN,0,0,0,NaN,0,0,NaN,NaN,NaN,NaN,NaN,NaN,NaN,NaN,NaN,NaN,0,0,NaN,0,0,NaN,NaN,NaN,NaN,NaN,NaN,NaN,NaN,NaN,NaN,NaN,NaN,0,0,0,0,0,NaN,0,0,0,0
10/07/2025,04,5GNR,Central Texas,137,Austin,SCHZ,1379403,RUTLAND,2078,NaN,0,0,0,0,0,0,NaN,NaN,NaN,NaN,NaN,NaN,0,0,0,NaN,0,0,NaN,NaN,NaN,NaN,NaN,NaN,NaN,NaN,NaN,NaN,0,0,NaN,0,0,NaN,NaN,NaN,NaN,NaN,NaN,NaN,NaN,NaN,NaN,NaN,NaN,0,0,0,0,0,NaN,0,0,0,0
10/07/2025,04,5GNR,Central Texas,137,Austin,SCHZ,1379403,SAUNDERS,2010,NaN,0,0,0,0,0,0,NaN,NaN,NaN,NaN,NaN,NaN,0,0,0,NaN,0,0,NaN,NaN,NaN,NaN,NaN,NaN,NaN,NaN,NaN,NaN,0,0,NaN,0,0,NaN,NaN,NaN,NaN,NaN,NaN,NaN,NaN,NaN,NaN,NaN,NaN,0,0,0,0,0,NaN,0,0,0,0
10/07/2025,04,5GNR,Central Texas,137,Austin,SCHZ,1379403,TAYLOR_DOWNTOWN,2274,NaN,0,0,0,0,0,0,NaN,NaN,NaN,NaN,NaN,NaN,0,0,0,NaN,0,0,NaN,NaN,NaN,NaN,NaN,NaN,NaN,NaN,NaN,NaN,0,0,NaN,0,0,NaN,NaN,NaN,NaN,NaN,NaN,NaN,NaN,NaN,NaN,NaN,NaN,0,0,0,0,0,NaN,0,0,0,0
10/07/2025,04,5GNR,Central Texas,137,Austin,SCHZ,1379403,_THORNDALE,3466,NaN,0,0,0,0,0,0,NaN,NaN,NaN,NaN,NaN,NaN,0,0,0,NaN,0,0,NaN,NaN,NaN,NaN,NaN,NaN,NaN,NaN,NaN,NaN,0,0,NaN,0,0,NaN,NaN,NaN,NaN,NaN,NaN,NaN,NaN,NaN,NaN,NaN,NaN,0,0,0,0,0,NaN,0,0,0,0
10/07/2025,04,5GNR,Central Texas,137,Austin,SCHZ,1379404,137413_4G5G_LT_CHILTON,2413,NaN,0,0,0,0,0,0,NaN,NaN,NaN,NaN,NaN,NaN,0,0,0,NaN,0,0,NaN,NaN,NaN,NaN,NaN,NaN,NaN,NaN,NaN,NaN,0,0,NaN,0,0,NaN,NaN,NaN,NaN,NaN,NaN,NaN,NaN,NaN,NaN,NaN,NaN,0,0,0,0,0,NaN,0,0,0,0
10/07/2025,04,5GNR,Central Texas,137,Austin,SCHZ,1379404,_CORYELL_NORTH,3416,NaN,0,0,0,0,0,0,NaN,NaN,NaN,NaN,NaN,NaN,0,0,0,NaN,0,0,NaN,NaN,NaN,NaN,NaN,NaN,NaN,NaN,NaN,NaN,0,0,NaN,0,0,NaN,NaN,NaN,NaN,NaN,NaN,NaN,NaN,NaN,NaN,NaN,NaN,0,0,0,0,0,NaN,0,0,0,0
10/07/2025,04,5GNR,Central Texas,137,Austin,SCHZ,1379404,_HOLLAND,3429,NaN,0,0,0,0,0,0,NaN,NaN,NaN,NaN,NaN,NaN,0,0,0,NaN,0,0,NaN,NaN,NaN,NaN,NaN,NaN,NaN,NaN,NaN,NaN,0,0,NaN,0,0,NaN,NaN,NaN,NaN,NaN,NaN,NaN,NaN,NaN,NaN,NaN,NaN,0,0,0,0,0,NaN,0,0,0,0
10/07/2025,04,5GNR,Central Texas,137,Austin,SCHZ,1379404,_LOTT,3436,NaN,0,0,0,0,0,0,NaN,NaN,NaN,NaN,NaN,NaN,0,0,0,NaN,0,0,NaN,NaN,NaN,NaN,NaN,NaN,NaN,NaN,NaN,NaN,0,0,NaN,0,0,NaN,NaN,NaN,NaN,NaN,NaN,NaN,NaN,NaN,NaN,NaN,NaN,0,0,0,0,0,NaN,0,0,0,0
10/07/2025,04,5GNR,Central Texas,137,Austin,SCHZ,1379405,137424_4G5G_LT_GREGG,2424,NaN,0,0,0,0,0,0,NaN,NaN,NaN,NaN,NaN,NaN,0,0,0,NaN,0,0,NaN,NaN,NaN,NaN,NaN,NaN,NaN,NaN,NaN,NaN,0,0,NaN,0,0,NaN,NaN,NaN,NaN,NaN,NaN,NaN,NaN,NaN,NaN,NaN,NaN,0,0,0,0,0,NaN,0,0,0,0
10/07/2025,04,5GNR,Central Texas,137,Austin,SCHZ,1379405,GROW_HICKORY_CREEK,3116,NaN,0,0,0,0,0,0,NaN,NaN,NaN,NaN,NaN,NaN,0,0,0,NaN,0,0,NaN,NaN,NaN,NaN,NaN,NaN,NaN,NaN,NaN,NaN,0,0,NaN,0,0,NaN,NaN,NaN,NaN,NaN,NaN,NaN,NaN,NaN,NaN,NaN,NaN,0,0,0,0,0,NaN,0,0,0,0
10/07/2025,04,5GNR,Central Texas,137,Austin,SCHZ,1379405,MCNAIR_VILLAGE,2363,NaN,0,0,0,0,0,0,NaN,NaN,NaN,NaN,NaN,NaN,0,0,0,NaN,0,0,NaN,NaN,NaN,NaN,NaN,NaN,NaN,NaN,NaN,NaN,0,0,NaN,0,0,NaN,NaN,NaN,NaN,NaN,NaN,NaN,NaN,NaN,NaN,NaN,NaN,0,0,0,0,0,NaN,0,0,0,0
10/07/2025,04,5GNR,Central Texas,137,Austin,SCHZ,1379405,RICHLAND_SPRINGS_WCW,2771,NaN,0,0,0,0,0,0,NaN,NaN,NaN,NaN,NaN,NaN,0,0,0,NaN,0,0,NaN,NaN,NaN,NaN,NaN,NaN,NaN,NaN,NaN,NaN,0,0,NaN,0,0,NaN,NaN,NaN,NaN,NaN,NaN,NaN,NaN,NaN,NaN,NaN,NaN,0,0,0,0,0,NaN,0,0,0,0
10/07/2025,04,5GNR,Central Texas,137,Austin,SCHZ,1379405,W_GOLDTHWAITE_WCW,2705,NaN,0,0,0,0,0,0,NaN,NaN,NaN,NaN,NaN,NaN,0,0,0,NaN,0,0,NaN,NaN,NaN,NaN,NaN,NaN,NaN,NaN,NaN,NaN,0,0,NaN,0,0,NaN,NaN,NaN,NaN,NaN,NaN,NaN,NaN,NaN,NaN,NaN,NaN,0,0,0,0,0,NaN,0,0,0,0
10/07/2025,04,5GNR,Central Texas,137,Austin,SCHZ,1379405,_COPPERAS_SOUTH,3578,NaN,0,0,0,0,0,0,NaN,NaN,NaN,NaN,NaN,NaN,0,0,0,NaN,0,0,NaN,NaN,NaN,NaN,NaN,NaN,NaN,NaN,NaN,NaN,0,0,NaN,0,0,NaN,NaN,NaN,NaN,NaN,NaN,NaN,NaN,NaN,NaN,NaN,NaN,0,0,0,0,0,NaN,0,0,0,0
10/07/2025,04,5GNR,Central Texas,137,Austin,SCHZ,1379405,_KTW_OGLETREE_GAP,3528,NaN,0,0,0,0,0,0,NaN,NaN,NaN,NaN,NaN,NaN,0,0,0,NaN,0,0,NaN,NaN,NaN,NaN,NaN,NaN,NaN,NaN,NaN,NaN,0,0,NaN,0,0,NaN,NaN,NaN,NaN,NaN,NaN,NaN,NaN,NaN,NaN,NaN,NaN,0,0,0,0,0,NaN,0,0,0,0
10/07/2025,04,5GNR,Central Texas,137,Austin,SCHZ,1379405,_TWR_HILL,3792,NaN,0,0,0,0,0,0,NaN,NaN,NaN,NaN,NaN,NaN,0,0,0,NaN,0,0,NaN,NaN,NaN,NaN,NaN,NaN,NaN,NaN,NaN,NaN,0,0,NaN,0,0,NaN,NaN,NaN,NaN,NaN,NaN,NaN,NaN,NaN,NaN,NaN,NaN,0,0,0,0,0,NaN,0,0,0,0
10/07/2025,04,5GNR,Central Texas,137,Austin,SCHZ,1379406,137543_4G5G_LT_KTW_WACO_DT,2543,NaN,0,0,0,0,0,0,NaN,NaN,NaN,NaN,NaN,NaN,0,0,0,NaN,0,0,NaN,NaN,NaN,NaN,NaN,NaN,NaN,NaN,NaN,NaN,0,0,NaN,0,0,NaN,NaN,NaN,NaN,NaN,NaN,NaN,NaN,NaN,NaN,NaN,NaN,0,0,0,0,0,NaN,0,0,0,0
10/07/2025,04,5GNR,Central Texas,137,Austin,SCHZ,1379406,GROW_HERRING_AVENUE,3428,NaN,0,0,0,0,0,0,NaN,NaN,NaN,NaN,NaN,NaN,0,0,0,NaN,0,0,NaN,NaN,NaN,NaN,NaN,NaN,NaN,NaN,NaN,NaN,0,0,NaN,0,0,NaN,NaN,NaN,NaN,NaN,NaN,NaN,NaN,NaN,NaN,NaN,NaN,0,0,0,0,0,NaN,0,0,0,0
10/07/2025,04,5GNR,Central Texas,137,Austin,SCHZ,1379406,HERRING_AVENUE,2428,NaN,0,0,0,0,0,0,NaN,NaN,NaN,NaN,NaN,NaN,0,0,0,NaN,0,0,NaN,NaN,NaN,NaN,NaN,NaN,NaN,NaN,NaN,NaN,0,0,NaN,0,0,NaN,NaN,NaN,NaN,NaN,NaN,NaN,NaN,NaN,NaN,NaN,NaN,0,0,0,0,0,NaN,0,0,0,0
10/07/2025,04,5GNR,Central Texas,137,Austin,SCHZ,1379406,KTW_HAMILTON_DT_REPL,2805,NaN,0,0,0,0,0,0,NaN,NaN,NaN,NaN,NaN,NaN,0,0,0,NaN,0,0,NaN,NaN,NaN,NaN,NaN,NaN,NaN,NaN,NaN,NaN,0,0,NaN,0,0,NaN,NaN,NaN,NaN,NaN,NaN,NaN,NaN,NaN,NaN,NaN,NaN,0,0,0,0,0,NaN,0,0,0,0
10/07/2025,04,5GNR,Central Texas,137,Austin,SCHZ,1379406,KTW_WACO_LP340_N_HWY6E,3546,NaN,0,0,0,0,0,0,NaN,NaN,NaN,NaN,NaN,NaN,0,0,0,NaN,0,0,NaN,NaN,NaN,NaN,NaN,NaN,NaN,NaN,NaN,NaN,0,0,NaN,0,0,NaN,NaN,NaN,NaN,NaN,NaN,NaN,NaN,NaN,NaN,NaN,NaN,0,0,0,0,0,NaN,0,0,0,0
10/07/2025,04,5GNR,Central Texas,137,Austin,SCHZ,1379406,THORNTON,2806,NaN,0,0,0,0,0,0,NaN,NaN,NaN,NaN,NaN,NaN,0,0,0,NaN,0,0,NaN,NaN,NaN,NaN,NaN,NaN,NaN,NaN,NaN,NaN,0,0,NaN,0,0,NaN,NaN,NaN,NaN,NaN,NaN,NaN,NaN,NaN,NaN,NaN,NaN,0,0,0,0,0,NaN,0,0,0,0
10/07/2025,04,5GNR,Central Texas,137,Austin,SCHZ,1379406,TX_COMANCHE,2919,NaN,0,0,0,0,0,0,NaN,NaN,NaN,NaN,NaN,NaN,0,0,0,NaN,0,0,NaN,NaN,NaN,NaN,NaN,NaN,NaN,NaN,NaN,NaN,0,0,NaN,0,0,NaN,NaN,NaN,NaN,NaN,NaN,NaN,NaN,NaN,NaN,NaN,NaN,0,0,0,0,0,NaN,0,0,0,0
10/07/2025,04,5GNR,Central Texas,137,Austin,SCHZ,1379406,_KTW_VALLEY_MILLS,3542,NaN,0,0,0,0,0,0,NaN,NaN,NaN,NaN,NaN,NaN,0,0,0,NaN,0,0,NaN,NaN,NaN,NaN,NaN,NaN,NaN,NaN,NaN,NaN,0,0,NaN,0,0,NaN,NaN,NaN,NaN,NaN,NaN,NaN,NaN,NaN,NaN,NaN,NaN,0,0,0,0,0,NaN,0,0,0,0
10/07/2025,04,5GNR,Central Texas,137,Austin,SCHZ,1379406,_KTW_WACO_DT,3543,NaN,0,0,0,0,0,0,NaN,NaN,NaN,NaN,NaN,NaN,0,0,0,NaN,0,0,NaN,NaN,NaN,NaN,NaN,NaN,NaN,NaN,NaN,NaN,0,0,NaN,0,0,NaN,NaN,NaN,NaN,NaN,NaN,NaN,NaN,NaN,NaN,NaN,NaN,0,0,0,0,0,NaN,0,0,0,0
10/07/2025,04,5GNR,Central Texas,137,Austin,SCHZ,1379406,_SANTOS,3368,NaN,0,0,0,0,0,0,NaN,NaN,NaN,NaN,NaN,NaN,0,0,0,NaN,0,0,NaN,NaN,NaN,NaN,NaN,NaN,NaN,NaN,NaN,NaN,0,0,NaN,0,0,NaN,NaN,NaN,NaN,NaN,NaN,NaN,NaN,NaN,NaN,NaN,NaN,0,0,0,0,0,NaN,0,0,0,0
10/07/2025,04,5GNR,Central Texas,137,Austin,SCHZ,1379406,_SPRING_VALLEY_HWY,3388,NaN,0,0,0,0,0,0,NaN,NaN,NaN,NaN,NaN,NaN,0,0,0,NaN,0,0,NaN,NaN,NaN,NaN,NaN,NaN,NaN,NaN,NaN,NaN,0,0,NaN,0,0,NaN,NaN,NaN,NaN,NaN,NaN,NaN,NaN,NaN,NaN,NaN,NaN,0,0,0,0,0,NaN,0,0,0,0
10/07/2025,04,5GNR,Central Texas,137,Austin,SCHZ,1379412,_JOLIET,3229,NaN,0,0,0,0,0,0,NaN,NaN,NaN,NaN,NaN,NaN,0,0,0,NaN,0,0,NaN,NaN,NaN,NaN,NaN,NaN,NaN,NaN,NaN,NaN,0,0,NaN,0,0,NaN,NaN,NaN,NaN,NaN,NaN,NaN,NaN,NaN,NaN,NaN,NaN,0,0,0,0,0,NaN,0,0,0,0
10/07/2025,04,5GNR,Central Texas,137,Austin,SCHZ,1379412,_RUSTY_ACRES,3809,NaN,0,0,0,0,0,0,NaN,NaN,NaN,NaN,NaN,NaN,0,0,0,NaN,0,0,NaN,NaN,NaN,NaN,NaN,NaN,NaN,NaN,NaN,NaN,0,0,NaN,0,0,NaN,NaN,NaN,NaN,NaN,NaN,NaN,NaN,NaN,NaN,NaN,NaN,0,0,0,0,0,NaN,0,0,0,0
10/07/2025,04,5GNR,Central Texas,137,Austin,SCHZ,1379414,_OGLESBY,3447,NaN,0,0,0,0,0,0,NaN,NaN,NaN,NaN,NaN,NaN,0,0,0,NaN,0,0,NaN,NaN,NaN,NaN,NaN,NaN,NaN,NaN,NaN,NaN,0,0,NaN,0,0,NaN,NaN,NaN,NaN,NaN,NaN,NaN,NaN,NaN,NaN,NaN,NaN,0,0,0,0,0,NaN,0,0,0,0
10/07/2025,04,5GNR,Central Texas,137,Austin,SCHZ,1379449,_437053_4G5G_BARTON_CREEK_MALL_DAS_SC,2053,NaN,0,0,0,0,0,0,NaN,NaN,NaN,NaN,NaN,NaN,0,0,0,NaN,0,0,NaN,NaN,NaN,NaN,NaN,NaN,NaN,NaN,NaN,NaN,0,0,NaN,0,0,NaN,NaN,NaN,NaN,NaN,NaN,NaN,NaN,NaN,NaN,NaN,NaN,0,0,0,0,0,NaN,0,0,0,0
10/07/2025,04,5GNR,Central Texas,137,Austin,SCHZ,1379449,_BUSH_STATE_OFFICE_IBRD,3987,NaN,0,0,0,0,0,0,NaN,NaN,NaN,NaN,NaN,NaN,0,0,0,NaN,0,0,NaN,NaN,NaN,NaN,NaN,NaN,NaN,NaN,NaN,NaN,0,0,NaN,0,0,NaN,NaN,NaN,NaN,NaN,NaN,NaN,NaN,NaN,NaN,NaN,NaN,0,0,0,0,0,NaN,0,0,0,0
10/07/2025,04,5GNR,Central Texas,137,Austin,SCHZ,1370401,TX_AUS_CRESTVIEWEAST_009,0010,0,0,2,NaN,0,0,0,NaN,NaN,NaN,NaN,NaN,NaN,0,0,0,NaN,0,0,NaN,NaN,NaN,NaN,NaN,NaN,NaN,NaN,NaN,NaN,0,0,NaN,0,0,NaN,NaN,NaN,NaN,NaN,NaN,NaN,NaN,NaN,NaN,NaN,NaN,0,0,0,0,0,NaN,0,0,0,0
10/07/2025,04,5GNR,Central Texas,137,Austin,SCHZ,1370408,TX_AUS_METRIC_012,0041,0,0,2,NaN,1,1,0,NaN,NaN,NaN,NaN,NaN,NaN,0,0,0,0,0,0,NaN,NaN,NaN,NaN,NaN,NaN,NaN,NaN,NaN,NaN,0,0,NaN,0,0,NaN,NaN,NaN,NaN,NaN,NaN,NaN,NaN,NaN,NaN,NaN,NaN,0,0,0,0,0,NaN,0,0,0,0
10/07/2025,04,5GNR,Central Texas,137,Austin,SCHZ,1370408,TX_AUS_NLAMARE_011,0029,0,0,8,NaN,8,8,0,NaN,NaN,NaN,NaN,NaN,NaN,0,0,0,0,0,0,NaN,NaN,NaN,NaN,NaN,NaN,NaN,NaN,NaN,NaN,0,0,NaN,0,0,NaN,NaN,NaN,NaN,NaN,NaN,NaN,NaN,NaN,NaN,NaN,NaN,0,0,0,0,0,NaN,0,0,0,0
10/07/2025,04,5GNR,Central Texas,137,Austin,SCHZ,1370408,TX_AUS_NLAMARE_011,0030,1.33,1,75,NaN,81,81,0,NaN,NaN,NaN,NaN,NaN,NaN,0,0,0,0,0,0,NaN,NaN,NaN,NaN,NaN,NaN,NaN,NaN,NaN,NaN,0,0,NaN,0,0,NaN,NaN,NaN,NaN,NaN,NaN,NaN,NaN,NaN,NaN,NaN,NaN,0,0,0,0,0,NaN,0,0,0,0
10/07/2025,04,5GNR,Central Texas,137,Austin,SCHZ,1370409,TX_AUS_METRICRUNDBERG_009,0058,0,0,3,NaN,4,4,0,NaN,NaN,NaN,NaN,NaN,NaN,0,0,0,0,0,0,NaN,NaN,NaN,NaN,NaN,NaN,NaN,NaN,NaN,NaN,0,0,NaN,0,0,NaN,NaN,NaN,NaN,NaN,NaN,NaN,NaN,NaN,NaN,NaN,NaN,0,0,0,0,0,NaN,0,0,0,0
10/07/2025,04,5GNR,Central Texas,137,Austin,SCHZ,1370409,TX_AUS_METRICRUNDBERG_009,0060,0,0,4,NaN,4,4,0,NaN,NaN,NaN,NaN,NaN,NaN,0,0,0,0,0,0,NaN,NaN,NaN,NaN,NaN,NaN,NaN,NaN,NaN,NaN,0,0,NaN,0,0,NaN,NaN,NaN,NaN,NaN,NaN,NaN,NaN,NaN,NaN,NaN,NaN,0,0,0,0,0,NaN,0,0,0,0
10/07/2025,04,5GNR,Central Texas,137,Austin,SCHZ,1370405,AUSDT_91_SC,0002,NaN,0,0,NaN,0,0,0,NaN,NaN,NaN,NaN,NaN,NaN,0,0,0,NaN,0,0,NaN,NaN,NaN,NaN,NaN,NaN,NaN,NaN,NaN,NaN,0,0,NaN,0,0,NaN,NaN,NaN,NaN,NaN,NaN,NaN,NaN,NaN,NaN,NaN,NaN,0,0,0,0,0,NaN,0,0,0,0
10/07/2025,04,5GNR,Central Texas,137,Austin,SCHZ,1370409,TX_AUS_NLAMARW_016,0100,NaN,0,0,NaN,0,0,0,NaN,NaN,NaN,NaN,NaN,NaN,0,0,0,NaN,0,0,NaN,NaN,NaN,NaN,NaN,NaN,NaN,NaN,NaN,NaN,0,0,NaN,0,0,NaN,NaN,NaN,NaN,NaN,NaN,NaN,NaN,NaN,NaN,NaN,NaN,0,0,0,0,0,NaN,0,0,0,0
10/07/2025,04,5GNR,Central Texas,137,Austin,SCHZ,1370409,TX_AUS_NLAMARW_016,0101,NaN,0,0,NaN,0,0,0,NaN,NaN,NaN,NaN,NaN,NaN,0,0,0,NaN,0,0,NaN,NaN,NaN,NaN,NaN,NaN,NaN,NaN,NaN,NaN,0,0,NaN,0,0,NaN,NaN,NaN,NaN,NaN,NaN,NaN,NaN,NaN,NaN,NaN,NaN,0,0,0,0,0,NaN,0,0,0,0
10/07/2025,04,5GNR,Central Texas,137,Austin,SCHZ,1370410,TX_AUS_NLAMARW_043,0017,NaN,0,0,NaN,0,0,0,NaN,NaN,NaN,NaN,NaN,NaN,0,0,0,NaN,0,0,NaN,NaN,NaN,NaN,NaN,NaN,NaN,NaN,NaN,NaN,0,0,NaN,0,0,NaN,NaN,NaN,NaN,NaN,NaN,NaN,NaN,NaN,NaN,NaN,NaN,0,0,0,0,0,NaN,0,0,0,0
10/07/2025,04,5GNR,Central Texas,137,Austin,SCHZ,1370410,TX_AUS_NLAMARW_043,0018,NaN,0,0,NaN,0,0,0,NaN,NaN,NaN,NaN,NaN,NaN,0,0,0,NaN,0,0,NaN,NaN,NaN,NaN,NaN,NaN,NaN,NaN,NaN,NaN,0,0,NaN,0,0,NaN,NaN,NaN,NaN,NaN,NaN,NaN,NaN,NaN,NaN,NaN,NaN,0,0,0,0,0,NaN,0,0,0,0
10/07/2025,04,5GNR,Central Texas,137,Austin,SCHZ,1370401,TX_AUS_CRESTVIEWEAST_007,0007,0,0,1,NaN,1,1,0,NaN,NaN,NaN,NaN,NaN,NaN,0,0,0,0,0,0,NaN,NaN,NaN,NaN,NaN,NaN,NaN,NaN,NaN,NaN,0,0,NaN,0,0,NaN,NaN,NaN,NaN,NaN,NaN,NaN,NaN,NaN,NaN,NaN,NaN,0,0,0,0,0,NaN,0,0,0,0
10/07/2025,04,5GNR,Central Texas,137,Austin,SCHZ,1370401,TX_AUS_CRESTVIEWEAST_007,0009,0,0,2,NaN,0,0,0,NaN,NaN,NaN,NaN,NaN,NaN,0,0,0,NaN,0,0,NaN,NaN,NaN,NaN,NaN,NaN,NaN,NaN,NaN,NaN,0,0,NaN,0,0,NaN,NaN,NaN,NaN,NaN,NaN,NaN,NaN,NaN,NaN,NaN,NaN,0,0,0,0,0,NaN,0,0,0,0
10/07/2025,04,5GNR,Central Texas,137,Austin,SCHZ,1370408,TX_AUS_METRIC_012,0040,0,0,1,NaN,0,0,0,NaN,NaN,NaN,NaN,NaN,NaN,0,0,0,NaN,0,0,NaN,NaN,NaN,NaN,NaN,NaN,NaN,NaN,NaN,NaN,0,0,NaN,0,0,NaN,NaN,NaN,NaN,NaN,NaN,NaN,NaN,NaN,NaN,NaN,NaN,0,0,0,0,0,NaN,0,0,0,0
Total,*,*,*,*,*,*,*,*,*,2.1,35457,1688924,97.28,1221802,1219164,14917381.26,1.36,125.39,0.72,1.16,2.35,0.74,7.94,14.18,12223923.21,0.22,903951.93,1453192.61,1.4,4.93,0.37,100,0,0.17,0.25,NaN,0.25,NaN,3438,0.0010465724751439038,NaN,3438.0,2,NaN,915.3,NaN,NaN,NaN,0,NaN,NaN,NaN,NaN,NaN,NaN,4861.010000000003,2365.5500000000006,0,0,0,0.13,1916,1478201,1.4830866849999983E7,0
